 Time         , Voltage      , Voltage      , Voltage      , Current      , Current      , Current      , Current      , Current      , Current      , Current      
 Second       , SBUS A       , SBUS B       , SBUS C       , SBUS A       , SBUS B       , SBUS C       , FAULTA       , FAULTB       , FAULTC       , FALTBC       
              ,              ,              ,              , 25   A       , 25   B       , 25   C       ,              ,              ,              , 73   C       
 0.000000e+000, 3.390353e+003,-1.725057e+003,-1.666290e+003, 3.130518e+002,-8.366963e+001,-1.465327e+002, 0.000000e+000, 0.000000e+000, 0.000000e+000, 0.000000e+000
 5.000000e-005, 3.390572e+003,-1.669565e+003,-1.721783e+003, 3.134194e+002,-7.994164e+001,-1.506207e+002, 0.000000e+000, 0.000000e+000, 0.000000e+000, 0.000000e+000
 1.000000e-004, 3.424420e+003,-1.642996e+003,-1.786439e+003, 3.113322e+002,-7.419946e+001,-1.539976e+002, 0.000000e+000, 0.000000e+000, 0.000000e+000, 0.000000e+000
 1.500000e-004, 3.446025e+003,-1.613595e+003,-1.848946e+003, 3.051925e+002,-6.461337e+001,-1.561074e+002, 0.000000e+000, 0.000000e+000, 0.000000e+000, 0.000000e+000
 2.000000e-004, 3.441385e+003,-1.556516e+003,-1.904637e+003, 2.974330e+002,-5.316668e+001,-1.574672e+002, 0.000000e+000, 0.000000e+000, 0.000000e+000, 0.000000e+000
 2.500000e-004, 3.442856e+003,-1.505503e+003,-1.959866e+003, 2.892483e+002,-4.124406e+001,-1.584774e+002, 0.000000e+000, 0.000000e+000, 0.000000e+000, 0.000000e+000
 3.000000e-004, 3.436670e+003,-1.447962e+003,-2.012332e+003, 2.805811e+002,-2.880829e+001,-1.592626e+002, 0.000000e+000, 0.000000e+000, 0.000000e+000, 0.000000e+000
 3.500000e-004, 3.436217e+003,-1.395398e+003,-2.066185e+003, 2.714001e+002,-1.589820e+001,-1.598203e+002, 0.000000e+000, 0.000000e+000, 0.000000e+000, 0.000000e+000
 4.000000e-004, 3.431015e+003,-1.339816e+003,-2.117938e+003, 2.614786e+002,-2.319215e+000,-1.601011e+002, 0.000000e+000, 0.000000e+000, 0.000000e+000, 0.000000e+000
 4.500000e-004, 3.427648e+003,-1.285562e+003,-2.170719e+003, 2.508528e+002, 1.187461e+001,-1.600773e+002, 0.000000e+000, 0.000000e+000, 0.000000e+000, 0.000000e+000
 5.000000e-004, 3.421906e+003,-1.230697e+003,-2.221934e+003, 2.393999e+002, 2.678844e+001,-1.596830e+002, 0.000000e+000, 0.000000e+000, 0.000000e+000, 0.000000e+000
 5.500000e-004, 3.415182e+003,-1.174425e+003,-2.273378e+003, 2.271869e+002, 4.234036e+001,-1.589036e+002, 0.000000e+000, 0.000000e+000, 0.000000e+000, 0.000000e+000
 6.000000e-004, 3.407390e+003,-1.119166e+003,-2.323901e+003, 2.141936e+002, 5.855492e+001,-1.576790e+002, 0.000000e+000, 0.000000e+000, 0.000000e+000, 0.000000e+000
 6.500000e-004, 3.397616e+003,-1.061027e+003,-2.373774e+003, 2.004676e+002, 7.535474e+001,-1.560058e+002, 0.000000e+000, 0.000000e+000, 0.000000e+000, 0.000000e+000
 7.000000e-004, 3.386972e+003,-1.004765e+003,-2.423245e+003, 1.860440e+002, 9.271765e+001,-1.538438e+002, 0.000000e+000, 0.000000e+000, 0.000000e+000, 0.000000e+000
 7.500000e-004, 3.374745e+003,-9.453752e+002,-2.471413e+003, 1.709315e+002, 1.106019e+002,-1.511943e+002, 0.000000e+000, 0.000000e+000, 0.000000e+000, 0.000000e+000
 8.000000e-004, 3.361330e+003,-8.880090e+002,-2.519326e+003, 1.551613e+002, 1.289726e+002,-1.480466e+002, 0.000000e+000, 0.000000e+000, 0.000000e+000, 0.000000e+000
 8.500000e-004, 3.347132e+003,-8.281520e+002,-2.565708e+003, 1.387111e+002, 1.478351e+002,-1.444035e+002, 0.000000e+000, 0.000000e+000, 0.000000e+000, 0.000000e+000
 9.000000e-004, 3.331556e+003,-7.699238e+002,-2.611541e+003, 1.215728e+002, 1.671649e+002,-1.402850e+002, 0.000000e+000, 0.000000e+000, 0.000000e+000, 0.000000e+000
 9.500000e-004, 3.315515e+003,-7.101445e+002,-2.656015e+003, 1.037177e+002, 1.869979e+002,-1.356980e+002, 0.000000e+000, 0.000000e+000, 0.000000e+000, 0.000000e+000
 1.000000e-003, 3.298294e+003,-6.513874e+002,-2.699383e+003, 8.510484e+001, 2.073260e+002,-1.306844e+002, 0.000000e+000, 0.000000e+000, 0.000000e+000, 0.000000e+000
 1.050000e-003, 3.280115e+003,-5.917007e+002,-2.741727e+003, 6.572747e+001, 2.281801e+002,-1.252618e+002, 0.000000e+000, 0.000000e+000, 0.000000e+000, 0.000000e+000
 1.100000e-003, 3.261181e+003,-5.325640e+002,-2.782476e+003, 4.555156e+001, 2.495562e+002,-1.194789e+002, 0.000000e+000, 0.000000e+000, 0.000000e+000, 0.000000e+000
 1.150000e-003, 3.240216e+003,-4.724613e+002,-2.822406e+003, 2.461638e+001, 2.714446e+002,-1.133685e+002, 0.000000e+000, 0.000000e+000, 0.000000e+000, 0.000000e+000
 1.200000e-003, 3.218804e+003,-4.127148e+002,-2.860579e+003, 2.941609e+000, 2.938199e+002,-1.069724e+002, 0.000000e+000, 0.000000e+000, 0.000000e+000, 0.000000e+000
 1.250000e-003, 3.194224e+003,-3.514436e+002,-2.897865e+003,-1.937525e+001, 3.166158e+002,-1.003352e+002, 0.000000e+000, 0.000000e+000, 0.000000e+000, 0.000000e+000
 1.300000e-003, 3.169180e+003,-2.904733e+002,-2.933595e+003,-4.223426e+001, 3.397595e+002,-9.348642e+001, 0.000000e+000, 0.000000e+000, 0.000000e+000, 0.000000e+000
 1.350000e-003, 3.140216e+003,-2.274059e+002,-2.968167e+003,-6.548380e+001, 3.631366e+002,-8.647182e+001, 0.000000e+000, 0.000000e+000, 0.000000e+000, 0.000000e+000
 1.400000e-003, 3.110484e+003,-1.644455e+002,-3.001563e+003,-8.895052e+001, 3.866168e+002,-7.931004e+001, 0.000000e+000, 0.000000e+000, 0.000000e+000, 0.000000e+000
 1.450000e-003, 3.076692e+003,-9.932800e+001,-3.033519e+003,-1.124503e+002, 4.100630e+002,-7.203702e+001, 0.000000e+000, 0.000000e+000, 0.000000e+000, 0.000000e+000
 1.500000e-003, 3.041741e+003,-3.382623e+001,-3.064612e+003,-1.357715e+002, 4.333019e+002,-6.466622e+001, 0.000000e+000, 0.000000e+000, 0.000000e+000, 0.000000e+000
 1.550000e-003, 3.003181e+003, 3.318941e+001,-3.094126e+003,-1.587314e+002, 4.562010e+002,-5.721886e+001, 0.000000e+000, 0.000000e+000, 0.000000e+000, 0.000000e+000
 1.600000e-003, 2.963158e+003, 1.012670e+002,-3.122870e+003,-1.811258e+002, 4.785790e+002,-4.970849e+001, 0.000000e+000, 0.000000e+000, 0.000000e+000, 0.000000e+000
 1.650000e-003, 2.920405e+003, 1.697674e+002,-3.150054e+003,-2.028077e+002, 5.003254e+002,-4.214595e+001, 0.000000e+000, 0.000000e+000, 0.000000e+000, 0.000000e+000
 1.700000e-003, 2.876014e+003, 2.398905e+002,-3.176358e+003,-2.236172e+002, 5.212890e+002,-3.454816e+001, 0.000000e+000, 0.000000e+000, 0.000000e+000, 0.000000e+000
 1.750000e-003, 2.829956e+003, 3.094076e+002,-3.201174e+003,-2.434641e+002, 5.413849e+002,-2.692598e+001, 0.000000e+000, 0.000000e+000, 0.000000e+000, 0.000000e+000
 1.800000e-003, 2.782142e+003, 3.807303e+002,-3.224924e+003,-2.622486e+002, 5.605132e+002,-1.930156e+001, 0.000000e+000, 0.000000e+000, 0.000000e+000, 0.000000e+000
 1.850000e-003, 2.733653e+003, 4.509163e+002,-3.247191e+003,-2.799361e+002, 5.786066e+002,-1.169542e+001, 0.000000e+000, 0.000000e+000, 0.000000e+000, 0.000000e+000
 1.900000e-003, 2.683264e+003, 5.226934e+002,-3.268254e+003,-2.964801e+002, 5.956092e+002,-4.136245e+000, 0.000000e+000, 0.000000e+000, 0.000000e+000, 0.000000e+000
 1.950000e-003, 2.632905e+003, 5.934351e+002,-3.287749e+003,-3.118799e+002, 6.114556e+002, 3.342465e+000, 0.000000e+000, 0.000000e+000, 0.000000e+000, 0.000000e+000
 2.000000e-003, 2.580464e+003, 6.653871e+002,-3.305999e+003,-3.261205e+002, 6.261031e+002, 1.070564e+001, 0.000000e+000, 0.000000e+000, 0.000000e+000, 0.000000e+000
 2.050000e-003, 2.528353e+003, 7.368751e+002,-3.322562e+003,-3.392049e+002, 6.394673e+002, 1.791124e+001, 0.000000e+000, 0.000000e+000, 0.000000e+000, 0.000000e+000
 2.100000e-003, 2.474007e+003, 8.093450e+002,-3.337928e+003,-3.511238e+002, 6.514767e+002, 2.492130e+001, 0.000000e+000, 0.000000e+000, 0.000000e+000, 0.000000e+000
 2.150000e-003, 2.419919e+003, 8.821208e+002,-3.351548e+003,-3.618610e+002, 6.620049e+002, 3.169481e+001, 0.000000e+000, 0.000000e+000, 0.000000e+000, 0.000000e+000
 2.200000e-003, 2.363559e+003, 9.560236e+002,-3.364073e+003,-3.713955e+002, 6.709130e+002, 3.819844e+001, 0.000000e+000, 0.000000e+000, 0.000000e+000, 0.000000e+000
 2.250000e-003, 2.307174e+003, 1.031042e+003,-3.374897e+003,-3.796852e+002, 6.780049e+002, 4.440268e+001, 0.000000e+000, 0.000000e+000, 0.000000e+000, 0.000000e+000
 2.300000e-003, 2.248645e+003, 1.107776e+003,-3.384772e+003,-3.866945e+002, 6.830423e+002, 5.028850e+001, 0.000000e+000, 0.000000e+000, 0.000000e+000, 0.000000e+000
 2.350000e-003, 2.189804e+003, 1.186558e+003,-3.393073e+003,-3.923660e+002, 6.857214e+002, 5.584602e+001, 0.000000e+000, 0.000000e+000, 0.000000e+000, 0.000000e+000
 2.400000e-003, 2.129094e+003, 1.268138e+003,-3.400612e+003,-3.966586e+002, 6.856635e+002, 6.107853e+001, 0.000000e+000, 0.000000e+000, 0.000000e+000, 0.000000e+000
 2.450000e-003, 2.067900e+003, 1.353163e+003,-3.406730e+003,-3.995176e+002, 6.823929e+002, 6.600014e+001, 0.000000e+000, 0.000000e+000, 0.000000e+000, 0.000000e+000
 2.500000e-003, 2.005194e+003, 1.442759e+003,-3.412295e+003,-4.009096e+002, 6.753131e+002, 7.063936e+001, 0.000000e+000, 0.000000e+000, 0.000000e+000, 0.000000e+000
 2.550000e-003, 1.941950e+003, 1.538023e+003,-3.416570e+003,-4.007953e+002, 6.636758e+002, 7.503387e+001, 0.000000e+000, 0.000000e+000, 0.000000e+000, 0.000000e+000
 2.600000e-003, 1.877635e+003, 1.640142e+003,-3.420419e+003,-3.991627e+002, 6.465771e+002, 7.923021e+001, 0.000000e+000, 0.000000e+000, 0.000000e+000, 0.000000e+000
 2.650000e-003, 1.812993e+003, 1.749456e+003,-3.422949e+003,-3.960115e+002, 6.230089e+002, 8.327316e+001, 0.000000e+000, 0.000000e+000, 0.000000e+000, 0.000000e+000
 2.700000e-003, 1.748436e+003, 1.863576e+003,-3.424715e+003,-3.914166e+002, 5.920997e+002, 8.718490e+001, 0.000000e+000, 0.000000e+000, 0.000000e+000, 0.000000e+000
 2.750000e-003, 1.685180e+003, 1.975170e+003,-3.424495e+003,-3.855598e+002, 5.536302e+002, 9.094287e+001, 0.000000e+000, 0.000000e+000, 0.000000e+000, 0.000000e+000
 2.800000e-003, 1.624980e+003, 2.071197e+003,-3.422529e+003,-3.788199e+002, 5.087496e+002, 9.445854e+001, 0.000000e+000, 0.000000e+000, 0.000000e+000, 0.000000e+000
 2.850000e-003, 1.567536e+003, 2.141070e+003,-3.418914e+003,-3.716703e+002, 4.601921e+002, 9.766619e+001, 0.000000e+000, 0.000000e+000, 0.000000e+000, 0.000000e+000
 2.900000e-003, 1.511343e+003, 2.187052e+003,-3.415938e+003,-3.644599e+002, 4.112457e+002, 1.006606e+002, 0.000000e+000, 0.000000e+000, 0.000000e+000, 0.000000e+000
 2.950000e-003, 1.452215e+003, 2.223384e+003,-3.415092e+003,-3.571515e+002, 3.640812e+002, 1.037907e+002, 0.000000e+000, 0.000000e+000, 0.000000e+000, 0.000000e+000
 3.000000e-003, 1.390390e+003, 2.262599e+003,-3.416029e+003,-3.494395e+002, 3.190625e+002, 1.074815e+002, 0.000000e+000, 0.000000e+000, 0.000000e+000, 0.000000e+000
 3.050000e-003, 1.325529e+003, 2.309558e+003,-3.417302e+003,-3.410094e+002, 2.753804e+002, 1.120368e+002, 0.000000e+000, 0.000000e+000, 0.000000e+000, 0.000000e+000
 3.100000e-003, 1.260787e+003, 2.363320e+003,-3.417102e+003,-3.317334e+002, 2.319605e+002, 1.175406e+002, 0.000000e+000, 0.000000e+000, 0.000000e+000, 0.000000e+000
 3.150000e-003, 1.195614e+003, 2.421390e+003,-3.415028e+003,-3.216569e+002, 1.879587e+002, 1.239279e+002, 0.000000e+000, 0.000000e+000, 0.000000e+000, 0.000000e+000
 3.200000e-003, 1.131987e+003, 2.481281e+003,-3.410266e+003,-3.109179e+002, 1.428645e+002, 1.310515e+002, 0.000000e+000, 0.000000e+000, 0.000000e+000, 0.000000e+000
 3.250000e-003, 1.068457e+003, 2.541396e+003,-3.403396e+003,-2.996872e+002, 9.644072e+001, 1.387484e+002, 0.000000e+000, 0.000000e+000, 0.000000e+000, 0.000000e+000
 3.300000e-003, 1.006306e+003, 2.600412e+003,-3.394032e+003,-2.881212e+002, 4.864418e+001, 1.468681e+002, 0.000000e+000, 0.000000e+000, 0.000000e+000, 0.000000e+000
 3.350000e-003, 9.441944e+002, 2.657686e+003,-3.382932e+003,-2.763694e+002,-4.381150e-001, 1.552852e+002, 0.000000e+000, 0.000000e+000, 0.000000e+000, 0.000000e+000
 3.400000e-003, 8.830483e+002, 2.712609e+003,-3.369686e+003,-2.645501e+002,-5.063728e+001, 1.638969e+002, 0.000000e+000, 0.000000e+000, 0.000000e+000, 0.000000e+000
 3.450000e-003, 8.219221e+002, 2.765025e+003,-3.355114e+003,-2.527777e+002,-1.017355e+002, 1.726277e+002, 0.000000e+000, 0.000000e+000, 0.000000e+000, 0.000000e+000
 3.500000e-003, 7.613867e+002, 2.814813e+003,-3.338757e+003,-2.411379e+002,-1.534988e+002, 1.814256e+002, 0.000000e+000, 0.000000e+000, 0.000000e+000, 0.000000e+000
 3.550000e-003, 7.009252e+002, 2.861990e+003,-3.321434e+003,-2.297171e+002,-2.056889e+002, 1.902624e+002, 0.000000e+000, 0.000000e+000, 0.000000e+000, 0.000000e+000
 3.600000e-003, 6.407642e+002, 2.906691e+003,-3.302514e+003,-2.185791e+002,-2.580800e+002, 1.991215e+002, 0.000000e+000, 0.000000e+000, 0.000000e+000, 0.000000e+000
 3.650000e-003, 5.808375e+002, 2.948874e+003,-3.282706e+003,-2.077954e+002,-3.104551e+002, 2.079908e+002, 0.000000e+000, 0.000000e+000, 0.000000e+000, 0.000000e+000
 3.700000e-003, 5.210642e+002, 2.988672e+003,-3.261269e+003,-1.974245e+002,-3.626056e+002, 2.168551e+002, 0.000000e+000, 0.000000e+000, 0.000000e+000, 0.000000e+000
 3.750000e-003, 4.618337e+002, 3.025889e+003,-3.238705e+003,-1.875427e+002,-4.143208e+002, 2.256822e+002, 0.000000e+000, 0.000000e+000, 0.000000e+000, 0.000000e+000
 3.800000e-003, 4.027747e+002, 3.060486e+003,-3.214141e+003,-1.782243e+002,-4.653767e+002, 2.344139e+002, 0.000000e+000, 0.000000e+000, 0.000000e+000, 0.000000e+000
 3.850000e-003, 3.446894e+002, 3.092162e+003,-3.187852e+003,-1.695693e+002,-5.155287e+002, 2.429507e+002, 0.000000e+000, 0.000000e+000, 0.000000e+000, 0.000000e+000
 3.900000e-003, 2.869269e+002, 3.120710e+003,-3.158999e+003,-1.616851e+002,-5.644999e+002, 2.511542e+002, 0.000000e+000, 0.000000e+000, 0.000000e+000, 0.000000e+000
 3.950000e-003, 2.305884e+002, 3.145842e+003,-3.127722e+003,-1.547059e+002,-6.119827e+002, 2.588380e+002, 0.000000e+000, 0.000000e+000, 0.000000e+000, 0.000000e+000
 4.000000e-003, 1.747614e+002, 3.167337e+003,-3.093376e+003,-1.487754e+002,-6.576370e+002, 2.657808e+002, 0.000000e+000, 0.000000e+000, 0.000000e+000, 0.000000e+000
 4.050000e-003, 1.206740e+002, 3.185035e+003,-3.056106e+003,-1.440555e+002,-7.010997e+002, 2.717263e+002, 0.000000e+000, 0.000000e+000, 0.000000e+000, 0.000000e+000
 4.100000e-003, 6.719377e+001, 3.198922e+003,-3.015575e+003,-1.407110e+002,-7.419980e+002, 2.764046e+002, 0.000000e+000, 0.000000e+000, 0.000000e+000, 0.000000e+000
 4.150000e-003, 1.549482e+001, 3.209026e+003,-2.972057e+003,-1.389064e+002,-7.799620e+002, 2.795404e+002, 0.000000e+000, 0.000000e+000, 0.000000e+000, 0.000000e+000
 4.200000e-003,-3.570680e+001, 3.215676e+003,-2.925556e+003,-1.387954e+002,-8.146483e+002, 2.808762e+002, 0.000000e+000, 0.000000e+000, 0.000000e+000, 0.000000e+000
 4.250000e-003,-8.542945e+001, 3.219093e+003,-2.876526e+003,-1.405083e+002,-8.457523e+002, 2.801836e+002, 0.000000e+000, 0.000000e+000, 0.000000e+000, 0.000000e+000
 4.300000e-003,-1.350161e+002, 3.219926e+003,-2.825249e+003,-1.441476e+002,-8.730299e+002, 2.772831e+002, 0.000000e+000, 0.000000e+000, 0.000000e+000, 0.000000e+000
 4.350000e-003,-1.837438e+002, 3.218528e+003,-2.772309e+003,-1.497710e+002,-8.963060e+002, 2.720517e+002, 0.000000e+000, 0.000000e+000, 0.000000e+000, 0.000000e+000
 4.400000e-003,-2.328996e+002, 3.215698e+003,-2.718144e+003,-1.573952e+002,-9.154848e+002, 2.644338e+002, 0.000000e+000, 0.000000e+000, 0.000000e+000, 0.000000e+000
 4.450000e-003,-2.820193e+002, 3.211810e+003,-2.663347e+003,-1.669784e+002,-9.305509e+002, 2.544415e+002, 0.000000e+000, 0.000000e+000, 0.000000e+000, 0.000000e+000
 4.500000e-003,-3.322013e+002, 3.207590e+003,-2.608351e+003,-1.784331e+002,-9.415641e+002, 2.421541e+002, 0.000000e+000, 0.000000e+000, 0.000000e+000, 0.000000e+000
 4.550000e-003,-3.831939e+002, 3.203249e+003,-2.553631e+003,-1.916120e+002,-9.486486e+002, 2.277101e+002, 0.000000e+000, 0.000000e+000, 0.000000e+000, 0.000000e+000
 4.600000e-003,-4.357673e+002, 3.199258e+003,-2.499468e+003,-2.063300e+002,-9.519752e+002, 2.112969e+002, 0.000000e+000, 0.000000e+000, 0.000000e+000, 0.000000e+000
 4.650000e-003,-4.898838e+002, 3.195722e+003,-2.446183e+003,-2.223499e+002,-9.517545e+002, 1.931402e+002, 0.000000e+000, 0.000000e+000, 0.000000e+000, 0.000000e+000
 4.700000e-003,-5.458756e+002, 3.192810e+003,-2.393810e+003,-2.394122e+002,-9.482164e+002, 1.734873e+002, 0.000000e+000, 0.000000e+000, 0.000000e+000, 0.000000e+000
 4.750000e-003,-6.038756e+002, 3.190365e+003,-2.342510e+003,-2.572233e+002,-9.415923e+002, 1.525964e+002, 0.000000e+000, 0.000000e+000, 0.000000e+000, 0.000000e+000
 4.800000e-003,-6.637224e+002, 3.188342e+003,-2.292076e+003,-2.754888e+002,-9.321006e+002, 1.307200e+002, 0.000000e+000, 0.000000e+000, 0.000000e+000, 0.000000e+000
 4.850000e-003,-7.256786e+002, 3.186049e+003,-2.242558e+003,-2.939052e+002,-9.199108e+002, 1.080979e+002, 0.000000e+000, 0.000000e+000, 0.000000e+000, 0.000000e+000
 4.900000e-003,-7.891608e+002, 3.183481e+003,-2.193634e+003,-3.121876e+002,-9.051460e+002, 8.494902e+001, 0.000000e+000, 0.000000e+000, 0.000000e+000, 0.000000e+000
 4.950000e-003,-8.548109e+002, 3.180739e+003,-2.145473e+003,-3.300450e+002,-8.879367e+002, 6.147960e+001, 0.000000e+000, 0.000000e+000, 0.000000e+000, 0.000000e+000
 5.000000e-003,-9.215507e+002, 3.177815e+003,-2.097590e+003,-3.472131e+002,-8.684199e+002, 3.787210e+001, 0.000000e+000, 0.000000e+000, 0.000000e+000, 0.000000e+000
 5.050000e-003,-9.901843e+002, 3.174637e+003,-2.050210e+003,-3.634432e+002,-8.467278e+002, 1.428907e+001, 0.000000e+000, 0.000000e+000, 0.000000e+000, 0.000000e+000
 5.100000e-003,-1.059357e+003, 3.171387e+003,-2.002911e+003,-3.785215e+002,-8.230007e+002,-9.122756e+000, 0.000000e+000, 0.000000e+000, 0.000000e+000, 0.000000e+000
 5.150000e-003,-1.130130e+003, 3.168128e+003,-1.956037e+003,-3.922509e+002,-7.973956e+002,-3.222447e+001, 0.000000e+000, 0.000000e+000, 0.000000e+000, 0.000000e+000
 5.200000e-003,-1.200967e+003, 3.165265e+003,-1.909255e+003,-4.044639e+002,-7.701012e+002,-5.487881e+001, 0.000000e+000, 0.000000e+000, 0.000000e+000, 0.000000e+000
 5.250000e-003,-1.273162e+003, 3.162963e+003,-1.862981e+003,-4.150066e+002,-7.413448e+002,-7.694553e+001, 0.000000e+000, 0.000000e+000, 0.000000e+000, 0.000000e+000
 5.300000e-003,-1.345060e+003, 3.161748e+003,-1.816952e+003,-4.237469e+002,-7.114005e+002,-9.827677e+001, 0.000000e+000, 0.000000e+000, 0.000000e+000, 0.000000e+000
 5.350000e-003,-1.418138e+003, 3.161757e+003,-1.771567e+003,-4.305619e+002,-6.805867e+002,-1.187181e+002, 0.000000e+000, 0.000000e+000, 0.000000e+000, 0.000000e+000
 5.400000e-003,-1.490655e+003, 3.163495e+003,-1.726586e+003,-4.353439e+002,-6.492650e+002,-1.381071e+002, 0.000000e+000, 0.000000e+000, 0.000000e+000, 0.000000e+000
 5.450000e-003,-1.564194e+003, 3.166908e+003,-1.682295e+003,-4.379930e+002,-6.178271e+002,-1.562811e+002, 0.000000e+000, 0.000000e+000, 0.000000e+000, 0.000000e+000
 5.500000e-003,-1.636961e+003, 3.172350e+003,-1.638442e+003,-4.384213e+002,-5.866846e+002,-1.730779e+002, 0.000000e+000, 0.000000e+000, 0.000000e+000, 0.000000e+000
 5.550000e-003,-1.710546e+003, 3.179476e+003,-1.595125e+003,-4.365517e+002,-5.562491e+002,-1.883482e+002, 0.000000e+000, 0.000000e+000, 0.000000e+000, 0.000000e+000
 5.600000e-003,-1.783141e+003, 3.188406e+003,-1.552090e+003,-4.323194e+002,-5.269167e+002,-2.019564e+002, 0.000000e+000, 0.000000e+000, 0.000000e+000, 0.000000e+000
 5.650000e-003,-1.856246e+003, 3.198510e+003,-1.509218e+003,-4.256777e+002,-4.990486e+002,-2.137946e+002, 0.000000e+000, 0.000000e+000, 0.000000e+000, 0.000000e+000
 5.700000e-003,-1.928103e+003, 3.209683e+003,-1.466318e+003,-4.165945e+002,-4.729560e+002,-2.237786e+002, 0.000000e+000, 0.000000e+000, 0.000000e+000, 0.000000e+000
 5.750000e-003,-2.000052e+003, 3.221111e+003,-1.423069e+003,-4.050634e+002,-4.488878e+002,-2.318615e+002, 0.000000e+000, 0.000000e+000, 0.000000e+000, 0.000000e+000
 5.800000e-003,-2.070469e+003, 3.232556e+003,-1.379440e+003,-3.910947e+002,-4.270216e+002,-2.380230e+002, 0.000000e+000, 0.000000e+000, 0.000000e+000, 0.000000e+000
 5.850000e-003,-2.140488e+003, 3.243183e+003,-1.334959e+003,-3.747290e+002,-4.074624e+002,-2.422791e+002, 0.000000e+000, 0.000000e+000, 0.000000e+000, 0.000000e+000
 5.900000e-003,-2.208713e+003, 3.252751e+003,-1.289840e+003,-3.560219e+002,-3.902424e+002,-2.446661e+002, 0.000000e+000, 0.000000e+000, 0.000000e+000, 0.000000e+000
 5.950000e-003,-2.276060e+003, 3.260564e+003,-1.243526e+003,-3.350589e+002,-3.753302e+002,-2.452462e+002, 0.000000e+000, 0.000000e+000, 0.000000e+000, 0.000000e+000
 6.000000e-003,-2.341435e+003, 3.266487e+003,-1.196506e+003,-3.119348e+002,-3.626384e+002,-2.440888e+002, 0.000000e+000, 0.000000e+000, 0.000000e+000, 0.000000e+000
 6.050000e-003,-2.405538e+003, 3.270069e+003,-1.148181e+003,-2.867684e+002,-3.520397e+002,-2.412735e+002, 0.000000e+000, 0.000000e+000, 0.000000e+000, 0.000000e+000
 6.100000e-003,-2.467615e+003, 3.271322e+003,-1.099288e+003,-2.596797e+002,-3.433769e+002,-2.368734e+002, 0.000000e+000, 0.000000e+000, 0.000000e+000, 0.000000e+000
 6.150000e-003,-2.528134e+003, 3.270059e+003,-1.049190e+003,-2.308053e+002,-3.364807e+002,-2.309577e+002, 0.000000e+000, 0.000000e+000, 0.000000e+000, 0.000000e+000
 6.200000e-003,-2.586692e+003, 3.266398e+003,-9.987844e+002,-2.002752e+002,-3.311768e+002,-2.235807e+002, 0.000000e+000, 0.000000e+000, 0.000000e+000, 0.000000e+000
 6.250000e-003,-2.643526e+003, 3.260366e+003,-9.473718e+002,-1.682279e+002,-3.273001e+002,-2.147865e+002, 0.000000e+000, 0.000000e+000, 0.000000e+000, 0.000000e+000
 6.300000e-003,-2.698546e+003, 3.252075e+003,-8.958939e+002,-1.347898e+002,-3.246946e+002,-2.046055e+002, 0.000000e+000, 0.000000e+000, 0.000000e+000, 0.000000e+000
 6.350000e-003,-2.751700e+003, 3.241675e+003,-8.435641e+002,-1.000945e+002,-3.232211e+002,-1.930609e+002, 0.000000e+000, 0.000000e+000, 0.000000e+000, 0.000000e+000
 6.400000e-003,-2.803151e+003, 3.229152e+003,-7.912541e+002,-6.426567e+001,-3.227489e+002,-1.801728e+002, 0.000000e+000, 0.000000e+000, 0.000000e+000, 0.000000e+000
 6.450000e-003,-2.852474e+003, 3.214688e+003,-7.380920e+002,-2.744263e+001,-3.231579e+002,-1.659645e+002, 0.000000e+000, 0.000000e+000, 0.000000e+000, 0.000000e+000
 6.500000e-003,-2.900050e+003, 3.198076e+003,-6.847984e+002, 1.023484e+001,-3.243257e+002,-1.504722e+002, 0.000000e+000, 0.000000e+000, 0.000000e+000, 0.000000e+000
 6.550000e-003,-2.945278e+003, 3.179502e+003,-6.304474e+002, 4.861426e+001,-3.261273e+002,-1.337492e+002, 0.000000e+000, 0.000000e+000, 0.000000e+000, 0.000000e+000
 6.600000e-003,-2.988658e+003, 3.158553e+003,-5.755992e+002, 8.753842e+001,-3.284219e+002,-1.158762e+002, 0.000000e+000, 0.000000e+000, 0.000000e+000, 0.000000e+000
 6.650000e-003,-3.029326e+003, 3.135429e+003,-5.193782e+002, 1.268278e+002,-3.310532e+002,-9.695779e+001, 0.000000e+000, 0.000000e+000, 0.000000e+000, 0.000000e+000
 6.700000e-003,-3.067962e+003, 3.109563e+003,-4.621955e+002, 1.662926e+002,-3.338392e+002,-7.713309e+001, 0.000000e+000, 0.000000e+000, 0.000000e+000, 0.000000e+000
 6.750000e-003,-3.103526e+003, 3.081264e+003,-4.033268e+002, 2.057209e+002,-3.365798e+002,-5.656493e+001, 0.000000e+000, 0.000000e+000, 0.000000e+000, 0.000000e+000
 6.800000e-003,-3.136806e+003, 3.049896e+003,-3.430805e+002, 2.448858e+002,-3.390517e+002,-3.544702e+001, 0.000000e+000, 0.000000e+000, 0.000000e+000, 0.000000e+000
 6.850000e-003,-3.166695e+003, 3.015977e+003,-2.809775e+002, 2.835410e+002,-3.410228e+002,-1.398730e+001, 0.000000e+000, 0.000000e+000, 0.000000e+000, 0.000000e+000
 6.900000e-003,-3.194121e+003, 2.978869e+003,-2.172697e+002, 3.214302e+002,-3.422515e+002, 7.588199e+000, 0.000000e+000, 0.000000e+000, 0.000000e+000, 0.000000e+000
 6.950000e-003,-3.218005e+003, 2.939373e+003,-1.517734e+002, 3.582889e+002,-3.425066e+002, 2.905530e+001, 0.000000e+000, 0.000000e+000, 0.000000e+000, 0.000000e+000
 7.000000e-003,-3.239422e+003, 2.896866e+003,-8.470278e+001, 3.938543e+002,-3.415671e+002, 5.018909e+001, 0.000000e+000, 0.000000e+000, 0.000000e+000, 0.000000e+000
 7.050000e-003,-3.257385e+003, 2.852445e+003,-1.616451e+001, 4.278714e+002,-3.392431e+002, 7.078352e+001, 0.000000e+000, 0.000000e+000, 0.000000e+000, 0.000000e+000
 7.100000e-003,-3.273088e+003, 2.805461e+003, 5.368285e+001, 4.601007e+002,-3.353734e+002, 9.064757e+001, 0.000000e+000, 0.000000e+000, 0.000000e+000, 0.000000e+000
 7.150000e-003,-3.285669e+003, 2.757257e+003, 1.244944e+002, 4.903270e+002,-3.298421e+002, 1.096213e+002, 0.000000e+000, 0.000000e+000, 0.000000e+000, 0.000000e+000
 7.200000e-003,-3.296378e+003, 2.707075e+003, 1.962137e+002, 5.183629e+002,-3.225708e+002, 1.275689e+002, 0.000000e+000, 0.000000e+000, 0.000000e+000, 0.000000e+000
 7.250000e-003,-3.304474e+003, 2.656403e+003, 2.683341e+002, 5.440569e+002,-3.135290e+002, 1.443897e+002, 0.000000e+000, 0.000000e+000, 0.000000e+000, 0.000000e+000
 7.300000e-003,-3.311183e+003, 2.604295e+003, 3.409532e+002, 5.672912e+002,-3.027208e+002, 1.600075e+002, 0.000000e+000, 0.000000e+000, 0.000000e+000, 0.000000e+000
 7.350000e-003,-3.315859e+003, 2.552284e+003, 4.134754e+002, 5.879888e+002,-2.901878e+002, 1.743766e+002, 0.000000e+000, 0.000000e+000, 0.000000e+000, 0.000000e+000
 7.400000e-003,-3.319613e+003, 2.499186e+003, 4.861863e+002, 6.061049e+002,-2.759934e+002, 1.874694e+002, 0.000000e+000, 0.000000e+000, 0.000000e+000, 0.000000e+000
 7.450000e-003,-3.321870e+003, 2.446508e+003, 5.584469e+002, 6.216324e+002,-2.602206e+002, 1.992789e+002, 0.000000e+000, 0.000000e+000, 0.000000e+000, 0.000000e+000
 7.500000e-003,-3.323559e+003, 2.392852e+003, 6.307322e+002, 6.345886e+002,-2.429575e+002, 2.098064e+002, 0.000000e+000, 0.000000e+000, 0.000000e+000, 0.000000e+000
 7.550000e-003,-3.324170e+003, 2.339673e+003, 7.023677e+002, 6.450203e+002,-2.242944e+002, 2.190631e+002, 0.000000e+000, 0.000000e+000, 0.000000e+000, 0.000000e+000
 7.600000e-003,-3.324404e+003, 2.285450e+003, 7.739897e+002, 6.529877e+002,-2.043144e+002, 2.270604e+002, 0.000000e+000, 0.000000e+000, 0.000000e+000, 0.000000e+000
 7.650000e-003,-3.323839e+003, 2.231599e+003, 8.448633e+002, 6.585710e+002,-1.830918e+002, 2.338128e+002, 0.000000e+000, 0.000000e+000, 0.000000e+000, 0.000000e+000
 7.700000e-003,-3.322943e+003, 2.176614e+003, 9.157430e+002, 6.618539e+002,-1.606924e+002, 2.393307e+002, 0.000000e+000, 0.000000e+000, 0.000000e+000, 0.000000e+000
 7.750000e-003,-3.321426e+003, 2.121889e+003, 9.857942e+002, 6.629329e+002,-1.371720e+002, 2.436272e+002, 0.000000e+000, 0.000000e+000, 0.000000e+000, 0.000000e+000
 7.800000e-003,-3.319530e+003, 2.066083e+003, 1.055852e+003, 6.619017e+002,-1.125881e+002, 2.467118e+002, 0.000000e+000, 0.000000e+000, 0.000000e+000, 0.000000e+000
 7.850000e-003,-3.317152e+003, 2.010554e+003, 1.124950e+003, 6.588641e+002,-8.699675e+001, 2.486005e+002, 0.000000e+000, 0.000000e+000, 0.000000e+000, 0.000000e+000
 7.900000e-003,-3.314329e+003, 1.954247e+003, 1.193987e+003, 6.539197e+002,-6.047213e+001, 2.493105e+002, 0.000000e+000, 0.000000e+000, 0.000000e+000, 0.000000e+000
 7.950000e-003,-3.311184e+003, 1.898424e+003, 1.261859e+003, 6.471796e+002,-3.309982e+001, 2.488702e+002, 0.000000e+000, 0.000000e+000, 0.000000e+000, 0.000000e+000
 8.000000e-003,-3.307560e+003, 1.842370e+003, 1.329531e+003, 6.387526e+002,-4.999780e+000, 2.473143e+002, 0.000000e+000, 0.000000e+000, 0.000000e+000, 0.000000e+000
 8.050000e-003,-3.303819e+003, 1.787144e+003, 1.395788e+003, 6.287619e+002, 2.368744e+001, 2.446912e+002, 0.000000e+000, 0.000000e+000, 0.000000e+000, 0.000000e+000
 8.100000e-003,-3.299610e+003, 1.732372e+003, 1.461680e+003, 6.173315e+002, 5.277792e+001, 2.410581e+002, 0.000000e+000, 0.000000e+000, 0.000000e+000, 0.000000e+000
 8.150000e-003,-3.295512e+003, 1.678774e+003, 1.525928e+003, 6.046008e+002, 8.206712e+001, 2.364842e+002, 0.000000e+000, 0.000000e+000, 0.000000e+000, 0.000000e+000
 8.200000e-003,-3.290971e+003, 1.626275e+003, 1.589677e+003, 5.907112e+002, 1.113099e+002, 2.310451e+002, 0.000000e+000, 0.000000e+000, 0.000000e+000, 0.000000e+000
 8.250000e-003,-3.286740e+003, 1.575141e+003, 1.651644e+003, 5.758174e+002, 1.402510e+002, 2.248227e+002, 0.000000e+000, 0.000000e+000, 0.000000e+000, 0.000000e+000
 8.300000e-003,-3.282059e+003, 1.525546e+003, 1.713056e+003, 5.600735e+002, 1.686088e+002, 2.179000e+002, 0.000000e+000, 0.000000e+000, 0.000000e+000, 0.000000e+000
 8.350000e-003,-3.277794e+003, 1.477230e+003, 1.772679e+003, 5.436406e+002, 1.961101e+002, 2.103575e+002, 0.000000e+000, 0.000000e+000, 0.000000e+000, 0.000000e+000
 8.400000e-003,-3.272999e+003, 1.430594e+003, 1.831772e+003, 5.266745e+002, 2.224754e+002, 2.022712e+002, 0.000000e+000, 0.000000e+000, 0.000000e+000, 0.000000e+000
 8.450000e-003,-3.268598e+003, 1.384853e+003, 1.889193e+003, 5.093290e+002, 2.474540e+002, 1.937067e+002, 0.000000e+000, 0.000000e+000, 0.000000e+000, 0.000000e+000
 8.500000e-003,-3.263509e+003, 1.340637e+003, 1.946151e+003, 4.917473e+002, 2.708087e+002, 1.847223e+002, 0.000000e+000, 0.000000e+000, 0.000000e+000, 0.000000e+000
 8.550000e-003,-3.258671e+003, 1.296713e+003, 2.001625e+003, 4.740621e+002, 2.923460e+002, 1.753609e+002, 0.000000e+000, 0.000000e+000, 0.000000e+000, 0.000000e+000
 8.600000e-003,-3.252940e+003, 1.253966e+003, 2.056670e+003, 4.563926e+002, 3.118987e+002, 1.656606e+002, 0.000000e+000, 0.000000e+000, 0.000000e+000, 0.000000e+000
 8.650000e-003,-3.247240e+003, 1.210830e+003, 2.110424e+003, 4.388423e+002, 3.293482e+002, 1.556440e+002, 0.000000e+000, 0.000000e+000, 0.000000e+000, 0.000000e+000
 8.700000e-003,-3.240461e+003, 1.168477e+003, 2.163685e+003, 4.215021e+002, 3.446057e+002, 1.453354e+002, 0.000000e+000, 0.000000e+000, 0.000000e+000, 0.000000e+000
 8.750000e-003,-3.233482e+003, 1.125137e+003, 2.215789e+003, 4.044465e+002, 3.576253e+002, 1.347477e+002, 0.000000e+000, 0.000000e+000, 0.000000e+000, 0.000000e+000
 8.800000e-003,-3.225318e+003, 1.082266e+003, 2.267197e+003, 3.877427e+002, 3.683854e+002, 1.239047e+002, 0.000000e+000, 0.000000e+000, 0.000000e+000, 0.000000e+000
 8.850000e-003,-3.216766e+003, 1.037995e+003, 2.317508e+003, 3.714444e+002, 3.768949e+002, 1.128241e+002, 0.000000e+000, 0.000000e+000, 0.000000e+000, 0.000000e+000
 8.900000e-003,-3.207039e+003, 9.940226e+002, 2.366799e+003, 3.556056e+002, 3.831769e+002, 1.015431e+002, 0.000000e+000, 0.000000e+000, 0.000000e+000, 0.000000e+000
 8.950000e-003,-3.196800e+003, 9.484438e+002, 2.414996e+003, 3.402710e+002, 3.872716e+002, 9.009602e+001, 0.000000e+000, 0.000000e+000, 0.000000e+000, 0.000000e+000
 9.000000e-003,-3.185498e+003, 9.031157e+002, 2.461785e+003, 3.254926e+002, 3.892250e+002, 7.854116e+001, 0.000000e+000, 0.000000e+000, 0.000000e+000, 0.000000e+000
 9.050000e-003,-3.173604e+003, 8.561187e+002, 2.507488e+003, 3.113157e+002, 3.890902e+002, 6.693396e+001, 0.000000e+000, 0.000000e+000, 0.000000e+000, 0.000000e+000
 9.100000e-003,-3.160807e+003, 8.093668e+002, 2.551417e+003, 2.977960e+002, 3.869236e+002, 5.535218e+001, 0.000000e+000, 0.000000e+000, 0.000000e+000, 0.000000e+000
 9.150000e-003,-3.147328e+003, 7.609216e+002, 2.594331e+003, 2.849818e+002, 3.827863e+002, 4.386657e+001, 0.000000e+000, 0.000000e+000, 0.000000e+000, 0.000000e+000
 9.200000e-003,-3.133076e+003, 7.126611e+002, 2.635207e+003, 2.729297e+002, 3.767459e+002, 3.256345e+001, 0.000000e+000, 0.000000e+000, 0.000000e+000, 0.000000e+000
 9.250000e-003,-3.117983e+003, 6.626263e+002, 2.675241e+003, 2.616841e+002, 3.688789e+002, 2.151532e+001, 0.000000e+000, 0.000000e+000, 0.000000e+000, 0.000000e+000
 9.300000e-003,-3.102156e+003, 6.125994e+002, 2.713116e+003, 2.512914e+002, 3.592763e+002, 1.080069e+001, 0.000000e+000, 0.000000e+000, 0.000000e+000, 0.000000e+000
 9.350000e-003,-3.085226e+003, 5.606207e+002, 2.750423e+003, 2.417792e+002, 3.480439e+002, 4.776660e-001, 0.000000e+000, 0.000000e+000, 0.000000e+000, 0.000000e+000
 9.400000e-003,-3.067481e+003, 5.083604e+002, 2.785587e+003, 2.331683e+002, 3.353099e+002,-9.398841e+000, 0.000000e+000, 0.000000e+000, 0.000000e+000, 0.000000e+000
 9.450000e-003,-3.048285e+003, 4.539071e+002, 2.820507e+003, 2.254551e+002, 3.212216e+002,-1.879772e+001, 0.000000e+000, 0.000000e+000, 0.000000e+000, 0.000000e+000
 9.500000e-003,-3.028093e+003, 3.988399e+002, 2.853395e+003, 2.186226e+002, 3.059516e+002,-2.769714e+001, 0.000000e+000, 0.000000e+000, 0.000000e+000, 0.000000e+000
 9.550000e-003,-3.006069e+003, 3.413618e+002, 2.886342e+003, 2.126268e+002, 2.896898e+002,-3.609752e+001, 0.000000e+000, 0.000000e+000, 0.000000e+000, 0.000000e+000
 9.600000e-003,-2.982834e+003, 2.829972e+002, 2.917394e+003, 2.074083e+002, 2.726473e+002,-4.401017e+001, 0.000000e+000, 0.000000e+000, 0.000000e+000, 0.000000e+000
 9.650000e-003,-2.957435e+003, 2.221289e+002, 2.948715e+003, 2.028837e+002, 2.550442e+002,-5.146224e+001, 0.000000e+000, 0.000000e+000, 0.000000e+000, 0.000000e+000
 9.700000e-003,-2.930653e+003, 1.602502e+002, 2.978244e+003, 1.989571e+002, 2.371118e+002,-5.848950e+001, 0.000000e+000, 0.000000e+000, 0.000000e+000, 0.000000e+000
 9.750000e-003,-2.901500e+003, 9.596921e+001, 3.008113e+003, 1.955170e+002, 2.190771e+002,-6.513393e+001, 0.000000e+000, 0.000000e+000, 0.000000e+000, 0.000000e+000
 9.800000e-003,-2.870895e+003, 3.073771e+001, 3.036232e+003, 1.924463e+002, 2.011662e+002,-7.144191e+001, 0.000000e+000, 0.000000e+000, 0.000000e+000, 0.000000e+000
 9.850000e-003,-2.837879e+003,-3.659481e+001, 3.064614e+003, 1.896236e+002, 1.835872e+002,-7.745608e+001, 0.000000e+000, 0.000000e+000, 0.000000e+000, 0.000000e+000
 9.900000e-003,-2.803473e+003,-1.046688e+002, 3.091235e+003, 1.869300e+002, 1.665373e+002,-8.321967e+001, 0.000000e+000, 0.000000e+000, 0.000000e+000, 0.000000e+000
 9.950000e-003,-2.766774e+003,-1.744022e+002, 3.117928e+003, 1.842534e+002, 1.501866e+002,-8.876443e+001, 0.000000e+000, 0.000000e+000, 0.000000e+000, 0.000000e+000
 1.000000e-002,-2.728851e+003,-2.446085e+002, 3.142826e+003, 1.814912e+002, 1.346900e+002,-9.412117e+001, 0.000000e+000, 0.000000e+000, 0.000000e+000, 0.000000e+000
 1.005000e-002,-2.688867e+003,-3.159901e+002, 3.167549e+003, 1.785547e+002, 1.201728e+002,-9.930531e+001, 0.000000e+000, 0.000000e+000, 0.000000e+000, 0.000000e+000
 1.010000e-002,-2.647876e+003,-3.876218e+002, 3.190465e+003, 1.753682e+002, 1.067480e+002,-1.043326e+002, 0.000000e+000, 0.000000e+000, 0.000000e+000, 0.000000e+000
 1.015000e-002,-2.605098e+003,-4.599966e+002, 3.212955e+003, 1.718727e+002, 9.450241e+001,-1.092034e+002, 0.000000e+000, 0.000000e+000, 0.000000e+000, 0.000000e+000
 1.020000e-002,-2.561520e+003,-5.325211e+002, 3.233679e+003, 1.680214e+002, 8.351914e+001,-1.139214e+002, 0.000000e+000, 0.000000e+000, 0.000000e+000, 0.000000e+000
 1.025000e-002,-2.516410e+003,-6.054593e+002, 3.253761e+003, 1.637825e+002, 7.386197e+001,-1.184775e+002, 0.000000e+000, 0.000000e+000, 0.000000e+000, 0.000000e+000
 1.030000e-002,-2.470655e+003,-6.785849e+002, 3.272177e+003, 1.591329e+002, 6.560012e+001,-1.228699e+002, 0.000000e+000, 0.000000e+000, 0.000000e+000, 0.000000e+000
 1.035000e-002,-2.423567e+003,-7.518873e+002, 3.289776e+003, 1.540609e+002, 5.878982e+001,-1.270860e+002, 0.000000e+000, 0.000000e+000, 0.000000e+000, 0.000000e+000
 1.040000e-002,-2.375929e+003,-8.255035e+002, 3.305849e+003, 1.485591e+002, 5.349870e+001,-1.311239e+002, 0.000000e+000, 0.000000e+000, 0.000000e+000, 0.000000e+000
 1.045000e-002,-2.327106e+003,-8.990893e+002, 3.320956e+003, 1.426279e+002, 4.978333e+001,-1.349724e+002, 0.000000e+000, 0.000000e+000, 0.000000e+000, 0.000000e+000
 1.050000e-002,-2.277786e+003,-9.731129e+002, 3.334683e+003, 1.362692e+002, 4.771152e+001,-1.386307e+002, 0.000000e+000, 0.000000e+000, 0.000000e+000, 0.000000e+000
 1.055000e-002,-2.227410e+003,-1.046847e+003, 3.347295e+003, 1.294914e+002, 4.733649e+001,-1.420891e+002, 0.000000e+000, 0.000000e+000, 0.000000e+000, 0.000000e+000
 1.060000e-002,-2.176587e+003,-1.121046e+003, 3.358650e+003, 1.223040e+002, 4.871617e+001,-1.453465e+002, 0.000000e+000, 0.000000e+000, 0.000000e+000, 0.000000e+000
 1.065000e-002,-2.124853e+003,-1.194584e+003, 3.368720e+003, 1.147239e+002, 5.188632e+001,-1.483914e+002, 0.000000e+000, 0.000000e+000, 0.000000e+000, 0.000000e+000
 1.070000e-002,-2.072751e+003,-1.268464e+003, 3.377616e+003, 1.067710e+002, 5.687722e+001,-1.512183e+002, 0.000000e+000, 0.000000e+000, 0.000000e+000, 0.000000e+000
 1.075000e-002,-2.019922e+003,-1.341188e+003, 3.385039e+003, 9.847530e+001, 6.368879e+001,-1.538095e+002, 0.000000e+000, 0.000000e+000, 0.000000e+000, 0.000000e+000
 1.080000e-002,-1.966836e+003,-1.413985e+003, 3.391338e+003, 8.987173e+001, 7.230563e+001,-1.561513e+002, 0.000000e+000, 0.000000e+000, 0.000000e+000, 0.000000e+000
 1.085000e-002,-1.913243e+003,-1.485062e+003, 3.395977e+003, 8.100764e+001, 8.267722e+001,-1.582178e+002, 0.000000e+000, 0.000000e+000, 0.000000e+000, 0.000000e+000
 1.090000e-002,-1.859516e+003,-1.555855e+003, 3.399537e+003, 7.193611e+001, 9.473199e+001,-1.599866e+002, 0.000000e+000, 0.000000e+000, 0.000000e+000, 0.000000e+000
 1.095000e-002,-1.805506e+003,-1.624387e+003, 3.401279e+003, 6.272274e+001, 1.083648e+002,-1.614248e+002, 0.000000e+000, 0.000000e+000, 0.000000e+000, 0.000000e+000
 1.100000e-002,-1.751458e+003,-1.692282e+003, 3.402011e+003, 5.343696e+001, 1.234498e+002,-1.625048e+002, 0.000000e+000, 0.000000e+000, 0.000000e+000, 0.000000e+000
 1.105000e-002,-1.697314e+003,-1.757497e+003, 3.400830e+003, 4.415811e+001, 1.398356e+002,-1.631923e+002, 0.000000e+000, 0.000000e+000, 0.000000e+000, 0.000000e+000
 1.110000e-002,-1.643160e+003,-1.821808e+003, 3.398750e+003, 3.496478e+001, 1.573561e+002,-1.634611e+002, 0.000000e+000, 0.000000e+000, 0.000000e+000, 0.000000e+000
 1.115000e-002,-1.589027e+003,-1.883208e+003, 3.394731e+003, 2.594072e+001, 1.758322e+002,-1.632831e+002, 0.000000e+000, 0.000000e+000, 0.000000e+000, 0.000000e+000
 1.120000e-002,-1.534829e+003,-1.943566e+003, 3.389967e+003, 1.716313e+001, 1.950787e+002,-1.626408e+002, 0.000000e+000, 0.000000e+000, 0.000000e+000, 0.000000e+000
 1.125000e-002,-1.480691e+003,-2.000982e+003, 3.383302e+003, 8.709125e+000, 2.149111e+002,-1.615191e+002, 0.000000e+000, 0.000000e+000, 0.000000e+000, 0.000000e+000
 1.130000e-002,-1.426359e+003,-2.057338e+003, 3.376062e+003, 6.443406e-001, 2.351465e+002,-1.599143e+002, 0.000000e+000, 0.000000e+000, 0.000000e+000, 0.000000e+000
 1.135000e-002,-1.372071e+003,-2.110879e+003, 3.366994e+003,-6.969523e+000, 2.556133e+002,-1.578273e+002, 0.000000e+000, 0.000000e+000, 0.000000e+000, 0.000000e+000
 1.140000e-002,-1.317427e+003,-2.163406e+003, 3.357497e+003,-1.408444e+001, 2.761459e+002,-1.552690e+002, 0.000000e+000, 0.000000e+000, 0.000000e+000, 0.000000e+000
 1.145000e-002,-1.262794e+003,-2.213329e+003, 3.346249e+003,-2.065748e+001, 2.965956e+002,-1.522547e+002, 0.000000e+000, 0.000000e+000, 0.000000e+000, 0.000000e+000
 1.150000e-002,-1.207663e+003,-2.262285e+003, 3.334661e+003,-2.665808e+001, 3.168195e+002,-1.488058e+002, 0.000000e+000, 0.000000e+000, 0.000000e+000, 0.000000e+000
 1.155000e-002,-1.152533e+003,-2.308849e+003, 3.321371e+003,-3.205926e+001, 3.366914e+002,-1.449461e+002, 0.000000e+000, 0.000000e+000, 0.000000e+000, 0.000000e+000
 1.160000e-002,-1.096827e+003,-2.354446e+003, 3.307749e+003,-3.684221e+001, 3.560881e+002,-1.406999e+002, 0.000000e+000, 0.000000e+000, 0.000000e+000, 0.000000e+000
 1.165000e-002,-1.041154e+003,-2.397819e+003, 3.292446e+003,-4.098881e+001, 3.748998e+002,-1.360922e+002, 0.000000e+000, 0.000000e+000, 0.000000e+000, 0.000000e+000
 1.170000e-002,-9.849060e+002,-2.440161e+003, 3.276741e+003,-4.448380e+001, 3.930151e+002,-1.311426e+002, 0.000000e+000, 0.000000e+000, 0.000000e+000, 0.000000e+000
 1.175000e-002,-9.287580e+002,-2.480403e+003, 3.259359e+003,-4.731026e+001, 4.103333e+002,-1.258705e+002, 0.000000e+000, 0.000000e+000, 0.000000e+000, 0.000000e+000
 1.180000e-002,-8.721008e+002,-2.519517e+003, 3.241455e+003,-4.944990e+001, 4.267496e+002,-1.202862e+002, 0.000000e+000, 0.000000e+000, 0.000000e+000, 0.000000e+000
 1.185000e-002,-8.156115e+002,-2.556639e+003, 3.221891e+003,-5.088276e+001, 4.421689e+002,-1.144009e+002, 0.000000e+000, 0.000000e+000, 0.000000e+000, 0.000000e+000
 1.190000e-002,-7.587025e+002,-2.592558e+003, 3.201672e+003,-5.158585e+001, 4.564931e+002,-1.082157e+002, 0.000000e+000, 0.000000e+000, 0.000000e+000, 0.000000e+000
 1.195000e-002,-7.019841e+002,-2.626629e+003, 3.179860e+003,-5.153767e+001, 4.696363e+002,-1.017354e+002, 0.000000e+000, 0.000000e+000, 0.000000e+000, 0.000000e+000
 1.200000e-002,-6.449155e+002,-2.659491e+003, 3.157281e+003,-5.071504e+001, 4.815141e+002,-9.495659e+001, 0.000000e+000, 0.000000e+000, 0.000000e+000, 0.000000e+000
 1.205000e-002,-5.879770e+002,-2.690719e+003, 3.133249e+003,-4.910190e+001, 4.920591e+002,-8.788393e+001, 0.000000e+000, 0.000000e+000, 0.000000e+000, 0.000000e+000
 1.210000e-002,-5.307064e+002,-2.720825e+003, 3.108383e+003,-4.668397e+001, 5.012115e+002,-8.051683e+001, 0.000000e+000, 0.000000e+000, 0.000000e+000, 0.000000e+000
 1.215000e-002,-4.734107e+002,-2.749588e+003, 3.082271e+003,-4.346046e+001, 5.089332e+002,-7.286756e+001, 0.000000e+000, 0.000000e+000, 0.000000e+000, 0.000000e+000
 1.220000e-002,-4.157449e+002,-2.777389e+003, 3.055308e+003,-3.943617e+001, 5.151987e+002,-6.494606e+001, 0.000000e+000, 0.000000e+000, 0.000000e+000, 0.000000e+000
 1.225000e-002,-3.578245e+002,-2.804176e+003, 3.027353e+003,-3.463435e+001, 5.200069e+002,-5.677820e+001, 0.000000e+000, 0.000000e+000, 0.000000e+000, 0.000000e+000
 1.230000e-002,-2.994621e+002,-2.830187e+003, 2.998561e+003,-2.908612e+001, 5.233706e+002,-4.838955e+001, 0.000000e+000, 0.000000e+000, 0.000000e+000, 0.000000e+000
 1.235000e-002,-2.405870e+002,-2.855500e+003, 2.969040e+003,-2.284294e+001, 5.253259e+002,-3.982201e+001, 0.000000e+000, 0.000000e+000, 0.000000e+000, 0.000000e+000
 1.240000e-002,-1.812023e+002,-2.880179e+003, 2.938701e+003,-1.596382e+001, 5.259200e+002,-3.111746e+001, 0.000000e+000, 0.000000e+000, 0.000000e+000, 0.000000e+000
 1.245000e-002,-1.210730e+002,-2.904406e+003, 2.907865e+003,-8.526347e+000, 5.252184e+002,-2.233188e+001, 0.000000e+000, 0.000000e+000, 0.000000e+000, 0.000000e+000
 1.250000e-002,-6.040831e+001,-2.928053e+003, 2.876213e+003,-6.127897e-001, 5.232916e+002,-1.351988e+001, 0.000000e+000, 0.000000e+000, 0.000000e+000, 0.000000e+000
 1.255000e-002, 1.162052e+000,-2.951391e+003, 2.844232e+003, 7.680791e+000, 5.202213e+002,-4.745893e+000, 0.000000e+000, 0.000000e+000, 0.000000e+000, 0.000000e+000
 1.260000e-002, 6.323162e+001,-2.974101e+003, 2.811410e+003, 1.625784e+001, 5.160873e+002, 3.929044e+000, 0.000000e+000, 0.000000e+000, 0.000000e+000, 0.000000e+000
 1.265000e-002, 1.262755e+002,-2.996547e+003, 2.778354e+003, 2.501427e+001, 5.109740e+002, 1.243913e+001, 0.000000e+000, 0.000000e+000, 0.000000e+000, 0.000000e+000
 1.270000e-002, 1.897236e+002,-3.018237e+003, 2.744406e+003, 3.384943e+001, 5.049583e+002, 2.072367e+001, 0.000000e+000, 0.000000e+000, 0.000000e+000, 0.000000e+000
 1.275000e-002, 2.541274e+002,-3.039651e+003, 2.710254e+003, 4.266103e+001, 4.981176e+002, 2.872179e+001, 0.000000e+000, 0.000000e+000, 0.000000e+000, 0.000000e+000
 1.280000e-002, 3.188058e+002,-3.060152e+003, 2.675152e+003, 5.135258e+001, 4.905201e+002, 3.637827e+001, 0.000000e+000, 0.000000e+000, 0.000000e+000, 0.000000e+000
 1.285000e-002, 3.843579e+002,-3.080356e+003, 2.639828e+003, 5.983018e+001, 4.822338e+002, 4.364095e+001, 0.000000e+000, 0.000000e+000, 0.000000e+000, 0.000000e+000
 1.290000e-002, 4.500518e+002,-3.099522e+003, 2.603510e+003, 6.800597e+001, 4.733190e+002, 5.046256e+001, 0.000000e+000, 0.000000e+000, 0.000000e+000, 0.000000e+000
 1.295000e-002, 5.165030e+002,-3.118402e+003, 2.566927e+003, 7.579699e+001, 4.638383e+002, 5.680061e+001, 0.000000e+000, 0.000000e+000, 0.000000e+000, 0.000000e+000
 1.300000e-002, 5.829852e+002,-3.136186e+003, 2.529333e+003, 8.312482e+001, 4.538514e+002, 6.261572e+001, 0.000000e+000, 0.000000e+000, 0.000000e+000, 0.000000e+000
 1.305000e-002, 6.500942e+002,-3.153741e+003, 2.491422e+003, 8.991690e+001, 4.434224e+002, 6.787399e+001, 0.000000e+000, 0.000000e+000, 0.000000e+000, 0.000000e+000
 1.310000e-002, 7.171538e+002,-3.170216e+003, 2.452513e+003, 9.610319e+001, 4.326178e+002, 7.254272e+001, 0.000000e+000, 0.000000e+000, 0.000000e+000, 0.000000e+000
 1.315000e-002, 7.847002e+002,-3.186541e+003, 2.413232e+003, 1.016201e+002, 4.215100e+002, 7.659508e+001, 0.000000e+000, 0.000000e+000, 0.000000e+000, 0.000000e+000
 1.320000e-002, 8.521362e+002,-3.201845e+003, 2.372984e+003, 1.064055e+002, 4.101765e+002, 8.000415e+001, 0.000000e+000, 0.000000e+000, 0.000000e+000, 0.000000e+000
 1.325000e-002, 9.199009e+002,-3.217056e+003, 2.332300e+003, 1.104046e+002, 3.986991e+002, 8.274953e+001, 0.000000e+000, 0.000000e+000, 0.000000e+000, 0.000000e+000
 1.330000e-002, 9.874912e+002,-3.231305e+003, 2.290684e+003, 1.135643e+002, 3.871645e+002, 8.481073e+001, 0.000000e+000, 0.000000e+000, 0.000000e+000, 0.000000e+000
 1.335000e-002, 1.055221e+003,-3.245445e+003, 2.248551e+003, 1.158413e+002, 3.756584e+002, 8.617484e+001, 0.000000e+000, 0.000000e+000, 0.000000e+000, 0.000000e+000
 1.340000e-002, 1.122688e+003,-3.258636e+003, 2.205506e+003, 1.171955e+002, 3.642686e+002, 8.682985e+001, 0.000000e+000, 0.000000e+000, 0.000000e+000, 0.000000e+000
 1.345000e-002, 1.190067e+003,-3.271595e+003, 2.161847e+003, 1.175991e+002, 3.530746e+002, 8.677273e+001, 0.000000e+000, 0.000000e+000, 0.000000e+000, 0.000000e+000
 1.350000e-002, 1.257061e+003,-3.283554e+003, 2.117274e+003, 1.170296e+002, 3.421533e+002, 8.600276e+001, 0.000000e+000, 0.000000e+000, 0.000000e+000, 0.000000e+000
 1.355000e-002, 1.323712e+003,-3.295051e+003, 2.071976e+003, 1.154790e+002, 3.315663e+002, 8.452911e+001, 0.000000e+000, 0.000000e+000, 0.000000e+000, 0.000000e+000
 1.360000e-002, 1.389828e+003,-3.305441e+003, 2.025750e+003, 1.129466e+002, 3.213684e+002, 8.236434e+001, 0.000000e+000, 0.000000e+000, 0.000000e+000, 0.000000e+000
 1.365000e-002, 1.455339e+003,-3.315067e+003, 1.978689e+003, 1.094464e+002, 3.115947e+002, 7.953078e+001, 0.000000e+000, 0.000000e+000, 0.000000e+000, 0.000000e+000
 1.370000e-002, 1.520160e+003,-3.323459e+003, 1.930684e+003, 1.049999e+002, 3.022714e+002, 7.605420e+001, 0.000000e+000, 0.000000e+000, 0.000000e+000, 0.000000e+000
 1.375000e-002, 1.584140e+003,-3.330764e+003, 1.881758e+003, 9.964174e+001, 2.934039e+002, 7.196865e+001, 0.000000e+000, 0.000000e+000, 0.000000e+000, 0.000000e+000
 1.380000e-002, 1.647296e+003,-3.336732e+003, 1.831892e+003, 9.341293e+001, 2.849904e+002, 6.731049e+001, 0.000000e+000, 0.000000e+000, 0.000000e+000, 0.000000e+000
 1.385000e-002, 1.709425e+003,-3.341327e+003, 1.781058e+003, 8.636403e+001, 2.770102e+002, 6.212169e+001, 0.000000e+000, 0.000000e+000, 0.000000e+000, 0.000000e+000
 1.390000e-002, 1.770635e+003,-3.344535e+003, 1.729318e+003, 7.854928e+001, 2.694395e+002, 5.644452e+001, 0.000000e+000, 0.000000e+000, 0.000000e+000, 0.000000e+000
 1.395000e-002, 1.830697e+003,-3.346162e+003, 1.676609e+003, 7.002838e+001, 2.622402e+002, 5.032383e+001, 0.000000e+000, 0.000000e+000, 0.000000e+000, 0.000000e+000
 1.400000e-002, 1.889786e+003,-3.346417e+003, 1.623062e+003, 6.086187e+001, 2.553757e+002, 4.380254e+001, 0.000000e+000, 0.000000e+000, 0.000000e+000, 0.000000e+000
 1.405000e-002, 1.947660e+003,-3.344965e+003, 1.568584e+003, 5.111205e+001, 2.488006e+002, 3.692363e+001, 0.000000e+000, 0.000000e+000, 0.000000e+000, 0.000000e+000
 1.410000e-002, 2.004540e+003,-3.342206e+003, 1.513359e+003, 4.084010e+001, 2.424739e+002, 2.972661e+001, 0.000000e+000, 0.000000e+000, 0.000000e+000, 0.000000e+000
 1.415000e-002, 2.060171e+003,-3.337685e+003, 1.457262e+003, 3.010677e+001, 2.363508e+002, 2.224972e+001, 0.000000e+000, 0.000000e+000, 0.000000e+000, 0.000000e+000
 1.420000e-002, 2.114791e+003,-3.331934e+003, 1.400513e+003, 1.897133e+001, 2.303915e+002, 1.452744e+001, 0.000000e+000, 0.000000e+000, 0.000000e+000, 0.000000e+000
 1.425000e-002, 2.168136e+003,-3.324407e+003, 1.342950e+003, 7.492273e+000, 2.245549e+002, 6.593135e+000, 0.000000e+000, 0.000000e+000, 0.000000e+000, 0.000000e+000
 1.430000e-002, 2.220437e+003,-3.315704e+003, 1.284818e+003,-4.272243e+000, 2.188033e+002,-1.522586e+000, 0.000000e+000, 0.000000e+000, 0.000000e+000, 0.000000e+000
 1.435000e-002, 2.271421e+003,-3.305225e+003, 1.225909e+003,-1.626376e+001, 2.130988e+002,-9.788873e+000, 0.000000e+000, 0.000000e+000, 0.000000e+000, 0.000000e+000
 1.440000e-002, 2.321302e+003,-3.293581e+003, 1.166489e+003,-2.842224e+001, 2.074035e+002,-1.817589e+001, 0.000000e+000, 0.000000e+000, 0.000000e+000, 0.000000e+000
 1.445000e-002, 2.369803e+003,-3.280165e+003, 1.106302e+003,-4.068581e+001, 2.016795e+002,-2.665172e+001, 0.000000e+000, 0.000000e+000, 0.000000e+000, 0.000000e+000
 1.450000e-002, 2.417116e+003,-3.265551e+003, 1.045636e+003,-5.298944e+001, 1.958860e+002,-3.518376e+001, 0.000000e+000, 0.000000e+000, 0.000000e+000, 0.000000e+000
 1.455000e-002, 2.462976e+003,-3.249182e+003, 9.841939e+002,-6.526541e+001, 1.899830e+002,-4.373591e+001, 0.000000e+000, 0.000000e+000, 0.000000e+000, 0.000000e+000
 1.460000e-002, 2.507562e+003,-3.231560e+003, 9.222930e+002,-7.744249e+001, 1.839260e+002,-5.227052e+001, 0.000000e+000, 0.000000e+000, 0.000000e+000, 0.000000e+000
 1.465000e-002, 2.550629e+003,-3.212236e+003, 8.596036e+002,-8.944737e+001, 1.776733e+002,-6.074620e+001, 0.000000e+000, 0.000000e+000, 0.000000e+000, 0.000000e+000
 1.470000e-002, 2.592355e+003,-3.191615e+003, 7.964811e+002,-1.012045e+002, 1.711795e+002,-6.912041e+001, 0.000000e+000, 0.000000e+000, 0.000000e+000, 0.000000e+000
 1.475000e-002, 2.632532e+003,-3.169399e+003, 7.325740e+002,-1.126385e+002, 1.644058e+002,-7.734795e+001, 0.000000e+000, 0.000000e+000, 0.000000e+000, 0.000000e+000
 1.480000e-002, 2.671342e+003,-3.145883e+003, 6.682849e+002,-1.236744e+002, 1.573121e+002,-8.538409e+001, 0.000000e+000, 0.000000e+000, 0.000000e+000, 0.000000e+000
 1.485000e-002, 2.708620e+003,-3.120943e+003, 6.032465e+002,-1.342405e+002, 1.498690e+002,-9.318361e+001, 0.000000e+000, 0.000000e+000, 0.000000e+000, 0.000000e+000
 1.490000e-002, 2.744552e+003,-3.094746e+003, 5.379120e+002,-1.442686e+002, 1.420490e+002,-1.007041e+002, 0.000000e+000, 0.000000e+000, 0.000000e+000, 0.000000e+000
 1.495000e-002, 2.779021e+003,-3.067354e+003, 4.719001e+002,-1.536971e+002, 1.338388e+002,-1.079049e+002, 0.000000e+000, 0.000000e+000, 0.000000e+000, 0.000000e+000
 1.500000e-002, 2.812207e+003,-3.038782e+003, 4.057118e+002,-1.624709e+002, 1.252295e+002,-1.147507e+002, 0.000000e+000, 0.000000e+000, 0.000000e+000, 0.000000e+000
 1.505000e-002, 2.844035e+003,-3.009267e+003, 3.389472e+002,-1.705434e+002, 1.162275e+002,-1.212096e+002, 0.000000e+000, 0.000000e+000, 0.000000e+000, 0.000000e+000
 1.510000e-002, 2.874665e+003,-2.978660e+003, 2.721474e+002,-1.778760e+002, 1.068443e+002,-1.272567e+002, 0.000000e+000, 0.000000e+000, 0.000000e+000, 0.000000e+000
 1.515000e-002, 2.904059e+003,-2.947347e+003, 2.048858e+002,-1.844399e+002, 9.710591e+001,-1.328713e+002, 0.000000e+000, 0.000000e+000, 0.000000e+000, 0.000000e+000
 1.520000e-002, 2.932342e+003,-2.915010e+003, 1.377347e+002,-1.902139e+002, 8.704132e+001,-1.380398e+002, 0.000000e+000, 0.000000e+000, 0.000000e+000, 0.000000e+000
 1.525000e-002, 2.959504e+003,-2.882158e+003, 7.023171e+001,-1.951864e+002, 7.669112e+001,-1.427529e+002, 0.000000e+000, 0.000000e+000, 0.000000e+000, 0.000000e+000
 1.530000e-002, 2.985626e+003,-2.848305e+003, 2.973537e+000,-1.993520e+002, 6.609595e+001,-1.470071e+002, 0.000000e+000, 0.000000e+000, 0.000000e+000, 0.000000e+000
 1.535000e-002, 3.010727e+003,-2.814069e+003,-6.454456e+001,-2.027137e+002, 5.530369e+001,-1.508022e+002, 0.000000e+000, 0.000000e+000, 0.000000e+000, 0.000000e+000
 1.540000e-002, 3.034835e+003,-2.778812e+003,-1.317043e+002,-2.052790e+002, 4.435927e+001,-1.541427e+002, 0.000000e+000, 0.000000e+000, 0.000000e+000, 0.000000e+000
 1.545000e-002, 3.057998e+003,-2.743244e+003,-1.990541e+002,-2.070622e+002, 3.331092e+001,-1.570344e+002, 0.000000e+000, 0.000000e+000, 0.000000e+000, 0.000000e+000
 1.550000e-002, 3.080199e+003,-2.706611e+003,-2.659532e+002,-2.080809e+002, 2.220208e+001,-1.594866e+002, 0.000000e+000, 0.000000e+000, 0.000000e+000, 0.000000e+000
 1.555000e-002, 3.101512e+003,-2.669707e+003,-3.329896e+002,-2.083579e+002, 1.107708e+001,-1.615087e+002, 0.000000e+000, 0.000000e+000, 0.000000e+000, 0.000000e+000
 1.560000e-002, 3.121887e+003,-2.631692e+003,-3.994978e+002,-2.079191e+002,-2.451345e-002,-1.631127e+002, 0.000000e+000, 0.000000e+000, 0.000000e+000, 0.000000e+000
 1.565000e-002, 3.141421e+003,-2.593439e+003,-4.660970e+002,-2.067944e+002,-1.106279e+001,-1.643102e+002, 0.000000e+000, 0.000000e+000, 0.000000e+000, 0.000000e+000
 1.570000e-002, 3.160044e+003,-2.554061e+003,-5.320972e+002,-2.050169e+002,-2.200076e+001,-1.651149e+002, 0.000000e+000, 0.000000e+000, 0.000000e+000, 0.000000e+000
 1.575000e-002, 3.177868e+003,-2.514491e+003,-5.981375e+002,-2.026236e+002,-3.280030e+001,-1.655406e+002, 0.000000e+000, 0.000000e+000, 0.000000e+000, 0.000000e+000
 1.580000e-002, 3.194813e+003,-2.473822e+003,-6.635093e+002,-1.996548e+002,-4.342340e+001,-1.656029e+002, 0.000000e+000, 0.000000e+000, 0.000000e+000, 0.000000e+000
 1.585000e-002, 3.210995e+003,-2.433024e+003,-7.288594e+002,-1.961539e+002,-5.382987e+001,-1.653185e+002, 0.000000e+000, 0.000000e+000, 0.000000e+000, 0.000000e+000
 1.590000e-002, 3.226334e+003,-2.391194e+003,-7.934748e+002,-1.921680e+002,-6.397706e+001,-1.647053e+002, 0.000000e+000, 0.000000e+000, 0.000000e+000, 0.000000e+000
 1.595000e-002, 3.240929e+003,-2.349301e+003,-8.579958e+002,-1.877461e+002,-7.382008e+001,-1.637835e+002, 0.000000e+000, 0.000000e+000, 0.000000e+000, 0.000000e+000
 1.600000e-002, 3.254712e+003,-2.306465e+003,-9.217272e+002,-1.829402e+002,-8.331026e+001,-1.625737e+002, 0.000000e+000, 0.000000e+000, 0.000000e+000, 0.000000e+000
 1.605000e-002, 3.267743e+003,-2.263606e+003,-9.852862e+002,-1.778024e+002,-9.239832e+001,-1.610987e+002, 0.000000e+000, 0.000000e+000, 0.000000e+000, 0.000000e+000
 1.610000e-002, 3.279977e+003,-2.219888e+003,-1.048023e+003,-1.723868e+002,-1.010316e+002,-1.593808e+002, 0.000000e+000, 0.000000e+000, 0.000000e+000, 0.000000e+000
 1.615000e-002, 3.291419e+003,-2.176141e+003,-1.110511e+003,-1.667449e+002,-1.091602e+002,-1.574442e+002, 0.000000e+000, 0.000000e+000, 0.000000e+000, 0.000000e+000
 1.620000e-002, 3.302057e+003,-2.131594e+003,-1.172177e+003,-1.609287e+002,-1.167325e+002,-1.553103e+002, 0.000000e+000, 0.000000e+000, 0.000000e+000, 0.000000e+000
 1.625000e-002, 3.311826e+003,-2.086946e+003,-1.233521e+003,-1.549857e+002,-1.237043e+002,-1.530024e+002, 0.000000e+000, 0.000000e+000, 0.000000e+000, 0.000000e+000
 1.630000e-002, 3.320767e+003,-2.041526e+003,-1.294076e+003,-1.489618e+002,-1.300316e+002,-1.505388e+002, 0.000000e+000, 0.000000e+000, 0.000000e+000, 0.000000e+000
 1.635000e-002, 3.328739e+003,-1.995872e+003,-1.354241e+003,-1.428969e+002,-1.356820e+002,-1.479394e+002, 0.000000e+000, 0.000000e+000, 0.000000e+000, 0.000000e+000
 1.640000e-002, 3.335848e+003,-1.949450e+003,-1.413678e+003,-1.368288e+002,-1.406254e+002,-1.452170e+002, 0.000000e+000, 0.000000e+000, 0.000000e+000, 0.000000e+000
 1.645000e-002, 3.341878e+003,-1.902615e+003,-1.472651e+003,-1.307883e+002,-1.448459e+002,-1.423869e+002, 0.000000e+000, 0.000000e+000, 0.000000e+000, 0.000000e+000
 1.650000e-002, 3.347014e+003,-1.855014e+003,-1.530970e+003,-1.248043e+002,-1.483302e+002,-1.394563e+002, 0.000000e+000, 0.000000e+000, 0.000000e+000, 0.000000e+000
 1.655000e-002, 3.350967e+003,-1.806805e+003,-1.588737e+003,-1.188989e+002,-1.510807e+002,-1.364357e+002, 0.000000e+000, 0.000000e+000, 0.000000e+000, 0.000000e+000
 1.660000e-002, 3.354010e+003,-1.757849e+003,-1.645923e+003,-1.130934e+002,-1.531008e+002,-1.333277e+002, 0.000000e+000, 0.000000e+000, 0.000000e+000, 0.000000e+000
 1.665000e-002, 3.355784e+003,-1.708101e+003,-1.702447e+003,-1.074032e+002,-1.544092e+002,-1.301400e+002, 0.000000e+000, 0.000000e+000, 0.000000e+000, 0.000000e+000
 1.670000e-002, 3.356651e+003,-1.657656e+003,-1.758447e+003,-1.018443e+002,-1.550235e+002,-1.268734e+002, 0.000000e+000, 0.000000e+000, 0.000000e+000, 0.000000e+000
 1.675000e-002, 3.356188e+003,-1.606264e+003,-1.813654e+003,-9.642830e+001,-1.549745e+002,-1.235350e+002, 0.000000e+000, 0.000000e+000, 0.000000e+000, 0.000000e+000
 1.680000e-002, 3.354834e+003,-1.554258e+003,-1.868374e+003,-9.116794e+001,-1.542902e+002,-1.201267e+002, 0.000000e+000, 0.000000e+000, 0.000000e+000, 0.000000e+000
 1.685000e-002, 3.352107e+003,-1.501182e+003,-1.922155e+003,-8.607294e+001,-1.530092e+002,-1.166577e+002, 0.000000e+000, 0.000000e+000, 0.000000e+000, 0.000000e+000
 1.690000e-002, 3.348512e+003,-1.447594e+003,-1.975468e+003,-8.115440e+001,-1.511662e+002,-1.131334e+002, 0.000000e+000, 0.000000e+000, 0.000000e+000, 0.000000e+000
 1.695000e-002, 3.343510e+003,-1.392842e+003,-2.027699e+003,-7.642087e+001,-1.488047e+002,-1.095661e+002, 0.000000e+000, 0.000000e+000, 0.000000e+000, 0.000000e+000
 1.700000e-002, 3.337655e+003,-1.337682e+003,-2.079467e+003,-7.188162e+001,-1.459641e+002,-1.059654e+002, 0.000000e+000, 0.000000e+000, 0.000000e+000, 0.000000e+000
 1.705000e-002, 3.330360e+003,-1.281281e+003,-2.130032e+003,-6.754340e+001,-1.426916e+002,-1.023464e+002, 0.000000e+000, 0.000000e+000, 0.000000e+000, 0.000000e+000
 1.710000e-002, 3.322208e+003,-1.224556e+003,-2.180136e+003,-6.341230e+001,-1.390317e+002,-9.872173e+001, 0.000000e+000, 0.000000e+000, 0.000000e+000, 0.000000e+000
 1.715000e-002, 3.312579e+003,-1.166526e+003,-2.228951e+003,-5.949152e+001,-1.350356e+002,-9.510738e+001, 0.000000e+000, 0.000000e+000, 0.000000e+000, 0.000000e+000
 1.720000e-002, 3.302070e+003,-1.108230e+003,-2.277305e+003,-5.578214e+001,-1.307538e+002,-9.151688e+001, 0.000000e+000, 0.000000e+000, 0.000000e+000, 0.000000e+000
 1.725000e-002, 3.290044e+003,-1.048582e+003,-2.324327e+003,-5.228205e+001,-1.262427e+002,-8.796429e+001, 0.000000e+000, 0.000000e+000, 0.000000e+000, 0.000000e+000
 1.730000e-002, 3.277098e+003,-9.886964e+002,-2.370888e+003,-4.898581e+001,-1.215593e+002,-8.446144e+001, 0.000000e+000, 0.000000e+000, 0.000000e+000, 0.000000e+000
 1.735000e-002, 3.262602e+003,-9.274427e+002,-2.416114e+003,-4.588504e+001,-1.167649e+002,-8.101811e+001, 0.000000e+000, 0.000000e+000, 0.000000e+000, 0.000000e+000
 1.740000e-002, 3.247137e+003,-8.659662e+002,-2.460867e+003,-4.296744e+001,-1.119225e+002,-7.764259e+001, 0.000000e+000, 0.000000e+000, 0.000000e+000, 0.000000e+000
 1.745000e-002, 3.230105e+003,-8.031501e+002,-2.504311e+003,-4.021875e+001,-1.070962e+002,-7.433922e+001, 0.000000e+000, 0.000000e+000, 0.000000e+000, 0.000000e+000
 1.750000e-002, 3.212059e+003,-7.401271e+002,-2.547252e+003,-3.762086e+001,-1.023516e+002,-7.111229e+001, 0.000000e+000, 0.000000e+000, 0.000000e+000, 0.000000e+000
 1.755000e-002, 3.192454e+003,-6.758518e+002,-2.588924e+003,-3.515535e+001,-9.775153e+001,-6.796127e+001, 0.000000e+000, 0.000000e+000, 0.000000e+000, 0.000000e+000
 1.760000e-002, 3.171800e+003,-6.113986e+002,-2.630035e+003,-3.280051e+001,-9.335984e+001,-6.488747e+001, 0.000000e+000, 0.000000e+000, 0.000000e+000, 0.000000e+000
 1.765000e-002, 3.149624e+003,-5.458421e+002,-2.669920e+003,-3.053623e+001,-8.923314e+001,-6.188734e+001, 0.000000e+000, 0.000000e+000, 0.000000e+000, 0.000000e+000
 1.770000e-002, 3.126378e+003,-4.801523e+002,-2.709157e+003,-2.833995e+001,-8.542803e+001,-5.896122e+001, 0.000000e+000, 0.000000e+000, 0.000000e+000, 0.000000e+000
 1.775000e-002, 3.101678e+003,-4.135605e+002,-2.747205e+003,-2.619252e+001,-8.199051e+001,-5.610506e+001, 0.000000e+000, 0.000000e+000, 0.000000e+000, 0.000000e+000
 1.780000e-002, 3.075898e+003,-3.468883e+002,-2.784495e+003,-2.407295e+001,-7.896600e+001,-5.332032e+001, 0.000000e+000, 0.000000e+000, 0.000000e+000, 0.000000e+000
 1.785000e-002, 3.048752e+003,-2.795482e+002,-2.820625e+003,-2.196508e+001,-7.638714e+001,-5.060464e+001, 0.000000e+000, 0.000000e+000, 0.000000e+000, 0.000000e+000
 1.790000e-002, 3.020522e+003,-2.121749e+002,-2.855877e+003,-1.985124e+001,-7.428640e+001,-4.796199e+001, 0.000000e+000, 0.000000e+000, 0.000000e+000, 0.000000e+000
 1.795000e-002, 2.991030e+003,-1.443766e+002,-2.889994e+003,-1.771939e+001,-7.268292e+001,-4.539287e+001, 0.000000e+000, 0.000000e+000, 0.000000e+000, 0.000000e+000
 1.800000e-002, 2.960452e+003,-7.657399e+001,-2.923119e+003,-1.555597e+001,-7.159692e+001,-4.290392e+001, 0.000000e+000, 0.000000e+000, 0.000000e+000, 0.000000e+000
 1.805000e-002, 2.928720e+003,-8.577531e+000,-2.955132e+003,-1.335337e+001,-7.103613e+001,-4.049849e+001, 0.000000e+000, 0.000000e+000, 0.000000e+000, 0.000000e+000
 1.810000e-002, 2.895898e+003, 5.941940e+001,-2.986054e+003,-1.110230e+001,-7.101101e+001,-3.818496e+001, 0.000000e+000, 0.000000e+000, 0.000000e+000, 0.000000e+000
 1.815000e-002, 2.862034e+003, 1.274016e+002,-3.015889e+003,-8.799342e+000,-7.152109e+001,-3.596854e+001, 0.000000e+000, 0.000000e+000, 0.000000e+000, 0.000000e+000
 1.820000e-002, 2.827077e+003, 1.954017e+002,-3.044559e+003,-6.439343e+000,-7.257011e+001,-3.385794e+001, 0.000000e+000, 0.000000e+000, 0.000000e+000, 0.000000e+000
 1.825000e-002, 2.791185e+003, 2.632013e+002,-3.072163e+003,-4.022831e+000,-7.415237e+001,-3.185897e+001, 0.000000e+000, 0.000000e+000, 0.000000e+000, 0.000000e+000
 1.830000e-002, 2.754202e+003, 3.310445e+002,-3.098553e+003,-1.548758e+000,-7.626695e+001,-2.997932e+001, 0.000000e+000, 0.000000e+000, 0.000000e+000, 0.000000e+000
 1.835000e-002, 2.716391e+003, 3.985164e+002,-3.123890e+003, 9.784903e-001,-7.890453e+001,-2.822451e+001, 0.000000e+000, 0.000000e+000, 0.000000e+000, 0.000000e+000
 1.840000e-002, 2.677500e+003, 4.660491e+002,-3.147986e+003, 3.555624e+000,-8.205996e+001,-2.660061e+001, 0.000000e+000, 0.000000e+000, 0.000000e+000, 0.000000e+000
 1.845000e-002, 2.637882e+003, 5.330444e+002,-3.171024e+003, 6.174261e+000,-8.572000e+001,-2.511272e+001, 0.000000e+000, 0.000000e+000, 0.000000e+000, 0.000000e+000
 1.850000e-002, 2.597205e+003, 6.000950e+002,-3.192812e+003, 8.826454e+000,-8.987408e+001,-2.376544e+001, 0.000000e+000, 0.000000e+000, 0.000000e+000, 0.000000e+000
 1.855000e-002, 2.555899e+003, 6.664407e+002,-3.213516e+003, 1.149971e+001,-9.450340e+001,-2.256394e+001, 0.000000e+000, 0.000000e+000, 0.000000e+000, 0.000000e+000
 1.860000e-002, 2.513565e+003, 7.328068e+002,-3.232973e+003, 1.418134e+001,-9.958984e+001,-2.151211e+001, 0.000000e+000, 0.000000e+000, 0.000000e+000, 0.000000e+000
 1.865000e-002, 2.470686e+003, 7.983015e+002,-3.251302e+003, 1.685502e+001,-1.051071e+002,-2.061585e+001, 0.000000e+000, 0.000000e+000, 0.000000e+000, 0.000000e+000
 1.870000e-002, 2.426819e+003, 8.637556e+002,-3.268399e+003, 1.950379e+001,-1.110279e+002,-1.987900e+001, 0.000000e+000, 0.000000e+000, 0.000000e+000, 0.000000e+000
 1.875000e-002, 2.382472e+003, 9.281830e+002,-3.284309e+003, 2.210839e+001,-1.173175e+002,-1.930848e+001, 0.000000e+000, 0.000000e+000, 0.000000e+000, 0.000000e+000
 1.880000e-002, 2.337181e+003, 9.924937e+002,-3.299020e+003, 2.464883e+001,-1.239389e+002,-1.890816e+001, 0.000000e+000, 0.000000e+000, 0.000000e+000, 0.000000e+000
 1.885000e-002, 2.291452e+003, 1.055649e+003,-3.312479e+003, 2.710450e+001,-1.308497e+002,-1.868545e+001, 0.000000e+000, 0.000000e+000, 0.000000e+000, 0.000000e+000
 1.890000e-002, 2.244819e+003, 1.118609e+003,-3.324793e+003, 2.945422e+001,-1.380050e+002,-1.864344e+001, 0.000000e+000, 0.000000e+000, 0.000000e+000, 0.000000e+000
 1.895000e-002, 2.197765e+003, 1.180325e+003,-3.335794e+003, 3.167801e+001,-1.453570e+002,-1.878866e+001, 0.000000e+000, 0.000000e+000, 0.000000e+000, 0.000000e+000
 1.900000e-002, 2.149845e+003, 1.241778e+003,-3.345723e+003, 3.375562e+001,-1.528564e+002,-1.912198e+001, 0.000000e+000, 0.000000e+000, 0.000000e+000, 0.000000e+000
 1.905000e-002, 2.101496e+003, 1.301944e+003,-3.354289e+003, 3.566966e+001,-1.604538e+002,-1.964718e+001, 0.000000e+000, 0.000000e+000, 0.000000e+000, 0.000000e+000
 1.910000e-002, 2.052319e+003, 1.361791e+003,-3.361874e+003, 3.740271e+001,-1.680991e+002,-2.036136e+001, 0.000000e+000, 0.000000e+000, 0.000000e+000, 0.000000e+000
 1.915000e-002, 2.002686e+003, 1.420354e+003,-3.368055e+003, 3.894142e+001,-1.757453e+002,-2.126388e+001, 0.000000e+000, 0.000000e+000, 0.000000e+000, 0.000000e+000
 1.920000e-002, 1.952261e+003, 1.478550e+003,-3.373355e+003, 4.027247e+001,-1.833450e+002,-2.234700e+001, 0.000000e+000, 0.000000e+000, 0.000000e+000, 0.000000e+000
 1.925000e-002, 1.901348e+003, 1.535503e+003,-3.377218e+003, 4.138723e+001,-1.908565e+002,-2.360488e+001, 0.000000e+000, 0.000000e+000, 0.000000e+000, 0.000000e+000
 1.930000e-002, 1.849684e+003, 1.592039e+003,-3.380297e+003, 4.227690e+001,-1.982374e+002,-2.502493e+001, 0.000000e+000, 0.000000e+000, 0.000000e+000, 0.000000e+000
 1.935000e-002, 1.797498e+003, 1.647394e+003,-3.381907e+003, 4.293740e+001,-2.054526e+002,-2.659645e+001, 0.000000e+000, 0.000000e+000, 0.000000e+000, 0.000000e+000
 1.940000e-002, 1.744607e+003, 1.702273e+003,-3.382814e+003, 4.336413e+001,-2.124654e+002,-2.830315e+001, 0.000000e+000, 0.000000e+000, 0.000000e+000, 0.000000e+000
 1.945000e-002, 1.691169e+003, 1.756043e+003,-3.382220e+003, 4.355680e+001,-2.192471e+002,-3.013085e+001, 0.000000e+000, 0.000000e+000, 0.000000e+000, 0.000000e+000
 1.950000e-002, 1.637078e+003, 1.809263e+003,-3.380979e+003, 4.351425e+001,-2.257665e+002,-3.206152e+001, 0.000000e+000, 0.000000e+000, 0.000000e+000, 0.000000e+000
 1.955000e-002, 1.582425e+003, 1.861449e+003,-3.378203e+003, 4.323898e+001,-2.320002e+002,-3.407943e+001, 0.000000e+000, 0.000000e+000, 0.000000e+000, 0.000000e+000
 1.960000e-002, 1.527173e+003, 1.912997e+003,-3.374810e+003, 4.273251e+001,-2.379215e+002,-3.616692e+001, 0.000000e+000, 0.000000e+000, 0.000000e+000, 0.000000e+000
 1.965000e-002, 1.471355e+003, 1.963589e+003,-3.369854e+003, 4.199936e+001,-2.435115e+002,-3.830845e+001, 0.000000e+000, 0.000000e+000, 0.000000e+000, 0.000000e+000
 1.970000e-002, 1.414990e+003, 2.013447e+003,-3.364285e+003, 4.104327e+001,-2.487476e+002,-4.048833e+001, 0.000000e+000, 0.000000e+000, 0.000000e+000, 0.000000e+000
 1.975000e-002, 1.358064e+003, 2.062431e+003,-3.357137e+003, 3.987043e+001,-2.536152e+002,-4.269218e+001, 0.000000e+000, 0.000000e+000, 0.000000e+000, 0.000000e+000
 1.980000e-002, 1.300635e+003, 2.110591e+003,-3.349363e+003, 3.848685e+001,-2.580961e+002,-4.490689e+001, 0.000000e+000, 0.000000e+000, 0.000000e+000, 0.000000e+000
 1.985000e-002, 1.242657e+003, 2.157965e+003,-3.340017e+003, 3.690053e+001,-2.621806e+002,-4.711919e+001, 0.000000e+000, 0.000000e+000, 0.000000e+000, 0.000000e+000
 1.990000e-002, 1.184206e+003, 2.204440e+003,-3.330017e+003, 3.512020e+001,-2.658563e+002,-4.931812e+001, 0.000000e+000, 0.000000e+000, 0.000000e+000, 0.000000e+000
 1.995000e-002, 1.125225e+003, 2.250223e+003,-3.318483e+003, 3.315621e+001,-2.691195e+002,-5.149069e+001, 0.000000e+000, 0.000000e+000, 0.000000e+000, 0.000000e+000
 2.000000e-002, 1.065789e+003, 2.295047e+003,-3.306256e+003, 3.102056e+001,-2.719650e+002,-5.362700e+001, 0.000000e+000, 0.000000e+000, 0.000000e+000, 0.000000e+000
 2.005000e-002, 1.005847e+003, 2.339276e+003,-3.292565e+003, 2.872647e+001,-2.743961e+002,-5.571311e+001, 0.000000e+000, 0.000000e+000, 0.000000e+000, 0.000000e+000
 2.010000e-002, 9.454570e+002, 2.382500e+003,-3.278131e+003, 2.628966e+001,-2.764156e+002,-5.773907e+001, 0.000000e+000, 0.000000e+000, 0.000000e+000, 0.000000e+000
 2.015000e-002, 8.845933e+002, 2.425215e+003,-3.262330e+003, 2.372652e+001,-2.780343e+002,-5.968911e+001, 0.000000e+000, 0.000000e+000, 0.000000e+000, 0.000000e+000
 2.020000e-002, 8.232805e+002, 2.466886e+003,-3.245721e+003, 2.105648e+001,-2.792625e+002,-6.155258e+001, 0.000000e+000, 0.000000e+000, 0.000000e+000, 0.000000e+000
 2.025000e-002, 7.615370e+002, 2.508115e+003,-3.227863e+003, 1.829897e+001,-2.801170e+002,-6.331173e+001, 0.000000e+000, 0.000000e+000, 0.000000e+000, 0.000000e+000
 2.030000e-002, 6.993414e+002, 2.548261e+003,-3.209114e+003, 1.547658e+001,-2.806143e+002,-6.495535e+001, 0.000000e+000, 0.000000e+000, 0.000000e+000, 0.000000e+000
 2.035000e-002, 6.367704e+002, 2.588000e+003,-3.189243e+003, 1.261115e+001,-2.807750e+002,-6.646452e+001, 0.000000e+000, 0.000000e+000, 0.000000e+000, 0.000000e+000
 2.040000e-002, 5.737468e+002, 2.626609e+003,-3.168377e+003, 9.727523e+000,-2.806188e+002,-6.782827e+001, 0.000000e+000, 0.000000e+000, 0.000000e+000, 0.000000e+000
 2.045000e-002, 5.104161e+002, 2.664816e+003,-3.146521e+003, 6.848905e+000,-2.801678e+002,-6.902787e+001, 0.000000e+000, 0.000000e+000, 0.000000e+000, 0.000000e+000
 2.050000e-002, 4.466382e+002, 2.701838e+003,-3.123549e+003, 4.001144e+000,-2.794419e+002,-7.005388e+001, 0.000000e+000, 0.000000e+000, 0.000000e+000, 0.000000e+000
 2.055000e-002, 3.826333e+002, 2.738436e+003,-3.099716e+003, 1.207689e+000,-2.784618e+002,-7.088927e+001, 0.000000e+000, 0.000000e+000, 0.000000e+000, 0.000000e+000
 2.060000e-002, 3.181943e+002, 2.773791e+003,-3.074634e+003,-1.505889e+000,-2.772458e+002,-7.152711e+001, 0.000000e+000, 0.000000e+000, 0.000000e+000, 0.000000e+000
 2.065000e-002, 2.536176e+002, 2.808681e+003,-3.048817e+003,-4.117020e+000,-2.758114e+002,-7.195332e+001, 0.000000e+000, 0.000000e+000, 0.000000e+000, 0.000000e+000
 2.070000e-002, 1.886283e+002, 2.842277e+003,-3.021618e+003,-6.601560e+000,-2.741744e+002,-7.216403e+001, 0.000000e+000, 0.000000e+000, 0.000000e+000, 0.000000e+000
 2.075000e-002, 1.235965e+002, 2.875359e+003,-2.993805e+003,-8.938745e+000,-2.723490e+002,-7.214864e+001, 0.000000e+000, 0.000000e+000, 0.000000e+000, 0.000000e+000
 2.080000e-002, 5.818208e+001, 2.907109e+003,-2.964488e+003,-1.110681e+001,-2.703484e+002,-7.190615e+001, 0.000000e+000, 0.000000e+000, 0.000000e+000, 0.000000e+000
 2.085000e-002,-7.177117e+000, 2.938300e+003,-2.934669e+003,-1.308752e+001,-2.681844e+002,-7.142944e+001, 0.000000e+000, 0.000000e+000, 0.000000e+000, 0.000000e+000
 2.090000e-002,-7.288010e+001, 2.968133e+003,-2.903244e+003,-1.486222e+001,-2.658687e+002,-7.071978e+001, 0.000000e+000, 0.000000e+000, 0.000000e+000, 0.000000e+000
 2.095000e-002,-1.384305e+002, 2.997370e+003,-2.871418e+003,-1.641579e+001,-2.634118e+002,-6.977313e+001, 0.000000e+000, 0.000000e+000, 0.000000e+000, 0.000000e+000
 2.100000e-002,-2.042762e+002, 3.025238e+003,-2.837910e+003,-1.773331e+001,-2.608251e+002,-6.859223e+001, 0.000000e+000, 0.000000e+000, 0.000000e+000, 0.000000e+000
 2.105000e-002,-2.698742e+002, 3.052476e+003,-2.804084e+003,-1.880322e+001,-2.581190e+002,-6.717586e+001, 0.000000e+000, 0.000000e+000, 0.000000e+000, 0.000000e+000
 2.110000e-002,-3.357085e+002, 3.078339e+003,-2.768528e+003,-1.961490e+001,-2.553050e+002,-6.552773e+001, 0.000000e+000, 0.000000e+000, 0.000000e+000, 0.000000e+000
 2.115000e-002,-4.012042e+002, 3.103541e+003,-2.732713e+003,-2.016082e+001,-2.523935e+002,-6.364939e+001, 0.000000e+000, 0.000000e+000, 0.000000e+000, 0.000000e+000
 2.120000e-002,-4.668656e+002, 3.127359e+003,-2.695145e+003,-2.043513e+001,-2.493959e+002,-6.154557e+001, 0.000000e+000, 0.000000e+000, 0.000000e+000, 0.000000e+000
 2.125000e-002,-5.321033e+002, 3.150478e+003,-2.657347e+003,-2.043472e+001,-2.463220e+002,-5.922096e+001, 0.000000e+000, 0.000000e+000, 0.000000e+000, 0.000000e+000
 2.130000e-002,-5.974247e+002, 3.172197e+003,-2.617804e+003,-2.015893e+001,-2.431817e+002,-5.668163e+001, 0.000000e+000, 0.000000e+000, 0.000000e+000, 0.000000e+000
 2.135000e-002,-6.622454e+002, 3.193170e+003,-2.578024e+003,-1.960928e+001,-2.399828e+002,-5.393599e+001, 0.000000e+000, 0.000000e+000, 0.000000e+000, 0.000000e+000
 2.140000e-002,-7.270573e+002, 3.212716e+003,-2.536535e+003,-1.879049e+001,-2.367326e+002,-5.099196e+001, 0.000000e+000, 0.000000e+000, 0.000000e+000, 0.000000e+000
 2.145000e-002,-7.913024e+002, 3.231462e+003,-2.494771e+003,-1.770873e+001,-2.334352e+002,-4.786204e+001, 0.000000e+000, 0.000000e+000, 0.000000e+000, 0.000000e+000
 2.150000e-002,-8.554381e+002, 3.248748e+003,-2.451366e+003,-1.637391e+001,-2.300939e+002,-4.455621e+001, 0.000000e+000, 0.000000e+000, 0.000000e+000, 0.000000e+000
 2.155000e-002,-9.189550e+002, 3.265176e+003,-2.407621e+003,-1.479646e+001,-2.267087e+002,-4.109089e+001, 0.000000e+000, 0.000000e+000, 0.000000e+000, 0.000000e+000
 2.160000e-002,-9.822567e+002, 3.280112e+003,-2.362337e+003,-1.299098e+001,-2.232784e+002,-3.747779e+001, 0.000000e+000, 0.000000e+000, 0.000000e+000, 0.000000e+000
 2.165000e-002,-1.044904e+003, 3.294137e+003,-2.316629e+003,-1.097144e+001,-2.197989e+002,-3.373643e+001, 0.000000e+000, 0.000000e+000, 0.000000e+000, 0.000000e+000
 2.170000e-002,-1.107228e+003, 3.306647e+003,-2.269519e+003,-8.756182e+000,-2.162654e+002,-2.987936e+001, 0.000000e+000, 0.000000e+000, 0.000000e+000, 0.000000e+000
 2.175000e-002,-1.168881e+003, 3.318200e+003,-2.221888e+003,-6.361723e+000,-2.126705e+002,-2.592777e+001, 0.000000e+000, 0.000000e+000, 0.000000e+000, 0.000000e+000
 2.180000e-002,-1.230101e+003, 3.328234e+003,-2.173024e+003,-3.808978e+000,-2.090073e+002,-2.189377e+001, 0.000000e+000, 0.000000e+000, 0.000000e+000, 0.000000e+000
 2.185000e-002,-1.290652e+003, 3.337275e+003,-2.123540e+003,-1.115883e+000,-2.052669e+002,-1.779864e+001, 0.000000e+000, 0.000000e+000, 0.000000e+000, 0.000000e+000
 2.190000e-002,-1.350662e+003, 3.344810e+003,-2.073016e+003, 1.695278e+000,-2.014418e+002,-1.365284e+001, 0.000000e+000, 0.000000e+000, 0.000000e+000, 0.000000e+000
 2.195000e-002,-1.410019e+003, 3.351327e+003,-2.021767e+003, 4.606212e+000,-1.975235e+002,-9.476293e+000, 0.000000e+000, 0.000000e+000, 0.000000e+000, 0.000000e+000
 2.200000e-002,-1.468731e+003, 3.356366e+003,-1.969690e+003, 7.594337e+000,-1.935055e+002,-5.277095e+000, 0.000000e+000, 0.000000e+000, 0.000000e+000, 0.000000e+000
 2.205000e-002,-1.526817e+003, 3.360368e+003,-1.916782e+003, 1.064180e+001,-1.893803e+002,-1.072948e+000, 0.000000e+000, 0.000000e+000, 0.000000e+000, 0.000000e+000
 2.210000e-002,-1.584153e+003, 3.362932e+003,-1.863263e+003, 1.372651e+001,-1.851435e+002, 3.130479e+000, 0.000000e+000, 0.000000e+000, 0.000000e+000, 0.000000e+000
 2.215000e-002,-1.640899e+003, 3.364437e+003,-1.808806e+003, 1.683152e+001,-1.807893e+002, 7.317837e+000, 0.000000e+000, 0.000000e+000, 0.000000e+000, 0.000000e+000
 2.220000e-002,-1.696792e+003, 3.364549e+003,-1.753947e+003, 1.993567e+001,-1.763152e+002, 1.148529e+001, 0.000000e+000, 0.000000e+000, 0.000000e+000, 0.000000e+000
 2.225000e-002,-1.752132e+003, 3.363577e+003,-1.698047e+003, 2.302305e+001,-1.717172e+002, 1.561944e+001, 0.000000e+000, 0.000000e+000, 0.000000e+000, 0.000000e+000
 2.230000e-002,-1.806519e+003, 3.361260e+003,-1.641938e+003, 2.607366e+001,-1.669943e+002, 1.971729e+001, 0.000000e+000, 0.000000e+000, 0.000000e+000, 0.000000e+000
 2.235000e-002,-1.860387e+003, 3.357830e+003,-1.584693e+003, 2.907252e+001,-1.621437e+002, 2.376673e+001, 0.000000e+000, 0.000000e+000, 0.000000e+000, 0.000000e+000
 2.240000e-002,-1.913207e+003, 3.353105e+003,-1.527411e+003, 3.200086e+001,-1.571657e+002, 2.776463e+001, 0.000000e+000, 0.000000e+000, 0.000000e+000, 0.000000e+000
 2.245000e-002,-1.965539e+003, 3.347234e+003,-1.468912e+003, 3.484454e+001,-1.520585e+002, 3.169972e+001, 0.000000e+000, 0.000000e+000, 0.000000e+000, 0.000000e+000
 2.250000e-002,-2.016735e+003, 3.340125e+003,-1.410528e+003, 3.758612e+001,-1.468238e+002, 3.556810e+001, 0.000000e+000, 0.000000e+000, 0.000000e+000, 0.000000e+000
 2.255000e-002,-2.067467e+003, 3.331839e+003,-1.350870e+003, 4.021231e+001,-1.414608e+002, 3.935929e+001, 0.000000e+000, 0.000000e+000, 0.000000e+000, 0.000000e+000
 2.260000e-002,-2.116988e+003, 3.322382e+003,-1.291452e+003, 4.270728e+001,-1.359731e+002, 4.306851e+001, 0.000000e+000, 0.000000e+000, 0.000000e+000, 0.000000e+000
 2.265000e-002,-2.166063e+003, 3.311721e+003,-1.230737e+003, 4.505882e+001,-1.303619e+002, 4.668653e+001, 0.000000e+000, 0.000000e+000, 0.000000e+000, 0.000000e+000
 2.270000e-002,-2.213868e+003, 3.299966e+003,-1.170362e+003, 4.725320e+001,-1.246335e+002, 5.020809e+001, 0.000000e+000, 0.000000e+000, 0.000000e+000, 0.000000e+000
 2.275000e-002,-2.261236e+003, 3.286989e+003,-1.108702e+003, 4.927972e+001,-1.187921e+002, 5.362593e+001, 0.000000e+000, 0.000000e+000, 0.000000e+000, 0.000000e+000
 2.280000e-002,-2.307295e+003, 3.273003e+003,-1.047458e+003, 5.112735e+001,-1.128472e+002, 5.693495e+001, 0.000000e+000, 0.000000e+000, 0.000000e+000, 0.000000e+000
 2.285000e-002,-2.352919e+003, 3.257783e+003,-9.849804e+002, 5.278748e+001,-1.068071e+002, 6.013058e+001, 0.000000e+000, 0.000000e+000, 0.000000e+000, 0.000000e+000
 2.290000e-002,-2.397213e+003, 3.241645e+003,-9.229643e+002, 5.425240e+001,-1.006851e+002, 6.320845e+001, 0.000000e+000, 0.000000e+000, 0.000000e+000, 0.000000e+000
 2.295000e-002,-2.441064e+003, 3.224260e+003,-8.598015e+002, 5.551609e+001,-9.449322e+001, 6.616711e+001, 0.000000e+000, 0.000000e+000, 0.000000e+000, 0.000000e+000
 2.300000e-002,-2.483583e+003, 3.206047e+003,-7.971144e+002, 5.657459e+001,-8.824866e+001, 6.900312e+001, 0.000000e+000, 0.000000e+000, 0.000000e+000, 0.000000e+000
 2.305000e-002,-2.525640e+003, 3.186568e+003,-7.334008e+002, 5.742484e+001,-8.196653e+001, 7.171815e+001, 0.000000e+000, 0.000000e+000, 0.000000e+000, 0.000000e+000
 2.310000e-002,-2.566380e+003, 3.166345e+003,-6.701428e+002, 5.806680e+001,-7.566662e+001, 7.430955e+001, 0.000000e+000, 0.000000e+000, 0.000000e+000, 0.000000e+000
 2.315000e-002,-2.606626e+003, 3.144829e+003,-6.060060e+002, 5.850041e+001,-6.936595e+001, 7.678160e+001, 0.000000e+000, 0.000000e+000, 0.000000e+000, 0.000000e+000
 2.320000e-002,-2.645583e+003, 3.122640e+003,-5.422717e+002, 5.872943e+001,-6.308537e+001, 7.913201e+001, 0.000000e+000, 0.000000e+000, 0.000000e+000, 0.000000e+000
 2.325000e-002,-2.684001e+003, 3.099123e+003,-4.778294e+002, 5.875655e+001,-5.684221e+001, 8.136697e+001, 0.000000e+000, 0.000000e+000, 0.000000e+000, 0.000000e+000
 2.330000e-002,-2.721166e+003, 3.074993e+003,-4.137073e+002, 5.858889e+001,-5.065671e+001, 8.348409e+001, 0.000000e+000, 0.000000e+000, 0.000000e+000, 0.000000e+000
 2.335000e-002,-2.757734e+003, 3.049492e+003,-3.490670e+002, 5.823150e+001,-4.454510e+001, 8.549074e+001, 0.000000e+000, 0.000000e+000, 0.000000e+000, 0.000000e+000
 2.340000e-002,-2.793094e+003, 3.023429e+003,-2.846419e+002, 5.769423e+001,-3.852577e+001, 8.738415e+001, 0.000000e+000, 0.000000e+000, 0.000000e+000, 0.000000e+000
 2.345000e-002,-2.827787e+003, 2.995953e+003,-2.199040e+002, 5.698396e+001,-3.261296e+001, 8.917234e+001, 0.000000e+000, 0.000000e+000, 0.000000e+000, 0.000000e+000
 2.350000e-002,-2.861320e+003, 2.967959e+003,-1.552618e+002, 5.611264e+001,-2.682259e+001, 9.085224e+001, 0.000000e+000, 0.000000e+000, 0.000000e+000, 0.000000e+000
 2.355000e-002,-2.894106e+003, 2.938515e+003,-9.052336e+001, 5.508850e+001,-2.116674e+001, 9.243229e+001, 0.000000e+000, 0.000000e+000, 0.000000e+000, 0.000000e+000
 2.360000e-002,-2.925786e+003, 2.908595e+003,-2.575512e+001, 5.392492e+001,-1.565886e+001, 9.390939e+001, 0.000000e+000, 0.000000e+000, 0.000000e+000, 0.000000e+000
 2.365000e-002,-2.956631e+003, 2.877201e+003, 3.888749e+001, 5.263106e+001,-1.030921e+001, 9.529237e+001, 0.000000e+000, 0.000000e+000, 0.000000e+000, 0.000000e+000
 2.370000e-002,-2.986424e+003, 2.845370e+003, 1.036843e+002, 5.122122e+001,-5.129178e+000, 9.657854e+001, 0.000000e+000, 0.000000e+000, 0.000000e+000, 0.000000e+000
 2.375000e-002,-3.015294e+003, 2.812053e+003, 1.681354e+002, 4.970513e+001,-1.277894e-001, 9.777705e+001, 0.000000e+000, 0.000000e+000, 0.000000e+000, 0.000000e+000
 2.380000e-002,-3.043163e+003, 2.778333e+003, 2.328584e+002, 4.809747e+001, 4.685253e+000, 9.888599e+001, 0.000000e+000, 0.000000e+000, 0.000000e+000, 0.000000e+000
 2.385000e-002,-3.070018e+003, 2.743129e+003, 2.970258e+002, 4.640823e+001, 9.301781e+000, 9.991454e+001, 0.000000e+000, 0.000000e+000, 0.000000e+000, 0.000000e+000
 2.390000e-002,-3.095921e+003, 2.707548e+003, 3.615717e+002, 4.465194e+001, 1.371367e+001, 1.008616e+002, 0.000000e+000, 0.000000e+000, 0.000000e+000, 0.000000e+000
 2.395000e-002,-3.120722e+003, 2.670496e+003, 4.253705e+002, 4.283848e+001, 1.791368e+001, 1.017361e+002, 0.000000e+000, 0.000000e+000, 0.000000e+000, 0.000000e+000
 2.400000e-002,-3.144611e+003, 2.633077e+003, 4.896394e+002, 4.098167e+001, 2.189564e+001, 1.025375e+002, 0.000000e+000, 0.000000e+000, 0.000000e+000, 0.000000e+000
 2.405000e-002,-3.167315e+003, 2.594210e+003, 5.529952e+002, 3.909083e+001, 2.565377e+001, 1.032734e+002, 0.000000e+000, 0.000000e+000, 0.000000e+000, 0.000000e+000
 2.410000e-002,-3.189136e+003, 2.554970e+003, 6.168937e+002, 3.717843e+001, 2.918458e+001, 1.039438e+002, 0.000000e+000, 0.000000e+000, 0.000000e+000, 0.000000e+000
 2.415000e-002,-3.209695e+003, 2.514312e+003, 6.797421e+002, 3.525279e+001, 3.248459e+001, 1.045544e+002, 0.000000e+000, 0.000000e+000, 0.000000e+000, 0.000000e+000
 2.420000e-002,-3.229389e+003, 2.473258e+003, 7.431828e+002, 3.332442e+001, 3.555381e+001, 1.051051e+002, 0.000000e+000, 0.000000e+000, 0.000000e+000, 0.000000e+000
 2.425000e-002,-3.247752e+003, 2.430821e+003, 8.054669e+002, 3.140024e+001, 3.839180e+001, 1.055995e+002, 0.000000e+000, 0.000000e+000, 0.000000e+000, 0.000000e+000
 2.430000e-002,-3.265255e+003, 2.387954e+003, 8.683648e+002, 2.948835e+001, 4.100266e+001, 1.060370e+002, 0.000000e+000, 0.000000e+000, 0.000000e+000, 0.000000e+000
 2.435000e-002,-3.281374e+003, 2.343750e+003, 9.300291e+002, 2.759403e+001, 4.338940e+001, 1.064192e+002, 0.000000e+000, 0.000000e+000, 0.000000e+000, 0.000000e+000
 2.440000e-002,-3.296623e+003, 2.299072e+003, 9.922973e+002, 2.572274e+001, 4.556023e+001, 1.067453e+002, 0.000000e+000, 0.000000e+000, 0.000000e+000, 0.000000e+000
 2.445000e-002,-3.310449e+003, 2.253116e+003, 1.053282e+003, 2.387814e+001, 4.752154e+001, 1.070150e+002, 0.000000e+000, 0.000000e+000, 0.000000e+000, 0.000000e+000
 2.450000e-002,-3.323385e+003, 2.206638e+003, 1.114827e+003, 2.206313e+001, 4.928516e+001, 1.072281e+002, 0.000000e+000, 0.000000e+000, 0.000000e+000, 0.000000e+000
 2.455000e-002,-3.334880e+003, 2.158957e+003, 1.175062e+003, 2.028004e+001, 5.086021e+001, 1.073830e+002, 0.000000e+000, 0.000000e+000, 0.000000e+000, 0.000000e+000
 2.460000e-002,-3.345451e+003, 2.110706e+003, 1.235782e+003, 1.852951e+001, 5.226125e+001, 1.074804e+002, 0.000000e+000, 0.000000e+000, 0.000000e+000, 0.000000e+000
 2.465000e-002,-3.354587e+003, 2.061340e+003, 1.295189e+003, 1.681303e+001, 5.349932e+001, 1.075185e+002, 0.000000e+000, 0.000000e+000, 0.000000e+000, 0.000000e+000
 2.470000e-002,-3.362752e+003, 2.011362e+003, 1.354976e+003, 1.512950e+001, 5.459061e+001, 1.074996e+002, 0.000000e+000, 0.000000e+000, 0.000000e+000, 0.000000e+000
 2.475000e-002,-3.369510e+003, 1.960365e+003, 1.413468e+003, 1.348003e+001, 5.554726e+001, 1.074219e+002, 0.000000e+000, 0.000000e+000, 0.000000e+000, 0.000000e+000
 2.480000e-002,-3.375241e+003, 1.908721e+003, 1.472210e+003, 1.186233e+001, 5.638625e+001, 1.072896e+002, 0.000000e+000, 0.000000e+000, 0.000000e+000, 0.000000e+000
 2.485000e-002,-3.379611e+003, 1.856159e+003, 1.529697e+003, 1.027753e+001, 5.712023e+001, 1.071013e+002, 0.000000e+000, 0.000000e+000, 0.000000e+000, 0.000000e+000
 2.490000e-002,-3.382889e+003, 1.802919e+003, 1.587287e+003, 8.722536e+000, 5.776643e+001, 1.068630e+002, 0.000000e+000, 0.000000e+000, 0.000000e+000, 0.000000e+000
 2.495000e-002,-3.384869e+003, 1.748863e+003, 1.643680e+003, 7.198687e+000, 5.833776e+001, 1.065737e+002, 0.000000e+000, 0.000000e+000, 0.000000e+000, 0.000000e+000
 2.500000e-002,-3.385681e+003, 1.694102e+003, 1.700019e+003, 5.702309e+000, 5.885146e+001, 1.062407e+002, 0.000000e+000, 0.000000e+000, 0.000000e+000, 0.000000e+000
 2.505000e-002,-3.385270e+003, 1.638626e+003, 1.755235e+003, 4.234890e+000, 5.932071e+001, 1.058632e+002, 0.000000e+000, 0.000000e+000, 0.000000e+000, 0.000000e+000
 2.510000e-002,-3.383606e+003, 1.582424e+003, 1.810233e+003, 2.792222e+000, 5.976269e+001, 1.054490e+002, 0.000000e+000, 0.000000e+000, 0.000000e+000, 0.000000e+000
 2.515000e-002,-3.380804e+003, 1.525600e+003, 1.864196e+003, 1.375713e+000, 6.019084e+001, 1.049974e+002, 0.000000e+000, 0.000000e+000, 0.000000e+000, 0.000000e+000
 2.520000e-002,-3.376659e+003, 1.468040e+003, 1.917774e+003,-1.939811e-002, 6.062212e+001, 1.045163e+002, 0.000000e+000, 0.000000e+000, 0.000000e+000, 0.000000e+000
 2.525000e-002,-3.371464e+003, 1.409949e+003, 1.970410e+003,-1.392064e+000, 6.107006e+001, 1.040046e+002, 0.000000e+000, 0.000000e+000, 0.000000e+000, 0.000000e+000
 2.530000e-002,-3.364837e+003, 1.351120e+003, 2.022495e+003,-2.747568e+000, 6.155096e+001, 1.034700e+002, 0.000000e+000, 0.000000e+000, 0.000000e+000, 0.000000e+000
 2.535000e-002,-3.357250e+003, 1.291850e+003, 2.073735e+003,-4.085410e+000, 6.207790e+001, 1.029112e+002, 0.000000e+000, 0.000000e+000, 0.000000e+000, 0.000000e+000
 2.540000e-002,-3.348143e+003, 1.231857e+003, 2.124257e+003,-5.411204e+000, 6.266580e+001, 1.023356e+002, 0.000000e+000, 0.000000e+000, 0.000000e+000, 0.000000e+000
 2.545000e-002,-3.338166e+003, 1.171509e+003, 2.174029e+003,-6.725007e+000, 6.332651e+001, 1.017417e+002, 0.000000e+000, 0.000000e+000, 0.000000e+000, 0.000000e+000
 2.550000e-002,-3.326595e+003, 1.110468e+003, 2.222921e+003,-8.032377e+000, 6.407269e+001, 1.011368e+002, 0.000000e+000, 0.000000e+000, 0.000000e+000, 0.000000e+000
 2.555000e-002,-3.314236e+003, 1.049160e+003, 2.271150e+003,-9.333756e+000, 6.491405e+001, 1.005197e+002, 0.000000e+000, 0.000000e+000, 0.000000e+000, 0.000000e+000
 2.560000e-002,-3.300225e+003, 9.872014e+002, 2.318344e+003,-1.063411e+001, 6.586018e+001, 9.989738e+001, 0.000000e+000, 0.000000e+000, 0.000000e+000, 0.000000e+000
 2.565000e-002,-3.285501e+003, 9.250607e+002, 2.364952e+003,-1.193398e+001, 6.691794e+001, 9.926933e+001, 0.000000e+000, 0.000000e+000, 0.000000e+000, 0.000000e+000
 2.570000e-002,-3.269086e+003, 8.623247e+002, 2.410382e+003,-1.323718e+001, 6.809335e+001, 9.864247e+001, 0.000000e+000, 0.000000e+000, 0.000000e+000, 0.000000e+000
 2.575000e-002,-3.252022e+003, 7.994852e+002, 2.455295e+003,-1.454404e+001, 6.939008e+001, 9.801691e+001, 0.000000e+000, 0.000000e+000, 0.000000e+000, 0.000000e+000
 2.580000e-002,-3.233250e+003, 7.361129e+002, 2.498899e+003,-1.585675e+001, 7.081057e+001, 9.739941e+001, 0.000000e+000, 0.000000e+000, 0.000000e+000, 0.000000e+000
 2.585000e-002,-3.213876e+003, 6.727073e+002, 2.542044e+003,-1.717526e+001, 7.235551e+001, 9.679064e+001, 0.000000e+000, 0.000000e+000, 0.000000e+000, 0.000000e+000
 2.590000e-002,-3.192802e+003, 6.088343e+002, 2.583764e+003,-1.849986e+001, 7.402415e+001, 9.619692e+001, 0.000000e+000, 0.000000e+000, 0.000000e+000, 0.000000e+000
 2.595000e-002,-3.171151e+003, 5.449876e+002, 2.625074e+003,-1.983007e+001, 7.581474e+001, 9.561935e+001, 0.000000e+000, 0.000000e+000, 0.000000e+000, 0.000000e+000
 2.600000e-002,-3.147833e+003, 4.807395e+002, 2.664864e+003,-2.116425e+001, 7.772410e+001, 9.506344e+001, 0.000000e+000, 0.000000e+000, 0.000000e+000, 0.000000e+000
 2.605000e-002,-3.123942e+003, 4.165668e+002, 2.704278e+003,-2.250159e+001, 7.974876e+001, 9.453045e+001, 0.000000e+000, 0.000000e+000, 0.000000e+000, 0.000000e+000
 2.610000e-002,-3.098439e+003, 3.520583e+002, 2.742095e+003,-2.383864e+001, 8.188390e+001, 9.402486e+001, 0.000000e+000, 0.000000e+000, 0.000000e+000, 0.000000e+000
 2.615000e-002,-3.072345e+003, 2.876655e+002, 2.779557e+003,-2.517445e+001, 8.412499e+001, 9.354789e+001, 0.000000e+000, 0.000000e+000, 0.000000e+000, 0.000000e+000
 2.620000e-002,-3.044717e+003, 2.230028e+002, 2.815365e+003,-2.650398e+001, 8.646615e+001, 9.310284e+001, 0.000000e+000, 0.000000e+000, 0.000000e+000, 0.000000e+000
 2.625000e-002,-3.016457e+003, 1.584904e+002, 2.850822e+003,-2.782630e+001, 8.890220e+001, 9.269091e+001, 0.000000e+000, 0.000000e+000, 0.000000e+000, 0.000000e+000
 2.630000e-002,-2.986763e+003, 9.377595e+001, 2.884586e+003,-2.913504e+001, 9.142648e+001, 9.231420e+001, 0.000000e+000, 0.000000e+000, 0.000000e+000, 0.000000e+000
 2.635000e-002,-2.956375e+003, 2.924377e+001, 2.917989e+003,-3.042932e+001, 9.403322e+001, 9.197393e+001, 0.000000e+000, 0.000000e+000, 0.000000e+000, 0.000000e+000
 2.640000e-002,-2.924674e+003,-3.542014e+001, 2.949676e+003,-3.170167e+001, 9.671500e+001, 9.167117e+001, 0.000000e+000, 0.000000e+000, 0.000000e+000, 0.000000e+000
 2.645000e-002,-2.892203e+003,-9.986977e+001, 2.980973e+003,-3.295126e+001, 9.946533e+001, 9.140726e+001, 0.000000e+000, 0.000000e+000, 0.000000e+000, 0.000000e+000
 2.650000e-002,-2.858554e+003,-1.643789e+002, 3.010551e+003,-3.416967e+001, 1.022759e+002, 9.118237e+001, 0.000000e+000, 0.000000e+000, 0.000000e+000, 0.000000e+000
 2.655000e-002,-2.824046e+003,-2.286409e+002, 3.039696e+003,-3.535608e+001, 1.051393e+002, 9.099802e+001, 0.000000e+000, 0.000000e+000, 0.000000e+000, 0.000000e+000
 2.660000e-002,-2.788508e+003,-2.928902e+002, 3.067135e+003,-3.650135e+001, 1.080463e+002, 9.085347e+001, 0.000000e+000, 0.000000e+000, 0.000000e+000, 0.000000e+000
 2.665000e-002,-2.752012e+003,-3.568591e+002, 3.094085e+003,-3.760464e+001, 1.109884e+002, 9.075037e+001, 0.000000e+000, 0.000000e+000, 0.000000e+000, 0.000000e+000
 2.670000e-002,-2.714643e+003,-4.207462e+002, 3.119360e+003,-3.865641e+001, 1.139558e+002, 9.068700e+001, 0.000000e+000, 0.000000e+000, 0.000000e+000, 0.000000e+000
 2.675000e-002,-2.676212e+003,-4.843204e+002, 3.144079e+003,-3.965589e+001, 1.169393e+002, 9.066486e+001, 0.000000e+000, 0.000000e+000, 0.000000e+000, 0.000000e+000
 2.680000e-002,-2.637063e+003,-5.477497e+002, 3.167170e+003,-4.059364e+001, 1.199286e+002, 9.068106e+001, 0.000000e+000, 0.000000e+000, 0.000000e+000, 0.000000e+000
 2.685000e-002,-2.596748e+003,-6.108353e+002, 3.189630e+003,-4.146910e+001, 1.229144e+002, 9.073663e+001, 0.000000e+000, 0.000000e+000, 0.000000e+000, 0.000000e+000
 2.690000e-002,-2.555866e+003,-6.737211e+002, 3.210524e+003,-4.227351e+001, 1.258867e+002, 9.082727e+001, 0.000000e+000, 0.000000e+000, 0.000000e+000, 0.000000e+000
 2.695000e-002,-2.513718e+003,-7.362338e+002, 3.230706e+003,-4.300685e+001, 1.288365e+002, 9.095323e+001, 0.000000e+000, 0.000000e+000, 0.000000e+000, 0.000000e+000
 2.700000e-002,-2.471143e+003,-7.985005e+002, 3.249395e+003,-4.366161e+001, 1.317549e+002, 9.110872e+001, 0.000000e+000, 0.000000e+000, 0.000000e+000, 0.000000e+000
 2.705000e-002,-2.427211e+003,-8.603652e+002, 3.267283e+003,-4.423852e+001, 1.346338e+002, 9.129298e+001, 0.000000e+000, 0.000000e+000, 0.000000e+000, 0.000000e+000
 2.710000e-002,-2.382979e+003,-9.219451e+002, 3.283762e+003,-4.473186e+001, 1.374657e+002, 9.149876e+001, 0.000000e+000, 0.000000e+000, 0.000000e+000, 0.000000e+000
 2.715000e-002,-2.337313e+003,-9.830923e+002, 3.299347e+003,-4.514323e+001, 1.402440e+002, 9.172436e+001, 0.000000e+000, 0.000000e+000, 0.000000e+000, 0.000000e+000
 2.720000e-002,-2.291457e+003,-1.043922e+003, 3.313610e+003,-4.546899e+001, 1.429626e+002, 9.196133e+001, 0.000000e+000, 0.000000e+000, 0.000000e+000, 0.000000e+000
 2.725000e-002,-2.244109e+003,-1.104284e+003, 3.326880e+003,-4.571159e+001, 1.456162e+002, 9.220716e+001, 0.000000e+000, 0.000000e+000, 0.000000e+000, 0.000000e+000
 2.730000e-002,-2.196666e+003,-1.164299e+003, 3.338918e+003,-4.586949e+001, 1.482006e+002, 9.245270e+001, 0.000000e+000, 0.000000e+000, 0.000000e+000, 0.000000e+000
 2.735000e-002,-2.147695e+003,-1.223808e+003, 3.349861e+003,-4.594574e+001, 1.507117e+002, 9.269499e+001, 0.000000e+000, 0.000000e+000, 0.000000e+000, 0.000000e+000
 2.740000e-002,-2.098702e+003,-1.282942e+003, 3.359661e+003,-4.594079e+001, 1.531462e+002, 9.292462e+001, 0.000000e+000, 0.000000e+000, 0.000000e+000, 0.000000e+000
 2.745000e-002,-2.048176e+003,-1.341526e+003, 3.368264e+003,-4.585789e+001, 1.555012e+002, 9.313857e+001, 0.000000e+000, 0.000000e+000, 0.000000e+000, 0.000000e+000
 2.750000e-002,-1.997679e+003,-1.399708e+003, 3.375808e+003,-4.569922e+001, 1.577746e+002, 9.332765e+001, 0.000000e+000, 0.000000e+000, 0.000000e+000, 0.000000e+000
 2.755000e-002,-1.945670e+003,-1.457295e+003, 3.382056e+003,-4.546789e+001, 1.599639e+002, 9.348901e+001, 0.000000e+000, 0.000000e+000, 0.000000e+000, 0.000000e+000
 2.760000e-002,-1.893722e+003,-1.514454e+003, 3.387326e+003,-4.516748e+001, 1.620678e+002, 9.361410e+001, 0.000000e+000, 0.000000e+000, 0.000000e+000, 0.000000e+000
 2.765000e-002,-1.840311e+003,-1.570970e+003, 3.391207e+003,-4.480073e+001, 1.640848e+002, 9.370033e+001, 0.000000e+000, 0.000000e+000, 0.000000e+000, 0.000000e+000
 2.770000e-002,-1.786968e+003,-1.627034e+003, 3.394182e+003,-4.437240e+001, 1.660142e+002, 9.373995e+001, 0.000000e+000, 0.000000e+000, 0.000000e+000, 0.000000e+000
 2.775000e-002,-1.732239e+003,-1.682411e+003, 3.395687e+003,-4.388474e+001, 1.678551e+002, 9.373068e+001, 0.000000e+000, 0.000000e+000, 0.000000e+000, 0.000000e+000
 2.780000e-002,-1.677561e+003,-1.737312e+003, 3.396352e+003,-4.334363e+001, 1.696078e+002, 9.366564e+001, 0.000000e+000, 0.000000e+000, 0.000000e+000, 0.000000e+000
 2.785000e-002,-1.621596e+003,-1.791485e+003, 3.395476e+003,-4.275091e+001, 1.712725e+002, 9.354270e+001, 0.000000e+000, 0.000000e+000, 0.000000e+000, 0.000000e+000
 2.790000e-002,-1.565647e+003,-1.845156e+003, 3.393818e+003,-4.211350e+001, 1.728501e+002, 9.335589e+001, 0.000000e+000, 0.000000e+000, 0.000000e+000, 0.000000e+000
 2.795000e-002,-1.508531e+003,-1.898063e+003, 3.390562e+003,-4.143301e+001, 1.743420e+002, 9.310311e+001, 0.000000e+000, 0.000000e+000, 0.000000e+000, 0.000000e+000
 2.800000e-002,-1.451375e+003,-1.950440e+003, 3.386572e+003,-4.071739e+001, 1.757501e+002, 9.277931e+001, 0.000000e+000, 0.000000e+000, 0.000000e+000, 0.000000e+000
 2.805000e-002,-1.393188e+003,-2.002020e+003, 3.380941e+003,-3.996817e+001, 1.770766e+002, 9.238238e+001, 0.000000e+000, 0.000000e+000, 0.000000e+000, 0.000000e+000
 2.810000e-002,-1.334896e+003,-2.053038e+003, 3.374610e+003,-3.919418e+001, 1.783241e+002, 9.190823e+001, 0.000000e+000, 0.000000e+000, 0.000000e+000, 0.000000e+000
 2.815000e-002,-1.275720e+003,-2.103227e+003, 3.366614e+003,-3.839699e+001, 1.794955e+002, 9.135475e+001, 0.000000e+000, 0.000000e+000, 0.000000e+000, 0.000000e+000
 2.820000e-002,-1.216364e+003,-2.152813e+003, 3.357936e+003,-3.758604e+001, 1.805934e+002, 9.071898e+001, 0.000000e+000, 0.000000e+000, 0.000000e+000, 0.000000e+000
 2.825000e-002,-1.156283e+003,-2.201542e+003, 3.347585e+003,-3.676292e+001, 1.816210e+002, 8.999890e+001, 0.000000e+000, 0.000000e+000, 0.000000e+000, 0.000000e+000
 2.830000e-002,-1.095946e+003,-2.249620e+003, 3.336555e+003,-3.593724e+001, 1.825806e+002, 8.919281e+001, 0.000000e+000, 0.000000e+000, 0.000000e+000, 0.000000e+000
 2.835000e-002,-1.035046e+003,-2.296815e+003, 3.323861e+003,-3.511053e+001, 1.834749e+002, 8.829890e+001, 0.000000e+000, 0.000000e+000, 0.000000e+000, 0.000000e+000
 2.840000e-002,-9.738182e+002,-2.343303e+003, 3.310475e+003,-3.429211e+001, 1.843054e+002, 8.731684e+001, 0.000000e+000, 0.000000e+000, 0.000000e+000, 0.000000e+000
 2.845000e-002,-9.121891e+002,-2.388884e+003, 3.295453e+003,-3.348326e+001, 1.850741e+002, 8.624513e+001, 0.000000e+000, 0.000000e+000, 0.000000e+000, 0.000000e+000
 2.850000e-002,-8.501677e+002,-2.433697e+003, 3.279710e+003,-3.269253e+001, 1.857812e+002, 8.508487e+001, 0.000000e+000, 0.000000e+000, 0.000000e+000, 0.000000e+000
 2.855000e-002,-7.879014e+002,-2.477584e+003, 3.262377e+003,-3.192091e+001, 1.864277e+002, 8.383486e+001, 0.000000e+000, 0.000000e+000, 0.000000e+000, 0.000000e+000
 2.860000e-002,-7.251915e+002,-2.520640e+003, 3.244282e+003,-3.117579e+001, 1.870126e+002, 8.249754e+001, 0.000000e+000, 0.000000e+000, 0.000000e+000, 0.000000e+000
 2.865000e-002,-6.623812e+002,-2.562758e+003, 3.224658e+003,-3.045781e+001, 1.875361e+002, 8.107202e+001, 0.000000e+000, 0.000000e+000, 0.000000e+000, 0.000000e+000
 2.870000e-002,-5.990920e+002,-2.603977e+003, 3.204219e+003,-2.977300e+001, 1.879960e+002, 7.956192e+001, 0.000000e+000, 0.000000e+000, 0.000000e+000, 0.000000e+000
 2.875000e-002,-5.358306e+002,-2.644255e+003, 3.182331e+003,-2.912173e+001, 1.883917e+002, 7.796655e+001, 0.000000e+000, 0.000000e+000, 0.000000e+000, 0.000000e+000
 2.880000e-002,-4.720738e+002,-2.683569e+003, 3.159564e+003,-2.850851e+001, 1.887204e+002, 7.629053e+001, 0.000000e+000, 0.000000e+000, 0.000000e+000, 0.000000e+000
 2.885000e-002,-4.084530e+002,-2.721942e+003, 3.135439e+003,-2.793356e+001, 1.889813e+002, 7.453335e+001, 0.000000e+000, 0.000000e+000, 0.000000e+000, 0.000000e+000
 2.890000e-002,-3.443418e+002,-2.759288e+003, 3.110366e+003,-2.739981e+001, 1.891710e+002, 7.270039e+001, 0.000000e+000, 0.000000e+000, 0.000000e+000, 0.000000e+000
 2.895000e-002,-2.804528e+002,-2.795700e+003, 3.084038e+003,-2.690746e+001, 1.892886e+002, 7.079134e+001, 0.000000e+000, 0.000000e+000, 0.000000e+000, 0.000000e+000
 2.900000e-002,-2.161013e+002,-2.831022e+003, 3.056687e+003,-2.645782e+001, 1.893306e+002, 6.881219e+001, 0.000000e+000, 0.000000e+000, 0.000000e+000, 0.000000e+000
 2.905000e-002,-1.520350e+002,-2.865420e+003, 3.028188e+003,-2.605106e+001, 1.892959e+002, 6.676291e+001, 0.000000e+000, 0.000000e+000, 0.000000e+000, 0.000000e+000
 2.910000e-002,-8.755832e+001,-2.898666e+003, 2.998590e+003,-2.568687e+001, 1.891813e+002, 6.464995e+001, 0.000000e+000, 0.000000e+000, 0.000000e+000, 0.000000e+000
 2.915000e-002,-2.340693e+001,-2.930999e+003, 2.967957e+003,-2.536530e+001, 1.889854e+002, 6.247369e+001, 0.000000e+000, 0.000000e+000, 0.000000e+000, 0.000000e+000
 2.920000e-002, 4.107901e+001,-2.962119e+003, 2.936150e+003,-2.508437e+001, 1.887048e+002, 6.024095e+001, 0.000000e+000, 0.000000e+000, 0.000000e+000, 0.000000e+000
 2.925000e-002, 1.052214e+002,-2.992336e+003, 2.903418e+003,-2.484393e+001, 1.883381e+002, 5.795263e+001, 0.000000e+000, 0.000000e+000, 0.000000e+000, 0.000000e+000
 2.930000e-002, 1.696006e+002,-3.021283e+003, 2.869445e+003,-2.464031e+001, 1.878817e+002, 5.561578e+001, 0.000000e+000, 0.000000e+000, 0.000000e+000, 0.000000e+000
 2.935000e-002, 2.336383e+002,-3.049335e+003, 2.834653e+003,-2.447306e+001, 1.873337e+002, 5.323187e+001, 0.000000e+000, 0.000000e+000, 0.000000e+000, 0.000000e+000
 2.940000e-002, 2.977966e+002,-3.076066e+003, 2.798560e+003,-2.433694e+001, 1.866904e+002, 5.080802e+001, 0.000000e+000, 0.000000e+000, 0.000000e+000, 0.000000e+000
 2.945000e-002, 3.616334e+002,-3.101906e+003, 2.761750e+003,-2.423114e+001, 1.859496e+002, 4.834621e+001, 0.000000e+000, 0.000000e+000, 0.000000e+000, 0.000000e+000
 2.950000e-002, 4.254603e+002,-3.126381e+003, 2.723593e+003,-2.414912e+001, 1.851077e+002, 4.585336e+001, 0.000000e+000, 0.000000e+000, 0.000000e+000, 0.000000e+000
 2.955000e-002, 4.890013e+002,-3.149968e+003, 2.684812e+003,-2.408976e+001, 1.841621e+002, 4.333187e+001, 0.000000e+000, 0.000000e+000, 0.000000e+000, 0.000000e+000
 2.960000e-002, 5.523928e+002,-3.172157e+003, 2.644651e+003,-2.404563e+001, 1.831096e+002, 4.078813e+001, 0.000000e+000, 0.000000e+000, 0.000000e+000, 0.000000e+000
 2.965000e-002, 6.155458e+002,-3.193454e+003, 2.603950e+003,-2.401547e+001, 1.819476e+002, 3.822480e+001, 0.000000e+000, 0.000000e+000, 0.000000e+000, 0.000000e+000
 2.970000e-002, 6.784055e+002,-3.213335e+003, 2.561856e+003,-2.399144e+001, 1.806736e+002, 3.564742e+001, 0.000000e+000, 0.000000e+000, 0.000000e+000, 0.000000e+000
 2.975000e-002, 7.410816e+002,-3.232316e+003, 2.519293e+003,-2.397234e+001, 1.792853e+002, 3.305872e+001, 0.000000e+000, 0.000000e+000, 0.000000e+000, 0.000000e+000
 2.980000e-002, 8.033216e+002,-3.249876e+003, 2.475341e+003,-2.395042e+001, 1.777812e+002, 3.046316e+001, 0.000000e+000, 0.000000e+000, 0.000000e+000, 0.000000e+000
 2.985000e-002, 8.654348e+002,-3.266520e+003, 2.430978e+003,-2.392471e+001, 1.761596e+002, 2.786342e+001, 0.000000e+000, 0.000000e+000, 0.000000e+000, 0.000000e+000
 2.990000e-002, 9.269745e+002,-3.281751e+003, 2.385248e+003,-2.388800e+001, 1.744203e+002, 2.526276e+001, 0.000000e+000, 0.000000e+000, 0.000000e+000, 0.000000e+000
 2.995000e-002, 9.884404e+002,-3.296043e+003, 2.339149e+003,-2.383959e+001, 1.725623e+002, 2.266370e+001, 0.000000e+000, 0.000000e+000, 0.000000e+000, 0.000000e+000
 3.000000e-002, 1.049205e+003,-3.308944e+003, 2.291723e+003,-2.377313e+001, 1.705867e+002, 2.006833e+001, 0.000000e+000, 0.000000e+000, 0.000000e+000, 0.000000e+000
 3.005000e-002, 1.109939e+003,-3.320871e+003, 2.243956e+003,-2.368815e+001, 1.684932e+002, 1.747905e+001, 0.000000e+000, 0.000000e+000, 0.000000e+000, 0.000000e+000
 3.010000e-002, 1.169857e+003,-3.331443e+003, 2.194917e+003,-2.357934e+001, 1.662842e+002, 1.489688e+001, 0.000000e+000, 0.000000e+000, 0.000000e+000, 0.000000e+000
 3.015000e-002, 1.229774e+003,-3.340994e+003, 2.145551e+003,-2.344625e+001, 1.639598e+002, 1.232420e+001, 0.000000e+000, 0.000000e+000, 0.000000e+000, 0.000000e+000
 3.020000e-002, 1.288776e+003,-3.349239e+003, 2.094982e+003,-2.328473e+001, 1.615239e+002, 9.761114e+000, 0.000000e+000, 0.000000e+000, 0.000000e+000, 0.000000e+000
 3.025000e-002, 1.347787e+003,-3.356404e+003, 2.044086e+003,-2.309415e+001, 1.589769e+002, 7.210083e+000, 0.000000e+000, 0.000000e+000, 0.000000e+000, 0.000000e+000
 3.030000e-002, 1.405807e+003,-3.362326e+003, 1.992068e+003,-2.287152e+001, 1.563235e+002, 4.670520e+000, 0.000000e+000, 0.000000e+000, 0.000000e+000, 0.000000e+000
 3.035000e-002, 1.463824e+003,-3.367099e+003, 1.939713e+003,-2.261588e+001, 1.535647e+002, 2.144997e+000, 0.000000e+000, 0.000000e+000, 0.000000e+000, 0.000000e+000
 3.040000e-002, 1.520795e+003,-3.370702e+003, 1.886327e+003,-2.232541e+001, 1.507062e+002,-3.675810e-001, 0.000000e+000, 0.000000e+000, 0.000000e+000, 0.000000e+000
 3.045000e-002, 1.577730e+003,-3.373082e+003, 1.832586e+003,-2.199875e+001, 1.477492e+002,-2.864523e+000, 0.000000e+000, 0.000000e+000, 0.000000e+000, 0.000000e+000
 3.050000e-002, 1.633589e+003,-3.374375e+003, 1.777913e+003,-2.163532e+001, 1.447006e+002,-5.347303e+000, 0.000000e+000, 0.000000e+000, 0.000000e+000, 0.000000e+000
 3.055000e-002, 1.689355e+003,-3.374364e+003, 1.722861e+003,-2.123337e+001, 1.415620e+002,-7.813164e+000, 0.000000e+000, 0.000000e+000, 0.000000e+000, 0.000000e+000
 3.060000e-002, 1.744041e+003,-3.373359e+003, 1.666984e+003,-2.079363e+001, 1.383411e+002,-1.026387e+001, 0.000000e+000, 0.000000e+000, 0.000000e+000, 0.000000e+000
 3.065000e-002, 1.798553e+003,-3.370967e+003, 1.610699e+003,-2.031408e+001, 1.350404e+002,-1.269668e+001, 0.000000e+000, 0.000000e+000, 0.000000e+000, 0.000000e+000
 3.070000e-002, 1.852009e+003,-3.367678e+003, 1.553699e+003,-1.979683e+001, 1.316686e+002,-1.511356e+001, 0.000000e+000, 0.000000e+000, 0.000000e+000, 0.000000e+000
 3.075000e-002, 1.905189e+003,-3.362919e+003, 1.496264e+003,-1.923967e+001, 1.282287e+002,-1.751191e+001, 0.000000e+000, 0.000000e+000, 0.000000e+000, 0.000000e+000
 3.080000e-002, 1.957358e+003,-3.357363e+003, 1.438224e+003,-1.864611e+001, 1.247304e+002,-1.989380e+001, 0.000000e+000, 0.000000e+000, 0.000000e+000, 0.000000e+000
 3.085000e-002, 2.009129e+003,-3.350254e+003, 1.379722e+003,-1.801391e+001, 1.211774e+002,-2.225680e+001, 0.000000e+000, 0.000000e+000, 0.000000e+000, 0.000000e+000
 3.090000e-002, 2.059955e+003,-3.342444e+003, 1.320724e+003,-1.734782e+001, 1.175798e+002,-2.460301e+001, 0.000000e+000, 0.000000e+000, 0.000000e+000, 0.000000e+000
 3.095000e-002, 2.110243e+003,-3.333005e+003, 1.261242e+003,-1.664563e+001, 1.139419e+002,-2.693019e+001, 0.000000e+000, 0.000000e+000, 0.000000e+000, 0.000000e+000
 3.100000e-002, 2.159670e+003,-3.322952e+003, 1.201369e+003,-1.591314e+001, 1.102739e+002,-2.924031e+001, 0.000000e+000, 0.000000e+000, 0.000000e+000, 0.000000e+000
 3.105000e-002, 2.208404e+003,-3.311201e+003, 1.140992e+003,-1.514819e+001, 1.065804e+002,-3.153132e+001, 0.000000e+000, 0.000000e+000, 0.000000e+000, 0.000000e+000
 3.110000e-002, 2.256372e+003,-3.298913e+003, 1.080325e+003,-1.435732e+001, 1.028712e+002,-3.380495e+001, 0.000000e+000, 0.000000e+000, 0.000000e+000, 0.000000e+000
 3.115000e-002, 2.303484e+003,-3.284868e+003, 1.019143e+003,-1.353844e+001, 9.915104e+001,-3.605930e+001, 0.000000e+000, 0.000000e+000, 0.000000e+000, 0.000000e+000
 3.120000e-002, 2.349930e+003,-3.270350e+003, 9.577610e+002,-1.269849e+001, 9.542863e+001,-3.829573e+001, 0.000000e+000, 0.000000e+000, 0.000000e+000, 0.000000e+000
 3.125000e-002, 2.395354e+003,-3.254030e+003, 8.958622e+002,-1.183548e+001, 9.170882e+001,-4.051249e+001, 0.000000e+000, 0.000000e+000, 0.000000e+000, 0.000000e+000
 3.130000e-002, 2.440214e+003,-3.237285e+003, 8.338473e+002,-1.095643e+001, 8.799898e+001,-4.271049e+001, 0.000000e+000, 0.000000e+000, 0.000000e+000, 0.000000e+000
 3.135000e-002, 2.483888e+003,-3.218708e+003, 7.713217e+002,-1.005955e+001, 8.430378e+001,-4.488813e+001, 0.000000e+000, 0.000000e+000, 0.000000e+000, 0.000000e+000
 3.140000e-002, 2.527094e+003,-3.199740e+003, 7.087547e+002,-9.151626e+000, 8.062920e+001,-4.704589e+001, 0.000000e+000, 0.000000e+000, 0.000000e+000, 0.000000e+000
 3.145000e-002, 2.568962e+003,-3.178931e+003, 6.456937e+002,-8.231193e+000, 7.697974e+001,-4.918234e+001, 0.000000e+000, 0.000000e+000, 0.000000e+000, 0.000000e+000
 3.150000e-002, 2.610447e+003,-3.157745e+003, 5.826570e+002,-7.304617e+000, 7.335992e+001,-5.129752e+001, 0.000000e+000, 0.000000e+000, 0.000000e+000, 0.000000e+000
 3.155000e-002, 2.650454e+003,-3.134733e+003, 5.191531e+002,-6.370880e+000, 6.977415e+001,-5.339025e+001, 0.000000e+000, 0.000000e+000, 0.000000e+000, 0.000000e+000
 3.160000e-002, 2.690150e+003,-3.111341e+003, 4.557305e+002,-5.435705e+000, 6.622559e+001,-5.546016e+001, 0.000000e+000, 0.000000e+000, 0.000000e+000, 0.000000e+000
 3.165000e-002, 2.728248e+003,-3.086157e+003, 3.918774e+002,-4.498663e+000, 6.271865e+001,-5.750632e+001, 0.000000e+000, 0.000000e+000, 0.000000e+000, 0.000000e+000
 3.170000e-002, 2.766086e+003,-3.060573e+003, 3.281537e+002,-3.564626e+000, 5.925518e+001,-5.952803e+001, 0.000000e+000, 0.000000e+000, 0.000000e+000, 0.000000e+000
 3.175000e-002, 2.802231e+003,-3.033255e+003, 2.640453e+002,-2.633823e+000, 5.583966e+001,-6.152461e+001, 0.000000e+000, 0.000000e+000, 0.000000e+000, 0.000000e+000
 3.180000e-002, 2.838143e+003,-3.005497e+003, 2.001062e+002,-1.710061e+000, 5.247263e+001,-6.349501e+001, 0.000000e+000, 0.000000e+000, 0.000000e+000, 0.000000e+000
 3.185000e-002, 2.872292e+003,-2.976085e+003, 1.358361e+002,-7.942092e-001, 4.915860e+001,-6.543875e+001, 0.000000e+000, 0.000000e+000, 0.000000e+000, 0.000000e+000
 3.190000e-002, 2.906208e+003,-2.946175e+003, 7.176780e+001, 1.111974e-001, 4.589683e+001,-6.735448e+001, 0.000000e+000, 0.000000e+000, 0.000000e+000, 0.000000e+000
 3.195000e-002, 2.938320e+003,-2.914708e+003, 7.428300e+000, 1.004728e+000, 4.269175e+001,-6.924184e+001, 0.000000e+000, 0.000000e+000, 0.000000e+000, 0.000000e+000
 3.200000e-002, 2.970171e+003,-2.882669e+003,-5.668266e+001, 1.885302e+000, 3.954129e+001,-7.109917e+001, 0.000000e+000, 0.000000e+000, 0.000000e+000, 0.000000e+000
 3.205000e-002, 3.000208e+003,-2.849190e+003,-1.210002e+002, 2.751039e+000, 3.644965e+001,-7.292613e+001, 0.000000e+000, 0.000000e+000, 0.000000e+000, 0.000000e+000
 3.210000e-002, 3.029926e+003,-2.815050e+003,-1.850668e+002, 3.602415e+000, 3.341347e+001,-7.472081e+001, 0.000000e+000, 0.000000e+000, 0.000000e+000, 0.000000e+000
 3.215000e-002, 3.057850e+003,-2.779600e+003,-2.492720e+002, 4.437202e+000, 3.043656e+001,-7.648282e+001, 0.000000e+000, 0.000000e+000, 0.000000e+000, 0.000000e+000
 3.220000e-002, 3.085371e+003,-2.743390e+003,-3.132062e+002, 5.257429e+000, 2.751438e+001,-7.821007e+001, 0.000000e+000, 0.000000e+000, 0.000000e+000, 0.000000e+000
 3.225000e-002, 3.111145e+003,-2.706015e+003,-3.772090e+002, 6.060585e+000, 2.465031e+001,-7.990212e+001, 0.000000e+000, 0.000000e+000, 0.000000e+000, 0.000000e+000
 3.230000e-002, 3.136409e+003,-2.667772e+003,-4.409212e+002, 6.850114e+000, 2.183880e+001,-8.155682e+001, 0.000000e+000, 0.000000e+000, 0.000000e+000, 0.000000e+000
 3.235000e-002, 3.160000e+003,-2.628518e+003,-5.046315e+002, 7.623246e+000, 1.908282e+001,-8.317371e+001, 0.000000e+000, 0.000000e+000, 0.000000e+000, 0.000000e+000
 3.240000e-002, 3.182955e+003,-2.588287e+003,-5.680301e+002, 8.384591e+000, 1.637610e+001,-8.475075e+001, 0.000000e+000, 0.000000e+000, 0.000000e+000, 0.000000e+000
 3.245000e-002, 3.204334e+003,-2.547206e+003,-6.313569e+002, 9.131120e+000, 1.372127e+001,-8.628751e+001, 0.000000e+000, 0.000000e+000, 0.000000e+000, 0.000000e+000
 3.250000e-002, 3.224935e+003,-2.505038e+003,-6.943483e+002, 9.868291e+000, 1.111168e+001,-8.778223e+001, 0.000000e+000, 0.000000e+000, 0.000000e+000, 0.000000e+000
 3.255000e-002, 3.244074e+003,-2.462184e+003,-7.572000e+002, 1.059282e+001, 8.549678e+000,-8.923463e+001, 0.000000e+000, 0.000000e+000, 0.000000e+000, 0.000000e+000
 3.260000e-002, 3.262284e+003,-2.418140e+003,-8.196889e+002, 1.131067e+001, 6.028556e+000,-9.064334e+001, 0.000000e+000, 0.000000e+000, 0.000000e+000, 0.000000e+000
 3.265000e-002, 3.279161e+003,-2.373571e+003,-8.819739e+002, 1.201835e+001, 3.550437e+000,-9.200830e+001, 0.000000e+000, 0.000000e+000, 0.000000e+000, 0.000000e+000
 3.270000e-002, 3.294951e+003,-2.327714e+003,-9.438644e+002, 1.272204e+001, 1.108807e+000,-9.332863e+001, 0.000000e+000, 0.000000e+000, 0.000000e+000, 0.000000e+000
 3.275000e-002, 3.309542e+003,-2.281491e+003,-1.005491e+003, 1.341811e+001,-1.294475e+000,-9.460450e+001, 0.000000e+000, 0.000000e+000, 0.000000e+000, 0.000000e+000
 3.280000e-002, 3.322891e+003,-2.233894e+003,-1.066688e+003, 1.411269e+001,-3.665521e+000,-9.583556e+001, 0.000000e+000, 0.000000e+000, 0.000000e+000, 0.000000e+000
 3.285000e-002, 3.335174e+003,-2.186076e+003,-1.127567e+003, 1.480223e+001,-6.002822e+000,-9.702221e+001, 0.000000e+000, 0.000000e+000, 0.000000e+000, 0.000000e+000
 3.290000e-002, 3.346068e+003,-2.136815e+003,-1.187975e+003, 1.549254e+001,-8.311965e+000,-9.816459e+001, 0.000000e+000, 0.000000e+000, 0.000000e+000, 0.000000e+000
 3.295000e-002, 3.356022e+003,-2.087465e+003,-1.248017e+003, 1.618033e+001,-1.059189e+001,-9.926325e+001, 0.000000e+000, 0.000000e+000, 0.000000e+000, 0.000000e+000
 3.300000e-002, 3.364451e+003,-2.036618e+003,-1.307546e+003, 1.687094e+001,-1.284756e+001,-1.003188e+002, 0.000000e+000, 0.000000e+000, 0.000000e+000, 0.000000e+000
 3.305000e-002, 3.372057e+003,-1.985799e+003,-1.366665e+003, 1.756151e+001,-1.507845e+001,-1.013318e+002, 0.000000e+000, 0.000000e+000, 0.000000e+000, 0.000000e+000
 3.310000e-002, 3.378019e+003,-1.933448e+003,-1.425226e+003, 1.825675e+001,-1.728878e+001,-1.023032e+002, 0.000000e+000, 0.000000e+000, 0.000000e+000, 0.000000e+000
 3.315000e-002, 3.383257e+003,-1.881225e+003,-1.483337e+003, 1.895433e+001,-1.947857e+001,-1.032337e+002, 0.000000e+000, 0.000000e+000, 0.000000e+000, 0.000000e+000
 3.320000e-002, 3.386754e+003,-1.827458e+003,-1.540842e+003, 1.965817e+001,-2.165119e+001,-1.041245e+002, 0.000000e+000, 0.000000e+000, 0.000000e+000, 0.000000e+000
 3.325000e-002, 3.389608e+003,-1.773899e+003,-1.597864e+003, 2.036659e+001,-2.380714e+001,-1.049762e+002, 0.000000e+000, 0.000000e+000, 0.000000e+000, 0.000000e+000
 3.330000e-002, 3.390650e+003,-1.718806e+003,-1.654230e+003, 2.108251e+001,-2.594876e+001,-1.057902e+002, 0.000000e+000, 0.000000e+000, 0.000000e+000, 0.000000e+000
 3.335000e-002, 3.391107e+003,-1.663981e+003,-1.710080e+003, 2.180491e+001,-2.807696e+001,-1.065672e+002, 0.000000e+000, 0.000000e+000, 0.000000e+000, 0.000000e+000
 3.340000e-002, 3.389708e+003,-1.607657e+003,-1.765227e+003, 2.253561e+001,-3.019290e+001,-1.073087e+002, 0.000000e+000, 0.000000e+000, 0.000000e+000, 0.000000e+000
 3.345000e-002, 3.387757e+003,-1.551642e+003,-1.819825e+003, 2.327419e+001,-3.229775e+001,-1.080155e+002, 0.000000e+000, 0.000000e+000, 0.000000e+000, 0.000000e+000
 3.350000e-002, 3.383937e+003,-1.494186e+003,-1.873673e+003, 2.402129e+001,-3.439145e+001,-1.086890e+002, 0.000000e+000, 0.000000e+000, 0.000000e+000, 0.000000e+000
 3.355000e-002, 3.379573e+003,-1.437057e+003,-1.926942e+003, 2.477708e+001,-3.647533e+001,-1.093302e+002, 0.000000e+000, 0.000000e+000, 0.000000e+000, 0.000000e+000
 3.360000e-002, 3.373354e+003,-1.378567e+003,-1.979414e+003, 2.554095e+001,-3.854811e+001,-1.099404e+002, 0.000000e+000, 0.000000e+000, 0.000000e+000, 0.000000e+000
 3.365000e-002, 3.366577e+003,-1.320405e+003,-2.031277e+003, 2.631362e+001,-4.061126e+001,-1.105207e+002, 0.000000e+000, 0.000000e+000, 0.000000e+000, 0.000000e+000
 3.370000e-002, 3.357985e+003,-1.260981e+003,-2.082302e+003, 2.709332e+001,-4.266241e+001,-1.110724e+002, 0.000000e+000, 0.000000e+000, 0.000000e+000, 0.000000e+000
 3.375000e-002, 3.348796e+003,-1.201867e+003,-2.132683e+003, 2.788127e+001,-4.470317e+001,-1.115967e+002, 0.000000e+000, 0.000000e+000, 0.000000e+000, 0.000000e+000
 3.380000e-002, 3.337859e+003,-1.141605e+003,-2.182191e+003, 2.867461e+001,-4.673031e+001,-1.120945e+002, 0.000000e+000, 0.000000e+000, 0.000000e+000, 0.000000e+000
 3.385000e-002, 3.326264e+003,-1.081620e+003,-2.231019e+003, 2.947503e+001,-4.874567e+001,-1.125671e+002, 0.000000e+000, 0.000000e+000, 0.000000e+000, 0.000000e+000
 3.390000e-002, 3.313011e+003,-1.020615e+003,-2.278944e+003, 3.027876e+001,-5.074539e+001,-1.130154e+002, 0.000000e+000, 0.000000e+000, 0.000000e+000, 0.000000e+000
 3.395000e-002, 3.299022e+003,-9.598413e+002,-2.326148e+003, 3.108788e+001,-5.273159e+001,-1.134404e+002, 0.000000e+000, 0.000000e+000, 0.000000e+000, 0.000000e+000
 3.400000e-002, 3.283483e+003,-8.981843e+002,-2.372429e+003, 3.189787e+001,-5.470007e+001,-1.138426e+002, 0.000000e+000, 0.000000e+000, 0.000000e+000, 0.000000e+000
 3.405000e-002, 3.267115e+003,-8.367040e+002,-2.417944e+003, 3.271109e+001,-5.665323e+001,-1.142233e+002, 0.000000e+000, 0.000000e+000, 0.000000e+000, 0.000000e+000
 3.410000e-002, 3.249319e+003,-7.744847e+002,-2.462519e+003, 3.352245e+001,-5.858675e+001,-1.145825e+002, 0.000000e+000, 0.000000e+000, 0.000000e+000, 0.000000e+000
 3.415000e-002, 3.230595e+003,-7.123821e+002,-2.506280e+003, 3.433444e+001,-6.050330e+001,-1.149213e+002, 0.000000e+000, 0.000000e+000, 0.000000e+000, 0.000000e+000
 3.420000e-002, 3.210574e+003,-6.496882e+002,-2.549094e+003, 3.514158e+001,-6.239857e+001,-1.152394e+002, 0.000000e+000, 0.000000e+000, 0.000000e+000, 0.000000e+000
 3.425000e-002, 3.189520e+003,-5.870495e+002,-2.591040e+003, 3.594635e+001,-6.427539e+001,-1.155380e+002, 0.000000e+000, 0.000000e+000, 0.000000e+000, 0.000000e+000
 3.430000e-002, 3.167305e+003,-5.239682e+002,-2.632035e+003, 3.674303e+001,-6.612961e+001,-1.158162e+002, 0.000000e+000, 0.000000e+000, 0.000000e+000, 0.000000e+000
 3.435000e-002, 3.143954e+003,-4.608821e+002,-2.672107e+003, 3.753394e+001,-6.796410e+001,-1.160752e+002, 0.000000e+000, 0.000000e+000, 0.000000e+000, 0.000000e+000
 3.440000e-002, 3.119578e+003,-3.974998e+002,-2.711232e+003, 3.831330e+001,-6.977491e+001,-1.163140e+002, 0.000000e+000, 0.000000e+000, 0.000000e+000, 0.000000e+000
 3.445000e-002, 3.093968e+003,-3.340574e+002,-2.749374e+003, 3.908315e+001,-7.156485e+001,-1.165336e+002, 0.000000e+000, 0.000000e+000, 0.000000e+000, 0.000000e+000
 3.450000e-002, 3.067463e+003,-2.704598e+002,-2.786576e+003, 3.983787e+001,-7.333028e+001,-1.167327e+002, 0.000000e+000, 0.000000e+000, 0.000000e+000, 0.000000e+000
 3.455000e-002, 3.039635e+003,-2.067538e+002,-2.822735e+003, 4.057912e+001,-7.507386e+001,-1.169122e+002, 0.000000e+000, 0.000000e+000, 0.000000e+000, 0.000000e+000
 3.460000e-002, 3.011035e+003,-1.430255e+002,-2.857966e+003, 4.130168e+001,-7.679236e+001,-1.170708e+002, 0.000000e+000, 0.000000e+000, 0.000000e+000, 0.000000e+000
 3.465000e-002, 2.981034e+003,-7.914911e+001,-2.892093e+003, 4.200679e+001,-7.848824e+001,-1.172091e+002, 0.000000e+000, 0.000000e+000, 0.000000e+000, 0.000000e+000
 3.470000e-002, 2.950370e+003,-1.537328e+001,-2.925306e+003, 4.268983e+001,-8.015881e+001,-1.173255e+002, 0.000000e+000, 0.000000e+000, 0.000000e+000, 0.000000e+000
 3.475000e-002, 2.918246e+003, 4.857987e+001,-2.957355e+003, 4.335163e+001,-8.180635e+001,-1.174206e+002, 0.000000e+000, 0.000000e+000, 0.000000e+000, 0.000000e+000
 3.480000e-002, 2.885551e+003, 1.123216e+002,-2.988505e+003, 4.398835e+001,-8.342878e+001,-1.174925e+002, 0.000000e+000, 0.000000e+000, 0.000000e+000, 0.000000e+000
 3.485000e-002, 2.851355e+003, 1.762582e+002,-3.018437e+003, 4.460046e+001,-8.502825e+001,-1.175415e+002, 0.000000e+000, 0.000000e+000, 0.000000e+000, 0.000000e+000
 3.490000e-002, 2.816662e+003, 2.398852e+002,-3.047481e+003, 4.518502e+001,-8.660337e+001,-1.175656e+002, 0.000000e+000, 0.000000e+000, 0.000000e+000, 0.000000e+000
 3.495000e-002, 2.780448e+003, 3.037122e+002,-3.075258e+003, 4.574212e+001,-8.815614e+001,-1.175648e+002, 0.000000e+000, 0.000000e+000, 0.000000e+000, 0.000000e+000
 3.500000e-002, 2.743792e+003, 3.671444e+002,-3.102158e+003, 4.626984e+001,-8.968588e+001,-1.175371e+002, 0.000000e+000, 0.000000e+000, 0.000000e+000, 0.000000e+000
 3.505000e-002, 2.705617e+003, 4.307684e+002,-3.127745e+003, 4.676787e+001,-9.119442e+001,-1.174819e+002, 0.000000e+000, 0.000000e+000, 0.000000e+000, 0.000000e+000
 3.510000e-002, 2.667036e+003, 4.939251e+002,-3.152462e+003, 4.723529e+001,-9.268174e+001,-1.173973e+002, 0.000000e+000, 0.000000e+000, 0.000000e+000, 0.000000e+000
 3.515000e-002, 2.626961e+003, 5.572524e+002,-3.175829e+003, 4.767142e+001,-9.414945e+001,-1.172825e+002, 0.000000e+000, 0.000000e+000, 0.000000e+000, 0.000000e+000
 3.520000e-002, 2.586497e+003, 6.200519e+002,-3.198326e+003, 4.807626e+001,-9.559809e+001,-1.171356e+002, 0.000000e+000, 0.000000e+000, 0.000000e+000, 0.000000e+000
 3.525000e-002, 2.544584e+003, 6.829882e+002,-3.219445e+003, 4.844875e+001,-9.702898e+001,-1.169556e+002, 0.000000e+000, 0.000000e+000, 0.000000e+000, 0.000000e+000
 3.530000e-002, 2.502281e+003, 7.453472e+002,-3.239686e+003, 4.878973e+001,-9.844308e+001,-1.167408e+002, 0.000000e+000, 0.000000e+000, 0.000000e+000, 0.000000e+000
 3.535000e-002, 2.458596e+003, 8.077979e+002,-3.258531e+003, 4.909774e+001,-9.984135e+001,-1.164899e+002, 0.000000e+000, 0.000000e+000, 0.000000e+000, 0.000000e+000
 3.540000e-002, 2.414506e+003, 8.696322e+002,-3.276482e+003, 4.937436e+001,-1.012251e+002,-1.162018e+002, 0.000000e+000, 0.000000e+000, 0.000000e+000, 0.000000e+000
 3.545000e-002, 2.369115e+003, 9.315031e+002,-3.293030e+003, 4.961777e+001,-1.025949e+002,-1.158749e+002, 0.000000e+000, 0.000000e+000, 0.000000e+000, 0.000000e+000
 3.550000e-002, 2.323292e+003, 9.927274e+002,-3.308659e+003, 4.983018e+001,-1.039522e+002,-1.155085e+002, 0.000000e+000, 0.000000e+000, 0.000000e+000, 0.000000e+000
 3.555000e-002, 2.276265e+003, 1.053925e+003,-3.322888e+003, 5.000946e+001,-1.052973e+002,-1.151010e+002, 0.000000e+000, 0.000000e+000, 0.000000e+000, 0.000000e+000
 3.560000e-002, 2.228767e+003, 1.114454e+003,-3.336165e+003, 5.015831e+001,-1.066317e+002,-1.146521e+002, 0.000000e+000, 0.000000e+000, 0.000000e+000, 0.000000e+000
 3.565000e-002, 2.180173e+003, 1.174888e+003,-3.348057e+003, 5.027442e+001,-1.079553e+002,-1.141601e+002, 0.000000e+000, 0.000000e+000, 0.000000e+000, 0.000000e+000
 3.570000e-002, 2.131062e+003, 1.234635e+003,-3.358958e+003, 5.036083e+001,-1.092699e+002,-1.136253e+002, 0.000000e+000, 0.000000e+000, 0.000000e+000, 0.000000e+000
 3.575000e-002, 2.080972e+003, 1.294215e+003,-3.368497e+003, 5.041516e+001,-1.105750e+002,-1.130458e+002, 0.000000e+000, 0.000000e+000, 0.000000e+000, 0.000000e+000
 3.580000e-002, 2.030316e+003, 1.353095e+003,-3.376998e+003, 5.044068e+001,-1.118723e+002,-1.124225e+002, 0.000000e+000, 0.000000e+000, 0.000000e+000, 0.000000e+000
 3.585000e-002, 1.978800e+003, 1.411734e+003,-3.384172e+003, 5.043502e+001,-1.131612e+002,-1.117535e+002, 0.000000e+000, 0.000000e+000, 0.000000e+000, 0.000000e+000
 3.590000e-002, 1.926671e+003, 1.469662e+003,-3.390258e+003, 5.040155e+001,-1.144433e+002,-1.110398e+002, 0.000000e+000, 0.000000e+000, 0.000000e+000, 0.000000e+000
 3.595000e-002, 1.873801e+003, 1.527273e+003,-3.395056e+003, 5.033799e+001,-1.157178e+002,-1.102798e+002, 0.000000e+000, 0.000000e+000, 0.000000e+000, 0.000000e+000
 3.600000e-002, 1.820272e+003, 1.584163e+003,-3.398713e+003, 5.024769e+001,-1.169859e+002,-1.094749e+002, 0.000000e+000, 0.000000e+000, 0.000000e+000, 0.000000e+000
 3.605000e-002, 1.766122e+003, 1.640662e+003,-3.401129e+003, 5.012853e+001,-1.182468e+002,-1.086232e+002, 0.000000e+000, 0.000000e+000, 0.000000e+000, 0.000000e+000
 3.610000e-002, 1.711273e+003, 1.696427e+003,-3.402347e+003, 4.998366e+001,-1.195014e+002,-1.077266e+002, 0.000000e+000, 0.000000e+000, 0.000000e+000, 0.000000e+000
 3.615000e-002, 1.655917e+003, 1.751730e+003,-3.402375e+003, 4.981121e+001,-1.207484e+002,-1.067834e+002, 0.000000e+000, 0.000000e+000, 0.000000e+000, 0.000000e+000
 3.620000e-002, 1.599830e+003, 1.806283e+003,-3.401151e+003, 4.961402e+001,-1.219882e+002,-1.057957e+002, 0.000000e+000, 0.000000e+000, 0.000000e+000, 0.000000e+000
 3.625000e-002, 1.543342e+003, 1.860308e+003,-3.398790e+003, 4.939048e+001,-1.232195e+002,-1.047619e+002, 0.000000e+000, 0.000000e+000, 0.000000e+000, 0.000000e+000
 3.630000e-002, 1.486103e+003, 1.913562e+003,-3.395123e+003, 4.914304e+001,-1.244420e+002,-1.036843e+002, 0.000000e+000, 0.000000e+000, 0.000000e+000, 0.000000e+000
 3.635000e-002, 1.428559e+003, 1.966229e+003,-3.390370e+003, 4.887042e+001,-1.256541e+002,-1.025616e+002, 0.000000e+000, 0.000000e+000, 0.000000e+000, 0.000000e+000
 3.640000e-002, 1.370258e+003, 2.018099e+003,-3.384265e+003, 4.857458e+001,-1.268549e+002,-1.013962e+002, 0.000000e+000, 0.000000e+000, 0.000000e+000, 0.000000e+000
 3.645000e-002, 1.311734e+003, 2.069328e+003,-3.377125e+003, 4.825459e+001,-1.280424e+002,-1.001870e+002, 0.000000e+000, 0.000000e+000, 0.000000e+000, 0.000000e+000
 3.650000e-002, 1.252460e+003, 2.119732e+003,-3.368591e+003, 4.791191e+001,-1.292153e+002,-9.893650e+001, 0.000000e+000, 0.000000e+000, 0.000000e+000, 0.000000e+000
 3.655000e-002, 1.193036e+003, 2.169447e+003,-3.359069e+003, 4.754601e+001,-1.303713e+002,-9.764400e+001, 0.000000e+000, 0.000000e+000, 0.000000e+000, 0.000000e+000
 3.660000e-002, 1.132881e+003, 2.218305e+003,-3.348120e+003, 4.715783e+001,-1.315085e+002,-9.631169e+001, 0.000000e+000, 0.000000e+000, 0.000000e+000, 0.000000e+000
 3.665000e-002, 1.072634e+003, 2.266434e+003,-3.336225e+003, 4.674723e+001,-1.326247e+002,-9.493938e+001, 0.000000e+000, 0.000000e+000, 0.000000e+000, 0.000000e+000
 3.670000e-002, 1.011692e+003, 2.313670e+003,-3.322879e+003, 4.631463e+001,-1.337175e+002,-9.352901e+001, 0.000000e+000, 0.000000e+000, 0.000000e+000, 0.000000e+000
 3.675000e-002, 9.507031e+002, 2.360143e+003,-3.308623e+003, 4.586030e+001,-1.347846e+002,-9.208075e+001, 0.000000e+000, 0.000000e+000, 0.000000e+000, 0.000000e+000
 3.680000e-002, 8.890667e+002, 2.405686e+003,-3.292904e+003, 4.538417e+001,-1.358232e+002,-9.059627e+001, 0.000000e+000, 0.000000e+000, 0.000000e+000, 0.000000e+000
 3.685000e-002, 8.274177e+002, 2.450436e+003,-3.276303e+003, 4.488686e+001,-1.368312e+002,-8.907604e+001, 0.000000e+000, 0.000000e+000, 0.000000e+000, 0.000000e+000
 3.690000e-002, 7.651823e+002, 2.494217e+003,-3.258238e+003, 4.436784e+001,-1.378055e+002,-8.752147e+001, 0.000000e+000, 0.000000e+000, 0.000000e+000, 0.000000e+000
 3.695000e-002, 7.029563e+002, 2.537181e+003,-3.239312e+003, 4.382804e+001,-1.387440e+002,-8.593333e+001, 0.000000e+000, 0.000000e+000, 0.000000e+000, 0.000000e+000
 3.700000e-002, 6.402167e+002, 2.579135e+003,-3.218930e+003, 4.326650e+001,-1.396436e+002,-8.431274e+001, 0.000000e+000, 0.000000e+000, 0.000000e+000, 0.000000e+000
 3.705000e-002, 5.774987e+002, 2.620252e+003,-3.197702e+003, 4.268441e+001,-1.405021e+002,-8.266076e+001, 0.000000e+000, 0.000000e+000, 0.000000e+000, 0.000000e+000
 3.710000e-002, 5.143496e+002, 2.660320e+003,-3.175037e+003, 4.208044e+001,-1.413165e+002,-8.097821e+001, 0.000000e+000, 0.000000e+000, 0.000000e+000, 0.000000e+000
 3.715000e-002, 4.512263e+002, 2.699531e+003,-3.151533e+003, 4.145597e+001,-1.420844e+002,-7.926649e+001, 0.000000e+000, 0.000000e+000, 0.000000e+000, 0.000000e+000
 3.720000e-002, 3.877618e+002, 2.737655e+003,-3.126622e+003, 4.080937e+001,-1.428030e+002,-7.752610e+001, 0.000000e+000, 0.000000e+000, 0.000000e+000, 0.000000e+000
 3.725000e-002, 3.243213e+002, 2.774905e+003,-3.100871e+003, 4.014217e+001,-1.434699e+002,-7.575874e+001, 0.000000e+000, 0.000000e+000, 0.000000e+000, 0.000000e+000
 3.730000e-002, 2.606345e+002, 2.811031e+003,-3.073753e+003, 3.945255e+001,-1.440824e+002,-7.396465e+001, 0.000000e+000, 0.000000e+000, 0.000000e+000, 0.000000e+000
 3.735000e-002, 1.969659e+002, 2.846266e+003,-3.045789e+003, 3.874212e+001,-1.446381e+002,-7.214575e+001, 0.000000e+000, 0.000000e+000, 0.000000e+000, 0.000000e+000
 3.740000e-002, 1.331484e+002, 2.880346e+003,-3.016506e+003, 3.800900e+001,-1.451344e+002,-7.030207e+001, 0.000000e+000, 0.000000e+000, 0.000000e+000, 0.000000e+000
 3.745000e-002, 6.934170e+001, 2.913515e+003,-2.986367e+003, 3.725487e+001,-1.455692e+002,-6.843566e+001, 0.000000e+000, 0.000000e+000, 0.000000e+000, 0.000000e+000
 3.750000e-002, 5.483334e+000, 2.945505e+003,-2.954965e+003, 3.647792e+001,-1.459401e+002,-6.654631e+001, 0.000000e+000, 0.000000e+000, 0.000000e+000, 0.000000e+000
 3.755000e-002,-5.837084e+001, 2.976563e+003,-2.922693e+003, 3.567983e+001,-1.462450e+002,-6.463618e+001, 0.000000e+000, 0.000000e+000, 0.000000e+000, 0.000000e+000
 3.760000e-002,-1.221820e+002, 3.006422e+003,-2.889219e+003, 3.485899e+001,-1.464820e+002,-6.270481e+001, 0.000000e+000, 0.000000e+000, 0.000000e+000, 0.000000e+000
 3.765000e-002,-1.859926e+002, 3.035326e+003,-2.854860e+003, 3.401710e+001,-1.466493e+002,-6.075438e+001, 0.000000e+000, 0.000000e+000, 0.000000e+000, 0.000000e+000
 3.770000e-002,-2.496703e+002, 3.063018e+003,-2.819365e+003, 3.315284e+001,-1.467453e+002,-5.878420e+001, 0.000000e+000, 0.000000e+000, 0.000000e+000, 0.000000e+000
 3.775000e-002,-3.133458e+002, 3.089729e+003,-2.782969e+003, 3.226787e+001,-1.467683e+002,-5.679639e+001, 0.000000e+000, 0.000000e+000, 0.000000e+000, 0.000000e+000
 3.780000e-002,-3.768051e+002, 3.115222e+003,-2.745508e+003, 3.136127e+001,-1.467174e+002,-5.479010e+001, 0.000000e+000, 0.000000e+000, 0.000000e+000, 0.000000e+000
 3.785000e-002,-4.402537e+002, 3.139704e+003,-2.707128e+003, 3.043460e+001,-1.465911e+002,-5.276733e+001, 0.000000e+000, 0.000000e+000, 0.000000e+000, 0.000000e+000
 3.790000e-002,-5.034107e+002, 3.162969e+003,-2.667754e+003, 2.948742e+001,-1.463890e+002,-5.072710e+001, 0.000000e+000, 0.000000e+000, 0.000000e+000, 0.000000e+000
 3.795000e-002,-5.665403e+002, 3.185189e+003,-2.627447e+003, 2.852116e+001,-1.461097e+002,-4.867132e+001, 0.000000e+000, 0.000000e+000, 0.000000e+000, 0.000000e+000
 3.800000e-002,-6.293123e+002, 3.206200e+003,-2.586219e+003, 2.753585e+001,-1.457534e+002,-4.659892e+001, 0.000000e+000, 0.000000e+000, 0.000000e+000, 0.000000e+000
 3.805000e-002,-6.920308e+002, 3.226128e+003,-2.544043e+003, 2.653278e+001,-1.453190e+002,-4.451172e+001, 0.000000e+000, 0.000000e+000, 0.000000e+000, 0.000000e+000
 3.810000e-002,-7.543355e+002, 3.244861e+003,-2.501019e+003, 2.551246e+001,-1.448070e+002,-4.240865e+001, 0.000000e+000, 0.000000e+000, 0.000000e+000, 0.000000e+000
 3.815000e-002,-8.165510e+002, 3.262471e+003,-2.457036e+003, 2.447600e+001,-1.442164e+002,-4.029146e+001, 0.000000e+000, 0.000000e+000, 0.000000e+000, 0.000000e+000
 3.820000e-002,-8.783066e+002, 3.278905e+003,-2.412276e+003, 2.342438e+001,-1.435484e+002,-3.815914e+001, 0.000000e+000, 0.000000e+000, 0.000000e+000, 0.000000e+000
 3.825000e-002,-9.399276e+002, 3.294175e+003,-2.366550e+003, 2.235849e+001,-1.428020e+002,-3.601335e+001, 0.000000e+000, 0.000000e+000, 0.000000e+000, 0.000000e+000
 3.830000e-002,-1.001053e+003, 3.308291e+003,-2.320116e+003, 2.127978e+001,-1.419789e+002,-3.385323e+001, 0.000000e+000, 0.000000e+000, 0.000000e+000, 0.000000e+000
 3.835000e-002,-1.061989e+003, 3.321200e+003,-2.272713e+003, 2.018894e+001,-1.410782e+002,-3.168036e+001, 0.000000e+000, 0.000000e+000, 0.000000e+000, 0.000000e+000
 3.840000e-002,-1.122402e+003, 3.332983e+003,-2.224669e+003, 1.908781e+001,-1.401020e+002,-2.949406e+001, 0.000000e+000, 0.000000e+000, 0.000000e+000, 0.000000e+000
 3.845000e-002,-1.182564e+003, 3.343516e+003,-2.175657e+003, 1.797690e+001,-1.390498e+002,-2.729581e+001, 0.000000e+000, 0.000000e+000, 0.000000e+000, 0.000000e+000
 3.850000e-002,-1.242185e+003, 3.352955e+003,-2.126069e+003, 1.685837e+001,-1.379238e+002,-2.508513e+001, 0.000000e+000, 0.000000e+000, 0.000000e+000, 0.000000e+000
 3.855000e-002,-1.301484e+003, 3.361101e+003,-2.075519e+003, 1.573259e+001,-1.367240e+002,-2.286343e+001, 0.000000e+000, 0.000000e+000, 0.000000e+000, 0.000000e+000
 3.860000e-002,-1.360232e+003, 3.368185e+003,-2.024455e+003, 1.460198e+001,-1.354529e+002,-2.063040e+001, 0.000000e+000, 0.000000e+000, 0.000000e+000, 0.000000e+000
 3.865000e-002,-1.418583e+003, 3.373936e+003,-1.972440e+003, 1.346678e+001,-1.341106e+002,-1.838738e+001, 0.000000e+000, 0.000000e+000, 0.000000e+000, 0.000000e+000
 3.870000e-002,-1.476376e+003, 3.378657e+003,-1.919969e+003, 1.232959e+001,-1.327001e+002,-1.613428e+001, 0.000000e+000, 0.000000e+000, 0.000000e+000, 0.000000e+000
 3.875000e-002,-1.533694e+003, 3.382010e+003,-1.866565e+003, 1.119055e+001,-1.312216e+002,-1.387233e+001, 0.000000e+000, 0.000000e+000, 0.000000e+000, 0.000000e+000
 3.880000e-002,-1.590452e+003, 3.384364e+003,-1.812759e+003, 1.005235e+001,-1.296783e+002,-1.160166e+001, 0.000000e+000, 0.000000e+000, 0.000000e+000, 0.000000e+000
 3.885000e-002,-1.646656e+003, 3.385317e+003,-1.758042e+003, 8.915071e+000,-1.280709e+002,-9.323460e+000, 0.000000e+000, 0.000000e+000, 0.000000e+000, 0.000000e+000
 3.890000e-002,-1.702297e+003, 3.385300e+003,-1.702974e+003, 7.781392e+000,-1.264024e+002,-7.038064e+000, 0.000000e+000, 0.000000e+000, 0.000000e+000, 0.000000e+000
 3.895000e-002,-1.757307e+003, 3.383855e+003,-1.647023e+003, 6.651384e+000,-1.246738e+002,-4.746613e+000, 0.000000e+000, 0.000000e+000, 0.000000e+000, 0.000000e+000
 3.900000e-002,-1.811750e+003, 3.381466e+003,-1.590768e+003, 5.527604e+000,-1.228881e+002,-2.449675e+000, 0.000000e+000, 0.000000e+000, 0.000000e+000, 0.000000e+000
 3.905000e-002,-1.865488e+003, 3.377629e+003,-1.533662e+003, 4.410151e+000,-1.210467e+002,-1.483591e-001, 0.000000e+000, 0.000000e+000, 0.000000e+000, 0.000000e+000
 3.910000e-002,-1.918654e+003, 3.372868e+003,-1.476298e+003, 3.301380e+000,-1.191521e+002, 2.156542e+000, 0.000000e+000, 0.000000e+000, 0.000000e+000, 0.000000e+000
 3.915000e-002,-1.971044e+003, 3.366647e+003,-1.418119e+003, 2.201453e+000,-1.172062e+002, 4.463940e+000, 0.000000e+000, 0.000000e+000, 0.000000e+000, 0.000000e+000
 3.920000e-002,-2.022854e+003, 3.359517e+003,-1.359724e+003, 1.112447e+000,-1.152112e+002, 6.772835e+000, 0.000000e+000, 0.000000e+000, 0.000000e+000, 0.000000e+000
 3.925000e-002,-2.073823e+003, 3.350924e+003,-1.300554e+003, 3.462105e-002,-1.131691e+002, 9.082166e+000, 0.000000e+000, 0.000000e+000, 0.000000e+000, 0.000000e+000
 3.930000e-002,-2.124197e+003, 3.341430e+003,-1.241208e+003,-1.030294e+000,-1.110820e+002, 1.139075e+001, 0.000000e+000, 0.000000e+000, 0.000000e+000, 0.000000e+000
 3.935000e-002,-2.173675e+003, 3.330480e+003,-1.181132e+003,-2.081911e+000,-1.089522e+002, 1.369757e+001, 0.000000e+000, 0.000000e+000, 0.000000e+000, 0.000000e+000
 3.940000e-002,-2.222537e+003, 3.318632e+003,-1.120919e+003,-3.118897e+000,-1.067813e+002, 1.600130e+001, 0.000000e+000, 0.000000e+000, 0.000000e+000, 0.000000e+000
 3.945000e-002,-2.270456e+003, 3.305344e+003,-1.060023e+003,-4.140719e+000,-1.045719e+002, 1.830098e+001, 0.000000e+000, 0.000000e+000, 0.000000e+000, 0.000000e+000
 3.950000e-002,-2.317730e+003, 3.291154e+003,-9.990252e+002,-5.146482e+000,-1.023255e+002, 2.059516e+001, 0.000000e+000, 0.000000e+000, 0.000000e+000, 0.000000e+000
 3.955000e-002,-2.364023e+003, 3.275550e+003,-9.373966e+002,-6.135504e+000,-1.000448e+002, 2.288298e+001, 0.000000e+000, 0.000000e+000, 0.000000e+000, 0.000000e+000
 3.960000e-002,-2.409635e+003, 3.259034e+003,-8.757005e+002,-7.107349e+000,-9.773096e+001, 2.516290e+001, 0.000000e+000, 0.000000e+000, 0.000000e+000, 0.000000e+000
 3.965000e-002,-2.454240e+003, 3.241140e+003,-8.134280e+002,-8.061194e+000,-9.538703e+001, 2.743413e+001, 0.000000e+000, 0.000000e+000, 0.000000e+000, 0.000000e+000
 3.970000e-002,-2.498119e+003, 3.222317e+003,-7.511201e+002,-8.997078e+000,-9.301399e+001, 2.969508e+001, 0.000000e+000, 0.000000e+000, 0.000000e+000, 0.000000e+000
 3.975000e-002,-2.540974e+003, 3.202161e+003,-6.882933e+002,-9.914057e+000,-9.061499e+001, 3.194505e+001, 0.000000e+000, 0.000000e+000, 0.000000e+000, 0.000000e+000
 3.980000e-002,-2.583050e+003, 3.181054e+003,-6.254610e+002,-1.081264e+001,-8.819079e+001, 3.418237e+001, 0.000000e+000, 0.000000e+000, 0.000000e+000, 0.000000e+000
 3.985000e-002,-2.624095e+003, 3.158667e+003,-5.621703e+002,-1.169179e+001,-8.574471e+001, 3.640644e+001, 0.000000e+000, 0.000000e+000, 0.000000e+000, 0.000000e+000
 3.990000e-002,-2.664303e+003, 3.135303e+003,-4.989019e+002,-1.255247e+001,-8.327728e+001, 3.861552e+001, 0.000000e+000, 0.000000e+000, 0.000000e+000, 0.000000e+000
 3.995000e-002,-2.703480e+003, 3.110718e+003,-4.352383e+002,-1.339359e+001,-8.079195e+001, 4.080911e+001, 0.000000e+000, 0.000000e+000, 0.000000e+000, 0.000000e+000
 4.000000e-002,-2.741757e+003, 3.085126e+003,-3.716226e+002,-1.421652e+001,-7.828903e+001, 4.298539e+001, 0.000000e+000, 0.000000e+000, 0.000000e+000, 0.000000e+000
 4.005000e-002,-2.779012e+003, 3.058380e+003,-3.076779e+002,-1.502016e+001,-7.577206e+001, 4.514397e+001, 0.000000e+000, 0.000000e+000, 0.000000e+000, 0.000000e+000
 4.010000e-002,-2.815297e+003, 3.030594e+003,-2.438041e+002,-1.580622e+001,-7.324115e+001, 4.728294e+001, 0.000000e+000, 0.000000e+000, 0.000000e+000, 0.000000e+000
 4.015000e-002,-2.850577e+003, 3.001724e+003,-1.796708e+002,-1.657363e+001,-7.069989e+001, 4.940207e+001, 0.000000e+000, 0.000000e+000, 0.000000e+000, 0.000000e+000
 4.020000e-002,-2.884816e+003, 2.971781e+003,-1.156286e+002,-1.732438e+001,-6.814825e+001, 5.149939e+001, 0.000000e+000, 0.000000e+000, 0.000000e+000, 0.000000e+000
 4.025000e-002,-2.918070e+003, 2.940830e+003,-5.139985e+001,-1.805745e+001,-6.558985e+001, 5.357479e+001, 0.000000e+000, 0.000000e+000, 0.000000e+000, 0.000000e+000
 4.030000e-002,-2.950210e+003, 2.908772e+003, 1.272024e+001,-1.877502e+001,-6.302458e+001, 5.562630e+001, 0.000000e+000, 0.000000e+000, 0.000000e+000, 0.000000e+000
 4.035000e-002,-2.981389e+003, 2.875782e+003, 7.695079e+001,-1.947615e+001,-6.045602e+001, 5.765399e+001, 0.000000e+000, 0.000000e+000, 0.000000e+000, 0.000000e+000
 4.040000e-002,-3.011385e+003, 2.841654e+003, 1.410581e+002,-2.016312e+001,-5.788407e+001, 5.965587e+001, 0.000000e+000, 0.000000e+000, 0.000000e+000, 0.000000e+000
 4.045000e-002,-3.040444e+003, 2.806671e+003, 2.051963e+002,-2.083510e+001,-5.531224e+001, 6.163225e+001, 0.000000e+000, 0.000000e+000, 0.000000e+000, 0.000000e+000
 4.050000e-002,-3.068253e+003, 2.770523e+003, 2.691998e+002,-2.149437e+001,-5.274050e+001, 6.358112e+001, 0.000000e+000, 0.000000e+000, 0.000000e+000, 0.000000e+000
 4.055000e-002,-3.095148e+003, 2.733596e+003, 3.331514e+002,-2.214025e+001,-5.017223e+001, 6.550301e+001, 0.000000e+000, 0.000000e+000, 0.000000e+000, 0.000000e+000
 4.060000e-002,-3.120731e+003, 2.695480e+003, 3.969601e+002,-2.277490e+001,-4.760750e+001, 6.739597e+001, 0.000000e+000, 0.000000e+000, 0.000000e+000, 0.000000e+000
 4.065000e-002,-3.145422e+003, 2.656659e+003, 4.606313e+002,-2.339782e+001,-4.504954e+001, 6.926072e+001, 0.000000e+000, 0.000000e+000, 0.000000e+000, 0.000000e+000
 4.070000e-002,-3.168746e+003, 2.616631e+003, 5.241545e+002,-2.401099e+001,-4.249853e+001, 7.109534e+001, 0.000000e+000, 0.000000e+000, 0.000000e+000, 0.000000e+000
 4.075000e-002,-3.191195e+003, 2.575968e+003, 5.874520e+002,-2.461411e+001,-3.995748e+001, 7.290076e+001, 0.000000e+000, 0.000000e+000, 0.000000e+000, 0.000000e+000
 4.080000e-002,-3.212230e+003, 2.534088e+003, 6.505995e+002,-2.520891e+001,-3.742672e+001, 7.467507e+001, 0.000000e+000, 0.000000e+000, 0.000000e+000, 0.000000e+000
 4.085000e-002,-3.232402e+003, 2.491636e+003, 7.134310e+002,-2.579528e+001,-3.490894e+001, 7.641940e+001, 0.000000e+000, 0.000000e+000, 0.000000e+000, 0.000000e+000
 4.090000e-002,-3.251124e+003, 2.447965e+003, 7.761132e+002,-2.637468e+001,-3.240466e+001, 7.813182e+001, 0.000000e+000, 0.000000e+000, 0.000000e+000, 0.000000e+000
 4.095000e-002,-3.268987e+003, 2.403780e+003, 8.383876e+002,-2.694723e+001,-2.991621e+001, 7.981363e+001, 0.000000e+000, 0.000000e+000, 0.000000e+000, 0.000000e+000
 4.100000e-002,-3.285373e+003, 2.358383e+003, 9.005153e+002,-2.751402e+001,-2.744427e+001, 8.146292e+001, 0.000000e+000, 0.000000e+000, 0.000000e+000, 0.000000e+000
 4.105000e-002,-3.300899e+003, 2.312523e+003, 9.621431e+002,-2.807542e+001,-2.499081e+001, 8.308107e+001, 0.000000e+000, 0.000000e+000, 0.000000e+000, 0.000000e+000
 4.110000e-002,-3.314930e+003, 2.265466e+003, 1.023628e+003,-2.863216e+001,-2.255668e+001, 8.466622e+001, 0.000000e+000, 0.000000e+000, 0.000000e+000, 0.000000e+000
 4.115000e-002,-3.328094e+003, 2.217991e+003, 1.084521e+003,-2.918485e+001,-2.014345e+001, 8.621980e+001, 0.000000e+000, 0.000000e+000, 0.000000e+000, 0.000000e+000
 4.120000e-002,-3.339757e+003, 2.169344e+003, 1.145275e+003,-2.973381e+001,-1.775217e+001, 8.774001e+001, 0.000000e+000, 0.000000e+000, 0.000000e+000, 0.000000e+000
 4.125000e-002,-3.350535e+003, 2.120315e+003, 1.205347e+003,-3.027989e+001,-1.538400e+001, 8.922829e+001, 0.000000e+000, 0.000000e+000, 0.000000e+000, 0.000000e+000
 4.130000e-002,-3.359821e+003, 2.070151e+003, 1.265282e+003,-3.082303e+001,-1.304020e+001, 9.068297e+001, 0.000000e+000, 0.000000e+000, 0.000000e+000, 0.000000e+000
 4.135000e-002,-3.368196e+003, 2.019633e+003, 1.324449e+003,-3.136429e+001,-1.072151e+001, 9.210538e+001, 0.000000e+000, 0.000000e+000, 0.000000e+000, 0.000000e+000
 4.140000e-002,-3.375094e+003, 1.968026e+003, 1.383479e+003,-3.190319e+001,-8.429396e+000, 9.349405e+001, 0.000000e+000, 0.000000e+000, 0.000000e+000, 0.000000e+000
 4.145000e-002,-3.381052e+003, 1.916085e+003, 1.441658e+003,-3.244101e+001,-6.164207e+000, 9.485017e+001, 0.000000e+000, 0.000000e+000, 0.000000e+000, 0.000000e+000
 4.150000e-002,-3.385559e+003, 1.863111e+003, 1.499696e+003,-3.297690e+001,-3.927577e+000, 9.617245e+001, 0.000000e+000, 0.000000e+000, 0.000000e+000, 0.000000e+000
 4.155000e-002,-3.389088e+003, 1.809815e+003, 1.556808e+003,-3.351226e+001,-1.719452e+000, 9.746193e+001, 0.000000e+000, 0.000000e+000, 0.000000e+000, 0.000000e+000
 4.160000e-002,-3.391203e+003, 1.755551e+003, 1.613770e+003,-3.404593e+001, 4.583946e-001, 9.871751e+001, 0.000000e+000, 0.000000e+000, 0.000000e+000, 0.000000e+000
 4.165000e-002,-3.392298e+003, 1.700971e+003, 1.669736e+003,-3.457941e+001, 2.606424e+000, 9.994000e+001, 0.000000e+000, 0.000000e+000, 0.000000e+000, 0.000000e+000
 4.170000e-002,-3.392021e+003, 1.645495e+003, 1.725538e+003,-3.511126e+001, 4.722772e+000, 1.011286e+002, 0.000000e+000, 0.000000e+000, 0.000000e+000, 0.000000e+000
 4.175000e-002,-3.390680e+003, 1.589703e+003, 1.780284e+003,-3.564302e+001, 6.808309e+000, 1.022837e+002, 0.000000e+000, 0.000000e+000, 0.000000e+000, 0.000000e+000
 4.180000e-002,-3.388015e+003, 1.533096e+003, 1.834842e+003,-3.617303e+001, 8.861139e+000, 1.034048e+002, 0.000000e+000, 0.000000e+000, 0.000000e+000, 0.000000e+000
 4.185000e-002,-3.384239e+003, 1.476165e+003, 1.888296e+003,-3.670283e+001, 1.088253e+001, 1.044921e+002, 0.000000e+000, 0.000000e+000, 0.000000e+000, 0.000000e+000
 4.190000e-002,-3.379191e+003, 1.418506e+003, 1.941529e+003,-3.723061e+001, 1.287062e+001, 1.055452e+002, 0.000000e+000, 0.000000e+000, 0.000000e+000, 0.000000e+000
 4.195000e-002,-3.372988e+003, 1.360512e+003, 1.993621e+003,-3.775784e+001, 1.482703e+001, 1.065640e+002, 0.000000e+000, 0.000000e+000, 0.000000e+000, 0.000000e+000
 4.200000e-002,-3.365567e+003, 1.301883e+003, 2.045448e+003,-3.828262e+001, 1.674999e+001, 1.075486e+002, 0.000000e+000, 0.000000e+000, 0.000000e+000, 0.000000e+000
 4.205000e-002,-3.356946e+003, 1.242904e+003, 2.096111e+003,-3.880631e+001, 1.864146e+001, 1.084981e+002, 0.000000e+000, 0.000000e+000, 0.000000e+000, 0.000000e+000
 4.210000e-002,-3.347162e+003, 1.183387e+003, 2.146452e+003,-3.932697e+001, 2.049975e+001, 1.094133e+002, 0.000000e+000, 0.000000e+000, 0.000000e+000, 0.000000e+000
 4.215000e-002,-3.336138e+003, 1.123503e+003, 2.195621e+003,-3.984581e+001, 2.232712e+001, 1.102929e+002, 0.000000e+000, 0.000000e+000, 0.000000e+000, 0.000000e+000
 4.220000e-002,-3.324005e+003, 1.063180e+003, 2.244401e+003,-4.036093e+001, 2.412203e+001, 1.111378e+002, 0.000000e+000, 0.000000e+000, 0.000000e+000, 0.000000e+000
 4.225000e-002,-3.310597e+003, 1.002473e+003, 2.292011e+003,-4.087330e+001, 2.588695e+001, 1.119464e+002, 0.000000e+000, 0.000000e+000, 0.000000e+000, 0.000000e+000
 4.230000e-002,-3.296131e+003, 9.414282e+002, 2.339155e+003,-4.138111e+001, 2.762049e+001, 1.127202e+002, 0.000000e+000, 0.000000e+000, 0.000000e+000, 0.000000e+000
 4.235000e-002,-3.280362e+003, 8.799830e+002, 2.385146e+003,-4.188511e+001, 2.932529e+001, 1.134570e+002, 0.000000e+000, 0.000000e+000, 0.000000e+000, 0.000000e+000
 4.240000e-002,-3.263581e+003, 8.182999e+002, 2.430580e+003,-4.238361e+001, 3.100014e+001, 1.141588e+002, 0.000000e+000, 0.000000e+000, 0.000000e+000, 0.000000e+000
 4.245000e-002,-3.245478e+003, 7.562023e+002, 2.474892e+003,-4.287706e+001, 3.264777e+001, 1.148230e+002, 0.000000e+000, 0.000000e+000, 0.000000e+000, 0.000000e+000
 4.250000e-002,-3.226403e+003, 6.939662e+002, 2.518548e+003,-4.336398e+001, 3.426719e+001, 1.154517e+002, 0.000000e+000, 0.000000e+000, 0.000000e+000, 0.000000e+000
 4.255000e-002,-3.205996e+003, 6.313039e+002, 2.561124e+003,-4.384452e+001, 3.586116e+001, 1.160424e+002, 0.000000e+000, 0.000000e+000, 0.000000e+000, 0.000000e+000
 4.260000e-002,-3.184651e+003, 5.686005e+002, 2.602935e+003,-4.431743e+001, 3.742890e+001, 1.165973e+002, 0.000000e+000, 0.000000e+000, 0.000000e+000, 0.000000e+000
 4.265000e-002,-3.161973e+003, 5.054626e+002, 2.643718e+003,-4.478254e+001, 3.897320e+001, 1.171135e+002, 0.000000e+000, 0.000000e+000, 0.000000e+000, 0.000000e+000
 4.270000e-002,-3.138386e+003, 4.423777e+002, 2.683623e+003,-4.523886e+001, 4.049350e+001, 1.175936e+002, 0.000000e+000, 0.000000e+000, 0.000000e+000, 0.000000e+000
 4.275000e-002,-3.113474e+003, 3.788547e+002, 2.722558e+003,-4.568593e+001, 4.199253e+001, 1.180345e+002, 0.000000e+000, 0.000000e+000, 0.000000e+000, 0.000000e+000
 4.280000e-002,-3.087673e+003, 3.154748e+002, 2.760498e+003,-4.612304e+001, 4.346998e+001, 1.184389e+002, 0.000000e+000, 0.000000e+000, 0.000000e+000, 0.000000e+000
 4.285000e-002,-3.060567e+003, 2.516583e+002, 2.797532e+003,-4.654943e+001, 4.492849e+001, 1.188036e+002, 0.000000e+000, 0.000000e+000, 0.000000e+000, 0.000000e+000
 4.290000e-002,-3.032586e+003, 1.880704e+002, 2.833452e+003,-4.696469e+001, 4.636797e+001, 1.191313e+002, 0.000000e+000, 0.000000e+000, 0.000000e+000, 0.000000e+000
 4.295000e-002,-3.003328e+003, 1.240533e+002, 2.868534e+003,-4.736779e+001, 4.779092e+001, 1.194188e+002, 0.000000e+000, 0.000000e+000, 0.000000e+000, 0.000000e+000
 4.300000e-002,-2.973201e+003, 6.034489e+001, 2.902384e+003,-4.775860e+001, 4.919747e+001, 1.196689e+002, 0.000000e+000, 0.000000e+000, 0.000000e+000, 0.000000e+000
 4.305000e-002,-2.941837e+003,-3.779155e+000, 2.935462e+003,-4.813584e+001, 5.058990e+001, 1.198784e+002, 0.000000e+000, 0.000000e+000, 0.000000e+000, 0.000000e+000
 4.310000e-002,-2.909605e+003,-6.751989e+001, 2.967196e+003,-4.849963e+001, 5.196854e+001, 1.200500e+002, 0.000000e+000, 0.000000e+000, 0.000000e+000, 0.000000e+000
 4.315000e-002,-2.876181e+003,-1.316563e+002, 2.998221e+003,-4.884851e+001, 5.333543e+001, 1.201808e+002, 0.000000e+000, 0.000000e+000, 0.000000e+000, 0.000000e+000
 4.320000e-002,-2.841887e+003,-1.953408e+002, 3.027796e+003,-4.918278e+001, 5.469106e+001, 1.202732e+002, 0.000000e+000, 0.000000e+000, 0.000000e+000, 0.000000e+000
 4.325000e-002,-2.806454e+003,-2.593944e+002, 3.056719e+003,-4.950083e+001, 5.603717e+001, 1.203246e+002, 0.000000e+000, 0.000000e+000, 0.000000e+000, 0.000000e+000
 4.330000e-002,-2.770145e+003,-3.229337e+002, 3.084099e+003,-4.980311e+001, 5.737438e+001, 1.203373e+002, 0.000000e+000, 0.000000e+000, 0.000000e+000, 0.000000e+000
 4.335000e-002,-2.732754e+003,-3.868091e+002, 3.110873e+003,-5.008790e+001, 5.870412e+001, 1.203091e+002, 0.000000e+000, 0.000000e+000, 0.000000e+000, 0.000000e+000
 4.340000e-002,-2.694481e+003,-4.501140e+002, 3.136025e+003,-5.035574e+001, 6.002710e+001, 1.202417e+002, 0.000000e+000, 0.000000e+000, 0.000000e+000, 0.000000e+000
 4.345000e-002,-2.655187e+003,-5.137158e+002, 3.160603e+003,-5.060485e+001, 6.134444e+001, 1.201335e+002, 0.000000e+000, 0.000000e+000, 0.000000e+000, 0.000000e+000
 4.350000e-002,-2.615002e+003,-5.766974e+002, 3.183499e+003,-5.083581e+001, 6.265693e+001, 1.199859e+002, 0.000000e+000, 0.000000e+000, 0.000000e+000, 0.000000e+000
 4.355000e-002,-2.573861e+003,-6.399303e+002, 3.205839e+003,-5.104686e+001, 6.396532e+001, 1.197980e+002, 0.000000e+000, 0.000000e+000, 0.000000e+000, 0.000000e+000
 4.360000e-002,-2.531824e+003,-7.025001e+002, 3.226453e+003,-5.123852e+001, 6.527049e+001, 1.195703e+002, 0.000000e+000, 0.000000e+000, 0.000000e+000, 0.000000e+000
 4.365000e-002,-2.488893e+003,-7.652691e+002, 3.246515e+003,-5.140911e+001, 6.657286e+001, 1.193027e+002, 0.000000e+000, 0.000000e+000, 0.000000e+000, 0.000000e+000
 4.370000e-002,-2.445064e+003,-8.273389e+002, 3.264827e+003,-5.155908e+001, 6.787336e+001, 1.189954e+002, 0.000000e+000, 0.000000e+000, 0.000000e+000, 0.000000e+000
 4.375000e-002,-2.400402e+003,-8.895497e+002, 3.282573e+003,-5.168688e+001, 6.917202e+001, 1.186486e+002, 0.000000e+000, 0.000000e+000, 0.000000e+000, 0.000000e+000
 4.380000e-002,-2.354847e+003,-9.510319e+002, 3.298565e+003,-5.179282e+001, 7.046986e+001, 1.182621e+002, 0.000000e+000, 0.000000e+000, 0.000000e+000, 0.000000e+000
 4.385000e-002,-2.308515e+003,-1.012591e+003, 3.313960e+003,-5.187555e+001, 7.176653e+001, 1.178367e+002, 0.000000e+000, 0.000000e+000, 0.000000e+000, 0.000000e+000
 4.390000e-002,-2.261301e+003,-1.073398e+003, 3.327619e+003,-5.193521e+001, 7.306309e+001, 1.173716e+002, 0.000000e+000, 0.000000e+000, 0.000000e+000, 0.000000e+000
 4.395000e-002,-2.213362e+003,-1.134213e+003, 3.340633e+003,-5.197068e+001, 7.435879e+001, 1.168684e+002, 0.000000e+000, 0.000000e+000, 0.000000e+000, 0.000000e+000
 4.400000e-002,-2.164558e+003,-1.194259e+003, 3.351947e+003,-5.198190e+001, 7.565472e+001, 1.163255e+002, 0.000000e+000, 0.000000e+000, 0.000000e+000, 0.000000e+000
 4.405000e-002,-2.115077e+003,-1.254237e+003, 3.362552e+003,-5.196803e+001, 7.694975e+001, 1.157453e+002, 0.000000e+000, 0.000000e+000, 0.000000e+000, 0.000000e+000
 4.410000e-002,-2.064757e+003,-1.313437e+003, 3.371515e+003,-5.192877e+001, 7.824496e+001, 1.151256e+002, 0.000000e+000, 0.000000e+000, 0.000000e+000, 0.000000e+000
 4.415000e-002,-2.013799e+003,-1.372487e+003, 3.379689e+003,-5.186358e+001, 7.953883e+001, 1.144694e+002, 0.000000e+000, 0.000000e+000, 0.000000e+000, 0.000000e+000
 4.420000e-002,-1.962037e+003,-1.430756e+003, 3.386293e+003,-5.177195e+001, 8.083244e+001, 1.137740e+002, 0.000000e+000, 0.000000e+000, 0.000000e+000, 0.000000e+000
 4.425000e-002,-1.909672e+003,-1.488789e+003, 3.392018e+003,-5.165363e+001, 8.212389e+001, 1.130428e+002, 0.000000e+000, 0.000000e+000, 0.000000e+000, 0.000000e+000
 4.430000e-002,-1.856546e+003,-1.546045e+003, 3.396260e+003,-5.150788e+001, 8.341424e+001, 1.122729e+002, 0.000000e+000, 0.000000e+000, 0.000000e+000, 0.000000e+000
 4.435000e-002,-1.802843e+003,-1.602973e+003, 3.399524e+003,-5.133475e+001, 8.470120e+001, 1.114680e+002, 0.000000e+000, 0.000000e+000, 0.000000e+000, 0.000000e+000
 4.440000e-002,-1.748432e+003,-1.659133e+003, 3.401403e+003,-5.113332e+001, 8.598586e+001, 1.106248e+002, 0.000000e+000, 0.000000e+000, 0.000000e+000, 0.000000e+000
 4.445000e-002,-1.693463e+003,-1.714870e+003, 3.402198e+003,-5.090390e+001, 8.726557e+001, 1.097472e+002, 0.000000e+000, 0.000000e+000, 0.000000e+000, 0.000000e+000
 4.450000e-002,-1.637846e+003,-1.769854e+003, 3.401713e+003,-5.064543e+001, 8.854140e+001, 1.088319e+002, 0.000000e+000, 0.000000e+000, 0.000000e+000, 0.000000e+000
 4.455000e-002,-1.581688e+003,-1.824317e+003, 3.400036e+003,-5.035848e+001, 8.981045e+001, 1.078828e+002, 0.000000e+000, 0.000000e+000, 0.000000e+000, 0.000000e+000
 4.460000e-002,-1.524946e+003,-1.878047e+003, 3.397190e+003,-5.004186e+001, 9.107376e+001, 1.068966e+002, 0.000000e+000, 0.000000e+000, 0.000000e+000, 0.000000e+000
 4.465000e-002,-1.467673e+003,-1.931155e+003, 3.393045e+003,-4.969638e+001, 9.232816e+001, 1.058772e+002, 0.000000e+000, 0.000000e+000, 0.000000e+000, 0.000000e+000
 4.470000e-002,-1.409889e+003,-1.983555e+003, 3.387841e+003,-4.932080e+001, 9.357473e+001, 1.048213e+002, 0.000000e+000, 0.000000e+000, 0.000000e+000, 0.000000e+000
 4.475000e-002,-1.351582e+003,-2.035228e+003, 3.381236e+003,-4.891608e+001, 9.481008e+001, 1.037326e+002, 0.000000e+000, 0.000000e+000, 0.000000e+000, 0.000000e+000
 4.480000e-002,-1.292837e+003,-2.086223e+003, 3.373679e+003,-4.848102e+001, 9.603527e+001, 1.026080e+002, 0.000000e+000, 0.000000e+000, 0.000000e+000, 0.000000e+000
 4.485000e-002,-1.233577e+003,-2.136386e+003, 3.364627e+003,-4.801670e+001, 9.724677e+001, 1.014511e+002, 0.000000e+000, 0.000000e+000, 0.000000e+000, 0.000000e+000
 4.490000e-002,-1.173954e+003,-2.185903e+003, 3.354726e+003,-4.752197e+001, 9.844559e+001, 1.002590e+002, 0.000000e+000, 0.000000e+000, 0.000000e+000, 0.000000e+000
 4.495000e-002,-1.113823e+003,-2.234484e+003, 3.343244e+003,-4.699802e+001, 9.962812e+001, 9.903495e+001, 0.000000e+000, 0.000000e+000, 0.000000e+000, 0.000000e+000
 4.500000e-002,-1.053407e+003,-2.282451e+003, 3.331007e+003,-4.644379e+001, 1.007953e+002, 9.777635e+001, 0.000000e+000, 0.000000e+000, 0.000000e+000, 0.000000e+000
 4.505000e-002,-9.924911e+002,-2.329378e+003, 3.317119e+003,-4.586049e+001, 1.019435e+002, 9.648608e+001, 0.000000e+000, 0.000000e+000, 0.000000e+000, 0.000000e+000
 4.510000e-002,-9.313636e+002,-2.375727e+003, 3.302557e+003,-4.524726e+001, 1.030736e+002, 9.516209e+001, 0.000000e+000, 0.000000e+000, 0.000000e+000, 0.000000e+000
 4.515000e-002,-8.697506e+002,-2.420934e+003, 3.286289e+003,-4.460529e+001, 1.041820e+002, 9.380671e+001, 0.000000e+000, 0.000000e+000, 0.000000e+000, 0.000000e+000
 4.520000e-002,-8.079963e+002,-2.465597e+003, 3.269416e+003,-4.393391e+001, 1.052693e+002, 9.241842e+001, 0.000000e+000, 0.000000e+000, 0.000000e+000, 0.000000e+000
 4.525000e-002,-7.457747e+002,-2.509021e+003, 3.250798e+003,-4.323425e+001, 1.063321e+002, 9.099904e+001, 0.000000e+000, 0.000000e+000, 0.000000e+000, 0.000000e+000
 4.530000e-002,-6.834778e+002,-2.551931e+003, 3.231631e+003,-4.250594e+001, 1.073709e+002, 8.954762e+001, 0.000000e+000, 0.000000e+000, 0.000000e+000, 0.000000e+000
 4.535000e-002,-6.207375e+002,-2.593511e+003, 3.210699e+003,-4.174997e+001, 1.083824e+002, 8.806540e+001, 0.000000e+000, 0.000000e+000, 0.000000e+000, 0.000000e+000
 4.540000e-002,-5.579824e+002,-2.634606e+003, 3.189255e+003,-4.096628e+001, 1.093670e+002, 8.655204e+001, 0.000000e+000, 0.000000e+000, 0.000000e+000, 0.000000e+000
 4.545000e-002,-4.948147e+002,-2.674287e+003, 3.166048e+003,-4.015575e+001, 1.103215e+002, 8.500822e+001, 0.000000e+000, 0.000000e+000, 0.000000e+000, 0.000000e+000
 4.550000e-002,-4.316862e+002,-2.713505e+003, 3.142350e+003,-3.931865e+001, 1.112461e+002, 8.343420e+001, 0.000000e+000, 0.000000e+000, 0.000000e+000, 0.000000e+000
 4.555000e-002,-3.681829e+002,-2.751233e+003, 3.116909e+003,-3.845570e+001, 1.121381e+002, 8.183008e+001, 0.000000e+000, 0.000000e+000, 0.000000e+000, 0.000000e+000
 4.560000e-002,-3.047662e+002,-2.788515e+003, 3.090983e+003,-3.756753e+001, 1.129973e+002, 8.019671e+001, 0.000000e+000, 0.000000e+000, 0.000000e+000, 0.000000e+000
 4.565000e-002,-2.410194e+002,-2.824241e+003, 3.063350e+003,-3.665473e+001, 1.138213e+002, 7.853366e+001, 0.000000e+000, 0.000000e+000, 0.000000e+000, 0.000000e+000
 4.570000e-002,-1.774002e+002,-2.859530e+003, 3.035226e+003,-3.571824e+001, 1.146097e+002, 7.684235e+001, 0.000000e+000, 0.000000e+000, 0.000000e+000, 0.000000e+000
 4.575000e-002,-1.135024e+002,-2.893209e+003, 3.005449e+003,-3.475855e+001, 1.153605e+002, 7.512187e+001, 0.000000e+000, 0.000000e+000, 0.000000e+000, 0.000000e+000
 4.580000e-002,-4.976715e+001,-2.926450e+003, 2.975159e+003,-3.377689e+001, 1.160732e+002, 7.337415e+001, 0.000000e+000, 0.000000e+000, 0.000000e+000, 0.000000e+000
 4.585000e-002, 1.418955e+001,-2.958039e+003, 2.943286e+003,-3.277365e+001, 1.167459e+002, 7.159786e+001, 0.000000e+000, 0.000000e+000, 0.000000e+000, 0.000000e+000
 4.590000e-002, 7.795367e+001,-2.989180e+003, 2.910867e+003,-3.175032e+001, 1.173778e+002, 6.979539e+001, 0.000000e+000, 0.000000e+000, 0.000000e+000, 0.000000e+000
 4.595000e-002, 1.418772e+002,-3.018642e+003, 2.876948e+003,-3.070724e+001, 1.179677e+002, 6.796509e+001, 0.000000e+000, 0.000000e+000, 0.000000e+000, 0.000000e+000
 4.600000e-002, 2.055823e+002,-3.047634e+003, 2.842441e+003,-2.964606e+001, 1.185145e+002, 6.610973e+001, 0.000000e+000, 0.000000e+000, 0.000000e+000, 0.000000e+000
 4.605000e-002, 2.693812e+002,-3.074931e+003, 2.806529e+003,-2.856710e+001, 1.190172e+002, 6.422742e+001, 0.000000e+000, 0.000000e+000, 0.000000e+000, 0.000000e+000
 4.610000e-002, 3.329384e+002,-3.101728e+003, 2.769978e+003,-2.747216e+001, 1.194744e+002, 6.232125e+001, 0.000000e+000, 0.000000e+000, 0.000000e+000, 0.000000e+000
 4.615000e-002, 3.965220e+002,-3.126828e+003, 2.732125e+003,-2.636154e+001, 1.198859e+002, 6.038916e+001, 0.000000e+000, 0.000000e+000, 0.000000e+000, 0.000000e+000
 4.620000e-002, 4.598419e+002,-3.151387e+003, 2.693581e+003,-2.523711e+001, 1.202498e+002, 5.843448e+001, 0.000000e+000, 0.000000e+000, 0.000000e+000, 0.000000e+000
 4.625000e-002, 5.231202e+002,-3.174262e+003, 2.653842e+003,-2.409922e+001, 1.205662e+002, 5.645508e+001, 0.000000e+000, 0.000000e+000, 0.000000e+000, 0.000000e+000
 4.630000e-002, 5.861126e+002,-3.196543e+003, 2.613356e+003,-2.294974e+001, 1.208331e+002, 5.445446e+001, 0.000000e+000, 0.000000e+000, 0.000000e+000, 0.000000e+000
 4.635000e-002, 6.489969e+002,-3.217166e+003, 2.571789e+003,-2.178909e+001, 1.210511e+002, 5.243048e+001, 0.000000e+000, 0.000000e+000, 0.000000e+000, 0.000000e+000
 4.640000e-002, 7.115712e+002,-3.237134e+003, 2.529418e+003,-2.061907e+001, 1.212178e+002, 5.038671e+001, 0.000000e+000, 0.000000e+000, 0.000000e+000, 0.000000e+000
 4.645000e-002, 7.739738e+002,-3.255481e+003, 2.486079e+003,-1.944022e+001, 1.213345e+002, 4.832113e+001, 0.000000e+000, 0.000000e+000, 0.000000e+000, 0.000000e+000
 4.650000e-002, 8.360392e+002,-3.273104e+003, 2.441885e+003,-1.825423e+001, 1.213984e+002, 4.623727e+001, 0.000000e+000, 0.000000e+000, 0.000000e+000, 0.000000e+000
 4.655000e-002, 8.978734e+002,-3.289156e+003, 2.396833e+003,-1.706177e+001, 1.214112e+002, 4.413329e+001, 0.000000e+000, 0.000000e+000, 0.000000e+000, 0.000000e+000
 4.660000e-002, 9.593393e+002,-3.304406e+003, 2.350880e+003,-1.586437e+001, 1.213701e+002, 4.201263e+001, 0.000000e+000, 0.000000e+000, 0.000000e+000, 0.000000e+000
 4.665000e-002, 1.020520e+003,-3.318143e+003, 2.304177e+003,-1.466287e+001, 1.212771e+002, 3.987368e+001, 0.000000e+000, 0.000000e+000, 0.000000e+000, 0.000000e+000
 4.670000e-002, 1.081295e+003,-3.330997e+003, 2.256532e+003,-1.345857e+001, 1.211292e+002, 3.771974e+001, 0.000000e+000, 0.000000e+000, 0.000000e+000, 0.000000e+000
 4.675000e-002, 1.141737e+003,-3.342404e+003, 2.208240e+003,-1.225249e+001, 1.209288e+002, 3.554947e+001, 0.000000e+000, 0.000000e+000, 0.000000e+000, 0.000000e+000
 4.680000e-002, 1.201733e+003,-3.352844e+003, 2.158974e+003,-1.104570e+001, 1.206730e+002, 3.336597e+001, 0.000000e+000, 0.000000e+000, 0.000000e+000, 0.000000e+000
 4.685000e-002, 1.261354e+003,-3.361907e+003, 2.109156e+003,-9.839382e+000, 1.203642e+002, 3.116822e+001, 0.000000e+000, 0.000000e+000, 0.000000e+000, 0.000000e+000
 4.690000e-002, 1.320480e+003,-3.369917e+003, 2.058344e+003,-8.634352e+000, 1.199996e+002, 2.895907e+001, 0.000000e+000, 0.000000e+000, 0.000000e+000, 0.000000e+000
 4.695000e-002, 1.379197e+003,-3.376626e+003, 2.007067e+003,-7.431935e+000, 1.195819e+002, 2.673785e+001, 0.000000e+000, 0.000000e+000, 0.000000e+000, 0.000000e+000
 4.700000e-002, 1.437367e+003,-3.382196e+003, 1.954784e+003,-6.232703e+000, 1.191084e+002, 2.450711e+001, 0.000000e+000, 0.000000e+000, 0.000000e+000, 0.000000e+000
 4.705000e-002, 1.495098e+003,-3.386542e+003, 1.902116e+003,-5.038107e+000, 1.185818e+002, 2.226656e+001, 0.000000e+000, 0.000000e+000, 0.000000e+000, 0.000000e+000
 4.710000e-002, 1.552224e+003,-3.389666e+003, 1.848442e+003,-3.848472e+000, 1.179995e+002, 2.001842e+001, 0.000000e+000, 0.000000e+000, 0.000000e+000, 0.000000e+000
 4.715000e-002, 1.608890e+003,-3.391642e+003, 1.794452e+003,-2.665346e+000, 1.173644e+002, 1.776275e+001, 0.000000e+000, 0.000000e+000, 0.000000e+000, 0.000000e+000
 4.720000e-002, 1.664889e+003,-3.392319e+003, 1.739466e+003,-1.488833e+000, 1.166742e+002, 1.550145e+001, 0.000000e+000, 0.000000e+000, 0.000000e+000, 0.000000e+000
 4.725000e-002, 1.720409e+003,-3.391922e+003, 1.684227e+003,-3.205371e-001, 1.159315e+002, 1.323492e+001, 0.000000e+000, 0.000000e+000, 0.000000e+000, 0.000000e+000
 4.730000e-002, 1.775198e+003,-3.390156e+003, 1.628014e+003, 8.396157e-001, 1.151346e+002, 1.096472e+001, 0.000000e+000, 0.000000e+000, 0.000000e+000, 0.000000e+000
 4.735000e-002, 1.829494e+003,-3.387385e+003, 1.571599e+003, 1.990018e+000, 1.142860e+002, 8.691573e+000, 0.000000e+000, 0.000000e+000, 0.000000e+000, 0.000000e+000
 4.740000e-002, 1.882993e+003,-3.383182e+003, 1.514243e+003, 3.130874e+000, 1.133841e+002, 6.416715e+000, 0.000000e+000, 0.000000e+000, 0.000000e+000, 0.000000e+000
 4.745000e-002, 1.935987e+003,-3.378038e+003, 1.456729e+003, 4.260626e+000, 1.124315e+002, 4.141136e+000, 0.000000e+000, 0.000000e+000, 0.000000e+000, 0.000000e+000
 4.750000e-002, 1.988120e+003,-3.371411e+003, 1.398315e+003, 5.379551e+000, 1.114272e+002, 1.865770e+000, 0.000000e+000, 0.000000e+000, 0.000000e+000, 0.000000e+000
 4.755000e-002, 2.039736e+003,-3.363898e+003, 1.339781e+003, 6.486205e+000, 1.103733e+002,-4.081477e-001, 0.000000e+000, 0.000000e+000, 0.000000e+000, 0.000000e+000
 4.760000e-002, 2.090427e+003,-3.354863e+003, 1.280396e+003, 7.580880e+000, 1.092693e+002,-2.679971e+000, 0.000000e+000, 0.000000e+000, 0.000000e+000, 0.000000e+000
 4.765000e-002, 2.140589e+003,-3.344989e+003, 1.220922e+003, 8.662303e+000, 1.081173e+002,-4.948255e+000, 0.000000e+000, 0.000000e+000, 0.000000e+000, 0.000000e+000
 4.770000e-002, 2.189768e+003,-3.333565e+003, 1.160655e+003, 9.730728e+000, 1.069172e+002,-7.212615e+000, 0.000000e+000, 0.000000e+000, 0.000000e+000, 0.000000e+000
 4.775000e-002, 2.238401e+003,-3.321339e+003, 1.100321e+003, 1.078511e+001, 1.056708e+002,-9.471437e+000, 0.000000e+000, 0.000000e+000, 0.000000e+000, 0.000000e+000
 4.780000e-002, 2.285999e+003,-3.307549e+003, 1.039261e+003, 1.182561e+001, 1.043786e+002,-1.172456e+001, 0.000000e+000, 0.000000e+000, 0.000000e+000, 0.000000e+000
 4.785000e-002, 2.333031e+003,-3.292986e+003, 9.781534e+002, 1.285147e+001, 1.030421e+002,-1.397025e+001, 0.000000e+000, 0.000000e+000, 0.000000e+000, 0.000000e+000
 4.790000e-002, 2.378982e+003,-3.276856e+003, 9.163883e+002, 1.386271e+001, 1.016621e+002,-1.620854e+001, 0.000000e+000, 0.000000e+000, 0.000000e+000, 0.000000e+000
 4.795000e-002, 2.424341e+003,-3.259972e+003, 8.545923e+002, 1.485889e+001, 1.002402e+002,-1.843759e+001, 0.000000e+000, 0.000000e+000, 0.000000e+000, 0.000000e+000
 4.800000e-002, 2.468583e+003,-3.241531e+003, 7.922126e+002, 1.583986e+001, 9.877759e+001,-2.065761e+001, 0.000000e+000, 0.000000e+000, 0.000000e+000, 0.000000e+000
 4.805000e-002, 2.512200e+003,-3.222346e+003, 7.298154e+002, 1.680551e+001, 9.727543e+001,-2.286672e+001, 0.000000e+000, 0.000000e+000, 0.000000e+000, 0.000000e+000
 4.810000e-002, 2.554672e+003,-3.201627e+003, 6.669113e+002, 1.775549e+001, 9.573546e+001,-2.506524e+001, 0.000000e+000, 0.000000e+000, 0.000000e+000, 0.000000e+000
 4.815000e-002, 2.596480e+003,-3.180166e+003, 6.040013e+002, 1.869006e+001, 9.415864e+001,-2.725129e+001, 0.000000e+000, 0.000000e+000, 0.000000e+000, 0.000000e+000
 4.820000e-002, 2.637127e+003,-3.157202e+003, 5.406633e+002, 1.960863e+001, 9.254709e+001,-2.942529e+001, 0.000000e+000, 0.000000e+000, 0.000000e+000, 0.000000e+000
 4.825000e-002, 2.677062e+003,-3.133493e+003, 4.773306e+002, 2.051182e+001, 9.090159e+001,-3.158537e+001, 0.000000e+000, 0.000000e+000, 0.000000e+000, 0.000000e+000
 4.830000e-002, 2.715828e+003,-3.108321e+003, 4.136495e+002, 2.139878e+001, 8.922457e+001,-3.373203e+001, 0.000000e+000, 0.000000e+000, 0.000000e+000, 0.000000e+000
 4.835000e-002, 2.753827e+003,-3.082395e+003, 3.499847e+002, 2.227050e+001, 8.751668e+001,-3.586347e+001, 0.000000e+000, 0.000000e+000, 0.000000e+000, 0.000000e+000
 4.840000e-002, 2.790663e+003,-3.055055e+003, 2.860513e+002, 2.312588e+001, 8.578062e+001,-3.798021e+001, 0.000000e+000, 0.000000e+000, 0.000000e+000, 0.000000e+000
 4.845000e-002, 2.826668e+003,-3.026946e+003, 2.221460e+002, 2.396623e+001, 8.401691e+001,-4.008052e+001, 0.000000e+000, 0.000000e+000, 0.000000e+000, 0.000000e+000
 4.850000e-002, 2.861523e+003,-2.997480e+003, 1.580512e+002, 2.479021e+001, 8.222846e+001,-4.216496e+001, 0.000000e+000, 0.000000e+000, 0.000000e+000, 0.000000e+000
 4.855000e-002, 2.895479e+003,-2.967228e+003, 9.399744e+001, 2.559943e+001, 8.041570e+001,-4.423188e+001, 0.000000e+000, 0.000000e+000, 0.000000e+000, 0.000000e+000
 4.860000e-002, 2.928308e+003,-2.935678e+003, 2.983214e+001, 2.639234e+001, 7.858169e+001,-4.628184e+001, 0.000000e+000, 0.000000e+000, 0.000000e+000, 0.000000e+000
 4.865000e-002, 2.960163e+003,-2.903324e+003,-3.427766e+001, 2.717078e+001, 7.672677e+001,-4.831329e+001, 0.000000e+000, 0.000000e+000, 0.000000e+000, 0.000000e+000
 4.870000e-002, 2.990922e+003,-2.869737e+003,-9.842288e+001, 2.793305e+001, 7.485408e+001,-5.032677e+001, 0.000000e+000, 0.000000e+000, 0.000000e+000, 0.000000e+000
 4.875000e-002, 3.020628e+003,-2.835327e+003,-1.624962e+002, 2.868118e+001, 7.296393e+001,-5.232084e+001, 0.000000e+000, 0.000000e+000, 0.000000e+000, 0.000000e+000
 4.880000e-002, 3.049274e+003,-2.799749e+003,-2.265309e+002, 2.941335e+001, 7.105944e+001,-5.429599e+001, 0.000000e+000, 0.000000e+000, 0.000000e+000, 0.000000e+000
 4.885000e-002, 3.076788e+003,-2.763332e+003,-2.904753e+002, 3.013169e+001, 6.914093e+001,-5.625090e+001, 0.000000e+000, 0.000000e+000, 0.000000e+000, 0.000000e+000
 4.890000e-002, 3.103281e+003,-2.725813e+003,-3.543095e+002, 3.083435e+001, 6.721143e+001,-5.818600e+001, 0.000000e+000, 0.000000e+000, 0.000000e+000, 0.000000e+000
 4.895000e-002, 3.128564e+003,-2.687441e+003,-4.180328e+002, 3.152351e+001, 6.527129e+001,-6.010008e+001, 0.000000e+000, 0.000000e+000, 0.000000e+000, 0.000000e+000
 4.900000e-002, 3.152867e+003,-2.648031e+003,-4.815768e+002, 3.219732e+001, 6.332339e+001,-6.199351e+001, 0.000000e+000, 0.000000e+000, 0.000000e+000, 0.000000e+000
 4.905000e-002, 3.175882e+003,-2.607759e+003,-5.449871e+002, 3.285794e+001, 6.136814e+001,-6.386517e+001, 0.000000e+000, 0.000000e+000, 0.000000e+000, 0.000000e+000
 4.910000e-002, 3.197959e+003,-2.566513e+003,-6.081519e+002, 3.350359e+001, 5.940826e+001,-6.571537e+001, 0.000000e+000, 0.000000e+000, 0.000000e+000, 0.000000e+000
 4.915000e-002, 3.218676e+003,-2.524399e+003,-6.711580e+002, 3.413633e+001, 5.744417e+001,-6.754308e+001, 0.000000e+000, 0.000000e+000, 0.000000e+000, 0.000000e+000
 4.920000e-002, 3.238495e+003,-2.481371e+003,-7.338549e+002, 3.475452e+001, 5.547839e+001,-6.934856e+001, 0.000000e+000, 0.000000e+000, 0.000000e+000, 0.000000e+000
 4.925000e-002, 3.256885e+003,-2.437476e+003,-7.963664e+002, 3.536005e+001, 5.351141e+001,-7.113084e+001, 0.000000e+000, 0.000000e+000, 0.000000e+000, 0.000000e+000
 4.930000e-002, 3.274415e+003,-2.392724e+003,-8.585076e+002, 3.595147e+001, 5.154549e+001,-7.289009e+001, 0.000000e+000, 0.000000e+000, 0.000000e+000, 0.000000e+000
 4.935000e-002, 3.290457e+003,-2.347111e+003,-9.204347e+002, 3.653044e+001, 4.958119e+001,-7.462547e+001, 0.000000e+000, 0.000000e+000, 0.000000e+000, 0.000000e+000
 4.940000e-002, 3.305669e+003,-2.300695e+003,-9.819333e+002, 3.709576e+001, 4.762051e+001,-7.633703e+001, 0.000000e+000, 0.000000e+000, 0.000000e+000, 0.000000e+000
 4.945000e-002, 3.319344e+003,-2.253429e+003,-1.043187e+003, 3.764881e+001, 4.566405e+001,-7.802399e+001, 0.000000e+000, 0.000000e+000, 0.000000e+000, 0.000000e+000
 4.950000e-002, 3.332214e+003,-2.205411e+003,-1.103957e+003, 3.818867e+001, 4.371353e+001,-7.968637e+001, 0.000000e+000, 0.000000e+000, 0.000000e+000, 0.000000e+000
 4.955000e-002, 3.343507e+003,-2.156561e+003,-1.164451e+003, 3.871640e+001, 4.176957e+001,-8.132343e+001, 0.000000e+000, 0.000000e+000, 0.000000e+000, 0.000000e+000
 4.960000e-002, 3.354010e+003,-2.107004e+003,-1.224407e+003, 3.923141e+001, 3.983364e+001,-8.293507e+001, 0.000000e+000, 0.000000e+000, 0.000000e+000, 0.000000e+000
 4.965000e-002, 3.362910e+003,-2.056638e+003,-1.284053e+003, 3.973439e+001, 3.790635e+001,-8.452065e+001, 0.000000e+000, 0.000000e+000, 0.000000e+000, 0.000000e+000
 4.970000e-002, 3.371028e+003,-2.005610e+003,-1.343112e+003, 4.022511e+001, 3.598888e+001,-8.607999e+001, 0.000000e+000, 0.000000e+000, 0.000000e+000, 0.000000e+000
 4.975000e-002, 3.377528e+003,-1.953801e+003,-1.401825e+003, 4.070389e+001, 3.408184e+001,-8.761248e+001, 0.000000e+000, 0.000000e+000, 0.000000e+000, 0.000000e+000
 4.980000e-002, 3.383244e+003,-1.901370e+003,-1.459905e+003, 4.117084e+001, 3.218615e+001,-8.911786e+001, 0.000000e+000, 0.000000e+000, 0.000000e+000, 0.000000e+000
 4.985000e-002, 3.387340e+003,-1.848190e+003,-1.517601e+003, 4.162592e+001, 3.030238e+001,-9.059559e+001, 0.000000e+000, 0.000000e+000, 0.000000e+000, 0.000000e+000
 4.990000e-002, 3.390642e+003,-1.794428e+003,-1.574621e+003, 4.206956e+001, 2.843121e+001,-9.204532e+001, 0.000000e+000, 0.000000e+000, 0.000000e+000, 0.000000e+000
 4.995000e-002, 3.392333e+003,-1.739951e+003,-1.631218e+003, 4.250138e+001, 2.657313e+001,-9.346657e+001, 0.000000e+000, 0.000000e+000, 0.000000e+000, 0.000000e+000
 5.000000e-002, 3.393211e+003,-1.684931e+003,-1.687097e+003, 4.292214e+001, 2.472861e+001,-9.485890e+001, 0.000000e+000, 0.000000e+000, 0.000000e+000, 0.000000e+000
 5.005000e-002, 3.392500e+003,-1.629234e+003,-1.742514e+003, 4.333109e+001, 2.289807e+001,-9.622190e+001, 0.000000e+000, 0.000000e+000, 0.000000e+000, 0.000000e+000
 5.010000e-002, 3.390949e+003,-1.573031e+003,-1.797175e+003, 4.372928e+001, 2.108178e+001,-9.755505e+001, 0.000000e+000, 0.000000e+000, 0.000000e+000, 0.000000e+000
 5.015000e-002, 3.387842e+003,-1.516193e+003,-1.851332e+003, 4.411568e+001, 1.928007e+001,-9.885802e+001, 0.000000e+000, 0.000000e+000, 0.000000e+000, 0.000000e+000
 5.020000e-002, 3.383861e+003,-1.458884e+003,-1.904699e+003, 4.449156e+001, 1.749304e+001,-1.001302e+002, 0.000000e+000, 0.000000e+000, 0.000000e+000, 0.000000e+000
 5.025000e-002, 3.378365e+003,-1.400983e+003,-1.957518e+003, 4.485564e+001, 1.572092e+001,-1.013713e+002, 0.000000e+000, 0.000000e+000, 0.000000e+000, 0.000000e+000
 5.030000e-002, 3.371958e+003,-1.342650e+003,-2.009516e+003, 4.520935e+001, 1.396367e+001,-1.025807e+002, 0.000000e+000, 0.000000e+000, 0.000000e+000, 0.000000e+000
 5.035000e-002, 3.364083e+003,-1.283766e+003,-2.060923e+003, 4.555125e+001, 1.222142e+001,-1.037582e+002, 0.000000e+000, 0.000000e+000, 0.000000e+000, 0.000000e+000
 5.040000e-002, 3.355258e+003,-1.224488e+003,-2.111479e+003, 4.588287e+001, 1.049401e+001,-1.049029e+002, 0.000000e+000, 0.000000e+000, 0.000000e+000, 0.000000e+000
 5.045000e-002, 3.345017e+003,-1.164706e+003,-2.161399e+003, 4.620262e+001, 8.781452e+000,-1.060149e+002, 0.000000e+000, 0.000000e+000, 0.000000e+000, 0.000000e+000
 5.050000e-002, 3.333787e+003,-1.104566e+003,-2.210444e+003, 4.651211e+001, 7.083495e+000,-1.070934e+002, 0.000000e+000, 0.000000e+000, 0.000000e+000, 0.000000e+000
 5.055000e-002, 3.321196e+003,-1.043967e+003,-2.258805e+003, 4.680968e+001, 5.400048e+000,-1.081381e+002, 0.000000e+000, 0.000000e+000, 0.000000e+000, 0.000000e+000
 5.060000e-002, 3.307575e+003,-9.830512e+002,-2.306269e+003, 4.709693e+001, 3.730776e+000,-1.091484e+002, 0.000000e+000, 0.000000e+000, 0.000000e+000, 0.000000e+000
 5.065000e-002, 3.292652e+003,-9.217208e+002,-2.353002e+003, 4.737220e+001, 2.075502e+000,-1.101242e+002, 0.000000e+000, 0.000000e+000, 0.000000e+000, 0.000000e+000
 5.070000e-002, 3.276662e+003,-8.601133e+002,-2.398819e+003, 4.763699e+001, 4.338140e-001,-1.110646e+002, 0.000000e+000, 0.000000e+000, 0.000000e+000, 0.000000e+000
 5.075000e-002, 3.259427e+003,-7.981379e+002,-2.443857e+003, 4.788974e+001,-1.194530e+000,-1.119698e+002, 0.000000e+000, 0.000000e+000, 0.000000e+000, 0.000000e+000
 5.080000e-002, 3.241094e+003,-7.359258e+002,-2.487963e+003, 4.813180e+001,-2.810008e+000,-1.128387e+002, 0.000000e+000, 0.000000e+000, 0.000000e+000, 0.000000e+000
 5.085000e-002, 3.221568e+003,-6.733929e+002,-2.531242e+003, 4.836174e+001,-4.412903e+000,-1.136715e+002, 0.000000e+000, 0.000000e+000, 0.000000e+000, 0.000000e+000
 5.090000e-002, 3.200921e+003,-6.106638e+002,-2.573574e+003, 4.858070e+001,-6.003757e+000,-1.144673e+002, 0.000000e+000, 0.000000e+000, 0.000000e+000, 0.000000e+000
 5.095000e-002, 3.179131e+003,-5.476622e+002,-2.615032e+003, 4.878743e+001,-7.582859e+000,-1.152263e+002, 0.000000e+000, 0.000000e+000, 0.000000e+000, 0.000000e+000
 5.100000e-002, 3.156202e+003,-4.845044e+002,-2.655531e+003, 4.898282e+001,-9.150812e+000,-1.159474e+002, 0.000000e+000, 0.000000e+000, 0.000000e+000, 0.000000e+000
 5.105000e-002, 3.132175e+003,-4.211240e+002,-2.695109e+003, 4.916586e+001,-1.070788e+001,-1.166311e+002, 0.000000e+000, 0.000000e+000, 0.000000e+000, 0.000000e+000
 5.110000e-002, 3.107002e+003,-3.576265e+002,-2.733718e+003, 4.933714e+001,-1.225473e+001,-1.172762e+002, 0.000000e+000, 0.000000e+000, 0.000000e+000, 0.000000e+000
 5.115000e-002, 3.080769e+003,-2.939583e+002,-2.771358e+003, 4.949588e+001,-1.379158e+001,-1.178831e+002, 0.000000e+000, 0.000000e+000, 0.000000e+000, 0.000000e+000
 5.120000e-002, 3.053392e+003,-2.302103e+002,-2.808022e+003, 4.964238e+001,-1.531914e+001,-1.184509e+002, 0.000000e+000, 0.000000e+000, 0.000000e+000, 0.000000e+000
 5.125000e-002, 3.024986e+003,-1.663461e+002,-2.843672e+003, 4.977612e+001,-1.683755e+001,-1.189799e+002, 0.000000e+000, 0.000000e+000, 0.000000e+000, 0.000000e+000
 5.130000e-002, 2.995450e+003,-1.024375e+002,-2.878339e+003, 4.989709e+001,-1.834759e+001,-1.194692e+002, 0.000000e+000, 0.000000e+000, 0.000000e+000, 0.000000e+000
 5.135000e-002, 2.964907e+003,-3.846978e+001,-2.911947e+003, 5.000502e+001,-1.984929e+001,-1.199192e+002, 0.000000e+000, 0.000000e+000, 0.000000e+000, 0.000000e+000
 5.140000e-002, 2.933258e+003, 2.550984e+001,-2.944567e+003, 5.009959e+001,-2.134350e+001,-1.203289e+002, 0.000000e+000, 0.000000e+000, 0.000000e+000, 0.000000e+000
 5.145000e-002, 2.900619e+003, 8.948808e+001,-2.976087e+003, 5.018080e+001,-2.283011e+001,-1.206987e+002, 0.000000e+000, 0.000000e+000, 0.000000e+000, 0.000000e+000
 5.150000e-002, 2.866905e+003, 1.534488e+002,-3.006614e+003, 5.024802e+001,-2.431006e+001,-1.210279e+002, 0.000000e+000, 0.000000e+000, 0.000000e+000, 0.000000e+000
 5.155000e-002, 2.832214e+003, 2.173444e+002,-3.036000e+003, 5.030148e+001,-2.578306e+001,-1.213169e+002, 0.000000e+000, 0.000000e+000, 0.000000e+000, 0.000000e+000
 5.160000e-002, 2.796488e+003, 2.811964e+002,-3.064391e+003, 5.034032e+001,-2.725015e+001,-1.215648e+002, 0.000000e+000, 0.000000e+000, 0.000000e+000, 0.000000e+000
 5.165000e-002, 2.759790e+003, 3.449160e+002,-3.091602e+003, 5.036493e+001,-2.871087e+001,-1.217721e+002, 0.000000e+000, 0.000000e+000, 0.000000e+000, 0.000000e+000
 5.170000e-002, 2.722105e+003, 4.085696e+002,-3.117814e+003, 5.037426e+001,-3.016632e+001,-1.219380e+002, 0.000000e+000, 0.000000e+000, 0.000000e+000, 0.000000e+000
 5.175000e-002, 2.683452e+003, 4.720200e+002,-3.142813e+003, 5.036884e+001,-3.161587e+001,-1.220630e+002, 0.000000e+000, 0.000000e+000, 0.000000e+000, 0.000000e+000
 5.180000e-002, 2.643864e+003, 5.353856e+002,-3.166810e+003, 5.034749e+001,-3.306068e+001,-1.221464e+002, 0.000000e+000, 0.000000e+000, 0.000000e+000, 0.000000e+000
 5.185000e-002, 2.603310e+003, 5.984741e+002,-3.189559e+003, 5.031079e+001,-3.449994e+001,-1.221886e+002, 0.000000e+000, 0.000000e+000, 0.000000e+000, 0.000000e+000
 5.190000e-002, 2.561876e+003, 6.614622e+002,-3.211307e+003, 5.025750e+001,-3.593486e+001,-1.221891e+002, 0.000000e+000, 0.000000e+000, 0.000000e+000, 0.000000e+000
 5.195000e-002, 2.519478e+003, 7.240966e+002,-3.231776e+003, 5.018822e+001,-3.736448e+001,-1.221481e+002, 0.000000e+000, 0.000000e+000, 0.000000e+000, 0.000000e+000
 5.200000e-002, 2.476258e+003, 7.866180e+002,-3.251243e+003, 5.010171e+001,-3.879000e+001,-1.220653e+002, 0.000000e+000, 0.000000e+000, 0.000000e+000, 0.000000e+000
 5.205000e-002, 2.432077e+003, 8.487071e+002,-3.269403e+003, 4.999850e+001,-4.021033e+001,-1.219410e+002, 0.000000e+000, 0.000000e+000, 0.000000e+000, 0.000000e+000
 5.210000e-002, 2.387130e+003, 9.106729e+002,-3.286560e+003, 4.987745e+001,-4.162667e+001,-1.217746e+002, 0.000000e+000, 0.000000e+000, 0.000000e+000, 0.000000e+000
 5.215000e-002, 2.341232e+003, 9.721265e+002,-3.302387e+003, 4.973895e+001,-4.303778e+001,-1.215667e+002, 0.000000e+000, 0.000000e+000, 0.000000e+000, 0.000000e+000
 5.220000e-002, 2.294621e+003, 1.033448e+003,-3.317210e+003, 4.958203e+001,-4.444484e+001,-1.213168e+002, 0.000000e+000, 0.000000e+000, 0.000000e+000, 0.000000e+000
 5.225000e-002, 2.247073e+003, 1.094177e+003,-3.330681e+003, 4.940690e+001,-4.584653e+001,-1.210253e+002, 0.000000e+000, 0.000000e+000, 0.000000e+000, 0.000000e+000
 5.230000e-002, 2.198861e+003, 1.154767e+003,-3.343148e+003, 4.921279e+001,-4.724395e+001,-1.206918e+002, 0.000000e+000, 0.000000e+000, 0.000000e+000, 0.000000e+000
 5.235000e-002, 2.149734e+003, 1.214685e+003,-3.354245e+003, 4.899971e+001,-4.863572e+001,-1.203166e+002, 0.000000e+000, 0.000000e+000, 0.000000e+000, 0.000000e+000
 5.240000e-002, 2.099985e+003, 1.274454e+003,-3.364337e+003, 4.876714e+001,-5.002284e+001,-1.198996e+002, 0.000000e+000, 0.000000e+000, 0.000000e+000, 0.000000e+000
 5.245000e-002, 2.049354e+003, 1.333475e+003,-3.373046e+003, 4.851484e+001,-5.140393e+001,-1.194410e+002, 0.000000e+000, 0.000000e+000, 0.000000e+000, 0.000000e+000
 5.250000e-002, 1.998135e+003, 1.392338e+003,-3.380748e+003, 4.824261e+001,-5.277984e+001,-1.189407e+002, 0.000000e+000, 0.000000e+000, 0.000000e+000, 0.000000e+000
 5.255000e-002, 1.946075e+003, 1.450378e+003,-3.387057e+003, 4.794992e+001,-5.414923e+001,-1.183989e+002, 0.000000e+000, 0.000000e+000, 0.000000e+000, 0.000000e+000
 5.260000e-002, 1.893455e+003, 1.508248e+003,-3.392358e+003, 4.763690e+001,-5.551275e+001,-1.178156e+002, 0.000000e+000, 0.000000e+000, 0.000000e+000, 0.000000e+000
 5.265000e-002, 1.840044e+003, 1.565226e+003,-3.396259e+003, 4.730275e+001,-5.686917e+001,-1.171908e+002, 0.000000e+000, 0.000000e+000, 0.000000e+000, 0.000000e+000
 5.270000e-002, 1.786092e+003, 1.622018e+003,-3.399149e+003, 4.694794e+001,-5.821891e+001,-1.165248e+002, 0.000000e+000, 0.000000e+000, 0.000000e+000, 0.000000e+000
 5.275000e-002, 1.731411e+003, 1.677854e+003,-3.400639e+003, 4.657139e+001,-5.956086e+001,-1.158176e+002, 0.000000e+000, 0.000000e+000, 0.000000e+000, 0.000000e+000
 5.280000e-002, 1.676199e+003, 1.733484e+003,-3.401113e+003, 4.617392e+001,-6.089518e+001,-1.150694e+002, 0.000000e+000, 0.000000e+000, 0.000000e+000, 0.000000e+000
 5.285000e-002, 1.620330e+003, 1.788101e+003,-3.400191e+003, 4.575417e+001,-6.222094e+001,-1.142802e+002, 0.000000e+000, 0.000000e+000, 0.000000e+000, 0.000000e+000
 5.290000e-002, 1.563932e+003, 1.842485e+003,-3.398246e+003, 4.531330e+001,-6.353801e+001,-1.134504e+002, 0.000000e+000, 0.000000e+000, 0.000000e+000, 0.000000e+000
 5.295000e-002, 1.506957e+003, 1.895809e+003,-3.394915e+003, 4.484974e+001,-6.484565e+001,-1.125799e+002, 0.000000e+000, 0.000000e+000, 0.000000e+000, 0.000000e+000
 5.300000e-002, 1.449450e+003, 1.948865e+003,-3.390552e+003, 4.436491e+001,-6.614343e+001,-1.116693e+002, 0.000000e+000, 0.000000e+000, 0.000000e+000, 0.000000e+000
 5.305000e-002, 1.391453e+003, 2.000822e+003,-3.384819e+003, 4.385708e+001,-6.743085e+001,-1.107183e+002, 0.000000e+000, 0.000000e+000, 0.000000e+000, 0.000000e+000
 5.310000e-002, 1.332914e+003, 2.052471e+003,-3.378043e+003, 4.332791e+001,-6.870714e+001,-1.097277e+002, 0.000000e+000, 0.000000e+000, 0.000000e+000, 0.000000e+000
 5.315000e-002, 1.273979e+003, 2.102991e+003,-3.369917e+003, 4.277556e+001,-6.997204e+001,-1.086971e+002, 0.000000e+000, 0.000000e+000, 0.000000e+000, 0.000000e+000
 5.320000e-002, 1.214490e+003, 2.153154e+003,-3.360734e+003, 4.220187e+001,-7.122446e+001,-1.076275e+002, 0.000000e+000, 0.000000e+000, 0.000000e+000, 0.000000e+000
 5.325000e-002, 1.154702e+003, 2.202170e+003,-3.350230e+003, 4.160498e+001,-7.246441e+001,-1.065185e+002, 0.000000e+000, 0.000000e+000, 0.000000e+000, 0.000000e+000
 5.330000e-002, 1.094346e+003, 2.250770e+003,-3.338651e+003, 4.098681e+001,-7.369044e+001,-1.053711e+002, 0.000000e+000, 0.000000e+000, 0.000000e+000, 0.000000e+000
 5.335000e-002, 1.033789e+003, 2.298215e+003,-3.325786e+003, 4.034557e+001,-7.490286e+001,-1.041849e+002, 0.000000e+000, 0.000000e+000, 0.000000e+000, 0.000000e+000
 5.340000e-002, 9.726513e+002, 2.345179e+003,-3.311825e+003, 3.968320e+001,-7.609988e+001,-1.029611e+002, 0.000000e+000, 0.000000e+000, 0.000000e+000, 0.000000e+000
 5.345000e-002, 9.114097e+002, 2.390990e+003,-3.296618e+003, 3.899803e+001,-7.728210e+001,-1.016991e+002, 0.000000e+000, 0.000000e+000, 0.000000e+000, 0.000000e+000
 5.350000e-002, 8.495782e+002, 2.436246e+003,-3.280292e+003, 3.829198e+001,-7.844737e+001,-1.004005e+002, 0.000000e+000, 0.000000e+000, 0.000000e+000, 0.000000e+000
 5.355000e-002, 7.877364e+002, 2.480361e+003,-3.262768e+003, 3.756358e+001,-7.959660e+001,-9.906442e+001, 0.000000e+000, 0.000000e+000, 0.000000e+000, 0.000000e+000
 5.360000e-002, 7.253008e+002, 2.523840e+003,-3.244098e+003, 3.681462e+001,-8.072731e+001,-9.769265e+001, 0.000000e+000, 0.000000e+000, 0.000000e+000, 0.000000e+000
 5.365000e-002, 6.629429e+002, 2.566200e+003,-3.224282e+003, 3.604392e+001,-8.184068e+001,-9.628431e+001, 0.000000e+000, 0.000000e+000, 0.000000e+000, 0.000000e+000
 5.370000e-002, 5.999949e+002, 2.607836e+003,-3.203293e+003, 3.525307e+001,-8.293393e+001,-9.484132e+001, 0.000000e+000, 0.000000e+000, 0.000000e+000, 0.000000e+000
 5.375000e-002, 5.372045e+002, 2.648385e+003,-3.181215e+003, 3.444125e+001,-8.400850e+001,-9.336277e+001, 0.000000e+000, 0.000000e+000, 0.000000e+000, 0.000000e+000
 5.380000e-002, 4.738375e+002, 2.688114e+003,-3.157934e+003, 3.360978e+001,-8.506136e+001,-9.185072e+001, 0.000000e+000, 0.000000e+000, 0.000000e+000, 0.000000e+000
 5.385000e-002, 4.106983e+002, 2.726798e+003,-3.133626e+003, 3.275826e+001,-8.609413e+001,-9.030421e+001, 0.000000e+000, 0.000000e+000, 0.000000e+000, 0.000000e+000
 5.390000e-002, 3.470069e+002, 2.764560e+003,-3.108086e+003, 3.188769e+001,-8.710359e+001,-8.872542e+001, 0.000000e+000, 0.000000e+000, 0.000000e+000, 0.000000e+000
 5.395000e-002, 2.836023e+002, 2.801325e+003,-3.081582e+003, 3.099812e+001,-8.809155e+001,-8.711343e+001, 0.000000e+000, 0.000000e+000, 0.000000e+000, 0.000000e+000
 5.400000e-002, 2.196823e+002, 2.837064e+003,-3.053818e+003, 3.009019e+001,-8.905458e+001,-8.547047e+001, 0.000000e+000, 0.000000e+000, 0.000000e+000, 0.000000e+000
 5.405000e-002, 1.560959e+002, 2.871860e+003,-3.025156e+003, 2.916444e+001,-8.999464e+001,-8.379569e+001, 0.000000e+000, 0.000000e+000, 0.000000e+000, 0.000000e+000
 5.410000e-002, 9.204343e+001, 2.905524e+003,-2.995208e+003, 2.822113e+001,-9.090821e+001,-8.209134e+001, 0.000000e+000, 0.000000e+000, 0.000000e+000, 0.000000e+000
 5.415000e-002, 2.835893e+001, 2.938302e+003,-2.964426e+003, 2.726127e+001,-9.179733e+001,-8.035667e+001, 0.000000e+000, 0.000000e+000, 0.000000e+000, 0.000000e+000
 5.420000e-002,-3.572929e+001, 2.969842e+003,-2.932337e+003, 2.628475e+001,-9.265841e+001,-7.859390e+001, 0.000000e+000, 0.000000e+000, 0.000000e+000, 0.000000e+000
 5.425000e-002,-9.942803e+001, 3.000556e+003,-2.899478e+003, 2.529305e+001,-9.349352e+001,-7.680246e+001, 0.000000e+000, 0.000000e+000, 0.000000e+000, 0.000000e+000
 5.430000e-002,-1.634555e+002, 3.029926e+003,-2.865296e+003, 2.428567e+001,-9.429911e+001,-7.498444e+001, 0.000000e+000, 0.000000e+000, 0.000000e+000, 0.000000e+000
 5.435000e-002,-2.270842e+002, 3.058533e+003,-2.830403e+003, 2.326456e+001,-9.507724e+001,-7.313951e+001, 0.000000e+000, 0.000000e+000, 0.000000e+000, 0.000000e+000
 5.440000e-002,-2.909548e+002, 3.085692e+003,-2.794177e+003, 2.222886e+001,-9.582440e+001,-7.126961e+001, 0.000000e+000, 0.000000e+000, 0.000000e+000, 0.000000e+000
 5.445000e-002,-3.544285e+002, 3.112149e+003,-2.757298e+003, 2.118092e+001,-9.654259e+001,-6.937465e+001, 0.000000e+000, 0.000000e+000, 0.000000e+000, 0.000000e+000
 5.450000e-002,-4.180472e+002, 3.137060e+003,-2.719083e+003, 2.011958e+001,-9.722847e+001,-6.745639e+001, 0.000000e+000, 0.000000e+000, 0.000000e+000, 0.000000e+000
 5.455000e-002,-4.812804e+002, 3.161329e+003,-2.680265e+003, 1.904751e+001,-9.788390e+001,-6.551503e+001, 0.000000e+000, 0.000000e+000, 0.000000e+000, 0.000000e+000
 5.460000e-002,-5.445530e+002, 3.183958e+003,-2.640120e+003, 1.796332e+001,-9.850572e+001,-6.355209e+001, 0.000000e+000, 0.000000e+000, 0.000000e+000, 0.000000e+000
 5.465000e-002,-6.074596e+002, 3.206002e+003,-2.599415e+003, 1.686994e+001,-9.909565e+001,-6.156807e+001, 0.000000e+000, 0.000000e+000, 0.000000e+000, 0.000000e+000
 5.470000e-002,-6.702935e+002, 3.226320e+003,-2.557400e+003, 1.576579e+001,-9.965079e+001,-5.956422e+001, 0.000000e+000, 0.000000e+000, 0.000000e+000, 0.000000e+000
 5.475000e-002,-7.327866e+002, 3.246104e+003,-2.514860e+003, 1.465399e+001,-1.001726e+002,-5.754141e+001, 0.000000e+000, 0.000000e+000, 0.000000e+000, 0.000000e+000
 5.480000e-002,-7.950909e+002, 3.264087e+003,-2.471040e+003, 1.353284e+001,-1.006586e+002,-5.550056e+001, 0.000000e+000, 0.000000e+000, 0.000000e+000, 0.000000e+000
 5.485000e-002,-8.570828e+002, 3.281579e+003,-2.426721e+003, 1.240555e+001,-1.011099e+002,-5.344287e+001, 0.000000e+000, 0.000000e+000, 0.000000e+000, 0.000000e+000
 5.490000e-002,-9.187686e+002, 3.297206e+003,-2.381162e+003, 1.127041e+001,-1.015243e+002,-5.136898e+001, 0.000000e+000, 0.000000e+000, 0.000000e+000, 0.000000e+000
 5.495000e-002,-9.801712e+002, 3.312376e+003,-2.335124e+003, 1.013063e+001,-1.019028e+002,-4.928042e+001, 0.000000e+000, 0.000000e+000, 0.000000e+000, 0.000000e+000
 5.500000e-002,-1.041151e+003, 3.325630e+003,-2.287896e+003, 8.984534e+000,-1.022436e+002,-4.717748e+001, 0.000000e+000, 0.000000e+000, 0.000000e+000, 0.000000e+000
 5.505000e-002,-1.101876e+003, 3.338453e+003,-2.240198e+003, 7.835248e+000,-1.025472e+002,-4.506203e+001, 0.000000e+000, 0.000000e+000, 0.000000e+000, 0.000000e+000
 5.510000e-002,-1.162066e+003, 3.349320e+003,-2.191372e+003, 6.681237e+000,-1.028124e+002,-4.293406e+001, 0.000000e+000, 0.000000e+000, 0.000000e+000, 0.000000e+000
 5.515000e-002,-1.222024e+003, 3.359772e+003,-2.142079e+003, 5.525443e+000,-1.030394e+002,-4.079571e+001, 0.000000e+000, 0.000000e+000, 0.000000e+000, 0.000000e+000
 5.520000e-002,-1.281341e+003, 3.368244e+003,-2.091729e+003, 4.366543e+000,-1.032272e+002,-3.864668e+001, 0.000000e+000, 0.000000e+000, 0.000000e+000, 0.000000e+000
 5.525000e-002,-1.340444e+003, 3.376305e+003,-2.040908e+003, 3.207217e+000,-1.033759e+002,-3.648937e+001, 0.000000e+000, 0.000000e+000, 0.000000e+000, 0.000000e+000
 5.530000e-002,-1.398808e+003, 3.382375e+003,-1.989109e+003, 2.046422e+000,-1.034850e+002,-3.432321e+001, 0.000000e+000, 0.000000e+000, 0.000000e+000, 0.000000e+000
 5.535000e-002,-1.456965e+003, 3.388028e+003,-1.936830e+003, 8.865045e-001,-1.035541e+002,-3.215078e+001, 0.000000e+000, 0.000000e+000, 0.000000e+000, 0.000000e+000
 5.540000e-002,-1.514298e+003, 3.391697e+003,-1.883659e+003,-2.732430e-001,-1.035833e+002,-2.997132e+001, 0.000000e+000, 0.000000e+000, 0.000000e+000, 0.000000e+000
 5.545000e-002,-1.571423e+003, 3.394928e+003,-1.829993e+003,-1.430862e+000,-1.035718e+002,-2.778754e+001, 0.000000e+000, 0.000000e+000, 0.000000e+000, 0.000000e+000
 5.550000e-002,-1.627649e+003, 3.396195e+003,-1.775527e+003,-2.586685e+000,-1.035202e+002,-2.559850e+001, 0.000000e+000, 0.000000e+000, 0.000000e+000, 0.000000e+000
 5.555000e-002,-1.683654e+003, 3.396995e+003,-1.720551e+003,-3.739184e+000,-1.034273e+002,-2.340698e+001, 0.000000e+000, 0.000000e+000, 0.000000e+000, 0.000000e+000
 5.560000e-002,-1.738698e+003, 3.395866e+003,-1.664870e+003,-4.888288e+000,-1.032944e+002,-2.121194e+001, 0.000000e+000, 0.000000e+000, 0.000000e+000, 0.000000e+000
 5.565000e-002,-1.793497e+003, 3.394228e+003,-1.608661e+003,-6.032925e+000,-1.031199e+002,-1.901616e+001, 0.000000e+000, 0.000000e+000, 0.000000e+000, 0.000000e+000
 5.570000e-002,-1.847287e+003, 3.390710e+003,-1.551845e+003,-7.172610e+000,-1.029053e+002,-1.681854e+001, 0.000000e+000, 0.000000e+000, 0.000000e+000, 0.000000e+000
 5.575000e-002,-1.900796e+003, 3.386633e+003,-1.494484e+003,-8.306735e+000,-1.026490e+002,-1.462179e+001, 0.000000e+000, 0.000000e+000, 0.000000e+000, 0.000000e+000
 5.580000e-002,-1.953261e+003, 3.380738e+003,-1.436613e+003,-9.434410e+000,-1.023530e+002,-1.242485e+001, 0.000000e+000, 0.000000e+000, 0.000000e+000, 0.000000e+000
 5.585000e-002,-2.005397e+003, 3.374222e+003,-1.378184e+003,-1.055548e+001,-1.020152e+002,-1.023027e+001, 0.000000e+000, 0.000000e+000, 0.000000e+000, 0.000000e+000
 5.590000e-002,-2.056470e+003, 3.365964e+003,-1.319339e+003,-1.166866e+001,-1.016381e+002,-8.037061e+000, 0.000000e+000, 0.000000e+000, 0.000000e+000, 0.000000e+000
 5.595000e-002,-2.107152e+003, 3.357016e+003,-1.259928e+003,-1.277423e+001,-1.012194e+002,-5.847592e+000, 0.000000e+000, 0.000000e+000, 0.000000e+000, 0.000000e+000
 5.600000e-002,-2.156764e+003, 3.346411e+003,-1.200191e+003,-1.387057e+001,-1.007620e+002,-3.660991e+000, 0.000000e+000, 0.000000e+000, 0.000000e+000, 0.000000e+000
 5.605000e-002,-2.205916e+003, 3.335040e+003,-1.139886e+003,-1.495832e+001,-1.002634e+002,-1.479380e+000, 0.000000e+000, 0.000000e+000, 0.000000e+000, 0.000000e+000
 5.610000e-002,-2.254000e+003, 3.322107e+003,-1.079339e+003,-1.603557e+001,-9.972678e+001, 6.979427e-001, 0.000000e+000, 0.000000e+000, 0.000000e+000, 0.000000e+000
 5.615000e-002,-2.301548e+003, 3.308328e+003,-1.018230e+003,-1.710329e+001,-9.914949e+001, 2.869144e+000, 0.000000e+000, 0.000000e+000, 0.000000e+000, 0.000000e+000
 5.620000e-002,-2.348040e+003, 3.293089e+003,-9.569568e+002,-1.815935e+001,-9.853507e+001, 5.034720e+000, 0.000000e+000, 0.000000e+000, 0.000000e+000, 0.000000e+000
 5.625000e-002,-2.393912e+003, 3.276920e+003,-8.951343e+002,-1.920496e+001,-9.788074e+001, 7.193155e+000, 0.000000e+000, 0.000000e+000, 0.000000e+000, 0.000000e+000
 5.630000e-002,-2.438748e+003, 3.259399e+003,-8.332185e+002,-2.023784e+001,-9.719024e+001, 9.344714e+000, 0.000000e+000, 0.000000e+000, 0.000000e+000, 0.000000e+000
 5.635000e-002,-2.482877e+003, 3.240862e+003,-7.707756e+002,-2.125937e+001,-9.646079e+001, 1.148821e+001, 0.000000e+000, 0.000000e+000, 0.000000e+000, 0.000000e+000
 5.640000e-002,-2.525994e+003, 3.221085e+003,-7.083015e+002,-2.226721e+001,-9.569624e+001, 1.362367e+001, 0.000000e+000, 0.000000e+000, 0.000000e+000, 0.000000e+000
 5.645000e-002,-2.568316e+003, 3.200208e+003,-6.453316e+002,-2.326283e+001,-9.489389e+001, 1.575025e+001, 0.000000e+000, 0.000000e+000, 0.000000e+000, 0.000000e+000
 5.650000e-002,-2.609653e+003, 3.178202e+003,-5.823843e+002,-2.424388e+001,-9.405760e+001, 1.786771e+001, 0.000000e+000, 0.000000e+000, 0.000000e+000, 0.000000e+000
 5.655000e-002,-2.650108e+003, 3.155016e+003,-5.189816e+002,-2.521185e+001,-9.318481e+001, 1.997553e+001, 0.000000e+000, 0.000000e+000, 0.000000e+000, 0.000000e+000
 5.660000e-002,-2.689604e+003, 3.130813e+003,-4.556472e+002,-2.616451e+001,-9.227935e+001, 2.207325e+001, 0.000000e+000, 0.000000e+000, 0.000000e+000, 0.000000e+000
 5.665000e-002,-2.728137e+003, 3.105354e+003,-3.919057e+002,-2.710324e+001,-9.133884e+001, 2.416064e+001, 0.000000e+000, 0.000000e+000, 0.000000e+000, 0.000000e+000
 5.670000e-002,-2.765734e+003, 3.078985e+003,-3.282711e+002,-2.802600e+001,-9.036700e+001, 2.623702e+001, 0.000000e+000, 0.000000e+000, 0.000000e+000, 0.000000e+000
 5.675000e-002,-2.802291e+003, 3.051292e+003,-2.642852e+002,-2.893402e+001,-8.936168e+001, 2.830242e+001, 0.000000e+000, 0.000000e+000, 0.000000e+000, 0.000000e+000
 5.680000e-002,-2.837932e+003, 3.022793e+003,-2.004380e+002,-2.982550e+001,-8.832645e+001, 3.035597e+001, 0.000000e+000, 0.000000e+000, 0.000000e+000, 0.000000e+000
 5.685000e-002,-2.872466e+003, 2.992907e+003,-1.363015e+002,-3.070145e+001,-8.725943e+001, 3.239793e+001, 0.000000e+000, 0.000000e+000, 0.000000e+000, 0.000000e+000
 5.690000e-002,-2.906095e+003, 2.962315e+003,-7.233025e+001,-3.156038e+001,-8.616396e+001, 3.442727e+001, 0.000000e+000, 0.000000e+000, 0.000000e+000, 0.000000e+000
 5.695000e-002,-2.938560e+003, 2.930285e+003,-8.136486e+000,-3.240303e+001,-8.503849e+001, 3.644441e+001, 0.000000e+000, 0.000000e+000, 0.000000e+000, 0.000000e+000
 5.700000e-002,-2.970126e+003, 2.897639e+003, 5.586951e+001,-3.322827e+001,-8.388607e+001, 3.844822e+001, 0.000000e+000, 0.000000e+000, 0.000000e+000, 0.000000e+000
 5.705000e-002,-3.000481e+003, 2.863515e+003, 1.200278e+002,-3.403650e+001,-8.270552e+001, 4.043922e+001, 0.000000e+000, 0.000000e+000, 0.000000e+000, 0.000000e+000
 5.710000e-002,-3.029932e+003, 2.828855e+003, 1.839787e+002,-3.482699e+001,-8.149955e+001, 4.241623e+001, 0.000000e+000, 0.000000e+000, 0.000000e+000, 0.000000e+000
 5.715000e-002,-3.058140e+003, 2.792691e+003, 2.480098e+002,-3.559981e+001,-8.026736e+001, 4.437981e+001, 0.000000e+000, 0.000000e+000, 0.000000e+000, 0.000000e+000
 5.720000e-002,-3.085429e+003, 2.756063e+003, 3.118151e+002,-3.635463e+001,-7.901132e+001, 4.632875e+001, 0.000000e+000, 0.000000e+000, 0.000000e+000, 0.000000e+000
 5.725000e-002,-3.111455e+003, 2.717914e+003, 3.756281e+002,-3.709116e+001,-7.773101e+001, 4.826364e+001, 0.000000e+000, 0.000000e+000, 0.000000e+000, 0.000000e+000
 5.730000e-002,-3.136537e+003, 2.679364e+003, 4.391970e+002,-3.780949e+001,-7.642841e+001, 5.018326e+001, 0.000000e+000, 0.000000e+000, 0.000000e+000, 0.000000e+000
 5.735000e-002,-3.160348e+003, 2.639291e+003, 5.027021e+002,-3.850897e+001,-7.510350e+001, 5.208816e+001, 0.000000e+000, 0.000000e+000, 0.000000e+000, 0.000000e+000
 5.740000e-002,-3.183182e+003, 2.598867e+003, 5.659437e+002,-3.919010e+001,-7.375786e+001, 5.397717e+001, 0.000000e+000, 0.000000e+000, 0.000000e+000, 0.000000e+000
 5.745000e-002,-3.204751e+003, 2.556932e+003, 6.290522e+002,-3.985190e+001,-7.239188e+001, 5.585075e+001, 0.000000e+000, 0.000000e+000, 0.000000e+000, 0.000000e+000
 5.750000e-002,-3.225299e+003, 2.514686e+003, 6.918757e+002,-4.049523e+001,-7.100671e+001, 5.770780e+001, 0.000000e+000, 0.000000e+000, 0.000000e+000, 0.000000e+000
 5.755000e-002,-3.244598e+003, 2.470953e+003, 7.544998e+002,-4.111883e+001,-6.960311e+001, 5.954867e+001, 0.000000e+000, 0.000000e+000, 0.000000e+000, 0.000000e+000
 5.760000e-002,-3.262827e+003, 2.426941e+003, 8.168145e+002,-4.172388e+001,-6.818187e+001, 6.137235e+001, 0.000000e+000, 0.000000e+000, 0.000000e+000, 0.000000e+000
 5.765000e-002,-3.279834e+003, 2.381477e+003, 8.788676e+002,-4.230888e+001,-6.674409e+001, 6.317905e+001, 0.000000e+000, 0.000000e+000, 0.000000e+000, 0.000000e+000
 5.770000e-002,-3.295713e+003, 2.335754e+003, 9.405836e+002,-4.287528e+001,-6.529015e+001, 6.496786e+001, 0.000000e+000, 0.000000e+000, 0.000000e+000, 0.000000e+000
 5.775000e-002,-3.310406e+003, 2.288627e+003, 1.001980e+003,-4.342139e+001,-6.382148e+001, 6.673884e+001, 0.000000e+000, 0.000000e+000, 0.000000e+000, 0.000000e+000
 5.780000e-002,-3.323911e+003, 2.241255e+003, 1.063008e+003,-4.394887e+001,-6.233813e+001, 6.849118e+001, 0.000000e+000, 0.000000e+000, 0.000000e+000, 0.000000e+000
 5.785000e-002,-3.336270e+003, 2.192536e+003, 1.123663e+003,-4.445594e+001,-6.084177e+001, 7.022478e+001, 0.000000e+000, 0.000000e+000, 0.000000e+000, 0.000000e+000
 5.790000e-002,-3.347380e+003, 2.143577e+003, 1.183916e+003,-4.494435e+001,-5.933216e+001, 7.193894e+001, 0.000000e+000, 0.000000e+000, 0.000000e+000, 0.000000e+000
 5.795000e-002,-3.357388e+003, 2.093338e+003, 1.243745e+003,-4.541231e+001,-5.781118e+001, 7.363341e+001, 0.000000e+000, 0.000000e+000, 0.000000e+000, 0.000000e+000
 5.800000e-002,-3.366088e+003, 2.042858e+003, 1.303135e+003,-4.586160e+001,-5.627833e+001, 7.530756e+001, 0.000000e+000, 0.000000e+000, 0.000000e+000, 0.000000e+000
 5.805000e-002,-3.373730e+003, 1.991172e+003, 1.362057e+003,-4.629051e+001,-5.473566e+001, 7.696103e+001, 0.000000e+000, 0.000000e+000, 0.000000e+000, 0.000000e+000
 5.810000e-002,-3.380007e+003, 1.939240e+003, 1.420499e+003,-4.670075e+001,-5.318244e+001, 7.859325e+001, 0.000000e+000, 0.000000e+000, 0.000000e+000, 0.000000e+000
 5.815000e-002,-3.385271e+003, 1.886181e+003, 1.478431e+003,-4.709076e+001,-5.162085e+001, 8.020374e+001, 0.000000e+000, 0.000000e+000, 0.000000e+000, 0.000000e+000
 5.820000e-002,-3.389119e+003, 1.832869e+003, 1.535842e+003,-4.746212e+001,-5.004998e+001, 8.179198e+001, 0.000000e+000, 0.000000e+000, 0.000000e+000, 0.000000e+000
 5.825000e-002,-3.391994e+003, 1.778514e+003, 1.592702e+003,-4.781348e+001,-4.847206e+001, 8.335741e+001, 0.000000e+000, 0.000000e+000, 0.000000e+000, 0.000000e+000
 5.830000e-002,-3.393411e+003, 1.723895e+003, 1.649001e+003,-4.814623e+001,-4.688609e+001, 8.489953e+001, 0.000000e+000, 0.000000e+000, 0.000000e+000, 0.000000e+000
 5.835000e-002,-3.393889e+003, 1.668321e+003, 1.704711e+003,-4.845930e+001,-4.529430e+001, 8.641772e+001, 0.000000e+000, 0.000000e+000, 0.000000e+000, 0.000000e+000
 5.840000e-002,-3.392876e+003, 1.612473e+003, 1.759818e+003,-4.875381e+001,-4.369561e+001, 8.791145e+001, 0.000000e+000, 0.000000e+000, 0.000000e+000, 0.000000e+000
 5.845000e-002,-3.390952e+003, 1.555758e+003, 1.814297e+003,-4.902904e+001,-4.209222e+001, 8.938011e+001, 0.000000e+000, 0.000000e+000, 0.000000e+000, 0.000000e+000
 5.850000e-002,-3.387516e+003, 1.498759e+003, 1.868135e+003,-4.928577e+001,-4.048302e+001, 9.082313e+001, 0.000000e+000, 0.000000e+000, 0.000000e+000, 0.000000e+000
 5.855000e-002,-3.383187e+003, 1.440982e+003, 1.921308e+003,-4.952368e+001,-3.887015e+001, 9.223990e+001, 0.000000e+000, 0.000000e+000, 0.000000e+000, 0.000000e+000
 5.860000e-002,-3.377337e+003, 1.382914e+003, 1.973801e+003,-4.974319e+001,-3.725250e+001, 9.362978e+001, 0.000000e+000, 0.000000e+000, 0.000000e+000, 0.000000e+000
 5.865000e-002,-3.370605e+003, 1.324156e+003, 2.025590e+003,-4.994437e+001,-3.563209e+001, 9.499222e+001, 0.000000e+000, 0.000000e+000, 0.000000e+000, 0.000000e+000
 5.870000e-002,-3.362355e+003, 1.265102e+003, 2.076667e+003,-5.012730e+001,-3.400788e+001, 9.632647e+001, 0.000000e+000, 0.000000e+000, 0.000000e+000, 0.000000e+000
 5.875000e-002,-3.353223e+003, 1.205443e+003, 2.126998e+003,-5.029243e+001,-3.238174e+001, 9.763208e+001, 0.000000e+000, 0.000000e+000, 0.000000e+000, 0.000000e+000
 5.880000e-002,-3.342590e+003, 1.145489e+003, 2.176587e+003,-5.043949e+001,-3.075270e+001, 9.890818e+001, 0.000000e+000, 0.000000e+000, 0.000000e+000, 0.000000e+000
 5.885000e-002,-3.331065e+003, 1.085012e+003, 2.225387e+003,-5.056930e+001,-2.912250e+001, 1.001544e+002, 0.000000e+000, 0.000000e+000, 0.000000e+000, 0.000000e+000
 5.890000e-002,-3.318071e+003, 1.024243e+003, 2.273420e+003,-5.068125e+001,-2.749026e+001, 1.013698e+002, 0.000000e+000, 0.000000e+000, 0.000000e+000, 0.000000e+000
 5.895000e-002,-3.304165e+003, 9.630320e+002, 2.320619e+003,-5.077653e+001,-2.585752e+001, 1.025541e+002, 0.000000e+000, 0.000000e+000, 0.000000e+000, 0.000000e+000
 5.900000e-002,-3.288831e+003, 9.015375e+002, 2.367030e+003,-5.085419e+001,-2.422355e+001, 1.037062e+002, 0.000000e+000, 0.000000e+000, 0.000000e+000, 0.000000e+000
 5.905000e-002,-3.272560e+003, 8.396759e+002, 2.412560e+003,-5.091575e+001,-2.258971e+001, 1.048260e+002, 0.000000e+000, 0.000000e+000, 0.000000e+000, 0.000000e+000
 5.910000e-002,-3.254913e+003, 7.775449e+002, 2.457283e+003,-5.095998e+001,-2.095537e+001, 1.059123e+002, 0.000000e+000, 0.000000e+000, 0.000000e+000, 0.000000e+000
 5.915000e-002,-3.236296e+003, 7.151182e+002, 2.501077e+003,-5.098866e+001,-1.932175e+001, 1.069650e+002, 0.000000e+000, 0.000000e+000, 0.000000e+000, 0.000000e+000
 5.920000e-002,-3.216364e+003, 6.524409e+002, 2.544053e+003,-5.100035e+001,-1.768834e+001, 1.079829e+002, 0.000000e+000, 0.000000e+000, 0.000000e+000, 0.000000e+000
 5.925000e-002,-3.195425e+003, 5.895353e+002, 2.586048e+003,-5.099700e+001,-1.605617e+001, 1.089661e+002, 0.000000e+000, 0.000000e+000, 0.000000e+000, 0.000000e+000
 5.930000e-002,-3.173238e+003, 5.264025e+002, 2.627216e+003,-5.097704e+001,-1.442486e+001, 1.099131e+002, 0.000000e+000, 0.000000e+000, 0.000000e+000, 0.000000e+000
 5.935000e-002,-3.150007e+003, 4.631051e+002, 2.667352e+003,-5.094251e+001,-1.279530e+001, 1.108242e+002, 0.000000e+000, 0.000000e+000, 0.000000e+000, 0.000000e+000
 5.940000e-002,-3.125596e+003, 3.996082e+002, 2.706654e+003,-5.089179e+001,-1.116722e+001, 1.116980e+002, 0.000000e+000, 0.000000e+000, 0.000000e+000, 0.000000e+000
 5.945000e-002,-3.100105e+003, 3.360070e+002, 2.744873e+003,-5.082692e+001,-9.541369e+000, 1.125346e+002, 0.000000e+000, 0.000000e+000, 0.000000e+000, 0.000000e+000
 5.950000e-002,-3.073508e+003, 2.722379e+002, 2.782253e+003,-5.074628e+001,-7.917578e+000, 1.133327e+002, 0.000000e+000, 0.000000e+000, 0.000000e+000, 0.000000e+000
 5.955000e-002,-3.045794e+003, 2.084213e+002, 2.818501e+003,-5.065187e+001,-6.296474e+000, 1.140926e+002, 0.000000e+000, 0.000000e+000, 0.000000e+000, 0.000000e+000
 5.960000e-002,-3.017045e+003, 1.444719e+002, 2.853906e+003,-5.054217e+001,-4.677985e+000, 1.148129e+002, 0.000000e+000, 0.000000e+000, 0.000000e+000, 0.000000e+000
 5.965000e-002,-2.987151e+003, 8.052924e+001, 2.888134e+003,-5.041898e+001,-3.062633e+000, 1.154938e+002, 0.000000e+000, 0.000000e+000, 0.000000e+000, 0.000000e+000
 5.970000e-002,-2.956289e+003, 1.649153e+001, 2.921511e+003,-5.028097e+001,-1.450423e+000, 1.161341e+002, 0.000000e+000, 0.000000e+000, 0.000000e+000, 0.000000e+000
 5.975000e-002,-2.924260e+003,-4.748742e+001, 2.953671e+003,-5.012973e+001, 1.582012e-001, 1.167339e+002, 0.000000e+000, 0.000000e+000, 0.000000e+000, 0.000000e+000
 5.980000e-002,-2.891327e+003,-1.115216e+002, 2.984972e+003,-4.996413e+001, 1.763175e+000, 1.172923e+002, 0.000000e+000, 0.000000e+000, 0.000000e+000, 0.000000e+000
 5.985000e-002,-2.857213e+003,-1.754467e+002, 3.015020e+003,-4.978548e+001, 3.364116e+000, 1.178091e+002, 0.000000e+000, 0.000000e+000, 0.000000e+000, 0.000000e+000
 5.990000e-002,-2.822251e+003,-2.393856e+002, 3.044197e+003,-4.959292e+001, 4.960911e+000, 1.182836e+002, 0.000000e+000, 0.000000e+000, 0.000000e+000, 0.000000e+000
 5.995000e-002,-2.786106e+003,-3.031667e+002, 3.072094e+003,-4.938743e+001, 6.553221e+000, 1.187156e+002, 0.000000e+000, 0.000000e+000, 0.000000e+000, 0.000000e+000
 6.000000e-002,-2.749160e+003,-3.669190e+002, 3.099103e+003,-4.916846e+001, 8.140898e+000, 1.191046e+002, 0.000000e+000, 0.000000e+000, 0.000000e+000, 0.000000e+000
 6.005000e-002,-2.711040e+003,-4.304658e+002, 3.124811e+003,-4.893663e+001, 9.723629e+000, 1.194502e+002, 0.000000e+000, 0.000000e+000, 0.000000e+000, 0.000000e+000
 6.010000e-002,-2.672158e+003,-4.939405e+002, 3.149610e+003,-4.869171e+001, 1.130124e+001, 1.197522e+002, 0.000000e+000, 0.000000e+000, 0.000000e+000, 0.000000e+000
 6.015000e-002,-2.632125e+003,-5.571627e+002, 3.173096e+003,-4.843393e+001, 1.287345e+001, 1.200099e+002, 0.000000e+000, 0.000000e+000, 0.000000e+000, 0.000000e+000
 6.020000e-002,-2.591357e+003,-6.202695e+002, 3.195646e+003,-4.816341e+001, 1.444005e+001, 1.202234e+002, 0.000000e+000, 0.000000e+000, 0.000000e+000, 0.000000e+000
 6.025000e-002,-2.549471e+003,-6.830772e+002, 3.216881e+003,-4.787999e+001, 1.600076e+001, 1.203920e+002, 0.000000e+000, 0.000000e+000, 0.000000e+000, 0.000000e+000
 6.030000e-002,-2.506872e+003,-7.457263e+002, 3.237146e+003,-4.758413e+001, 1.755538e+001, 1.205159e+002, 0.000000e+000, 0.000000e+000, 0.000000e+000, 0.000000e+000
 6.035000e-002,-2.463199e+003,-8.080303e+002, 3.256103e+003,-4.727527e+001, 1.910363e+001, 1.205943e+002, 0.000000e+000, 0.000000e+000, 0.000000e+000, 0.000000e+000
 6.040000e-002,-2.418824e+003,-8.701325e+002, 3.274050e+003,-4.695421e+001, 2.064530e+001, 1.206277e+002, 0.000000e+000, 0.000000e+000, 0.000000e+000, 0.000000e+000
 6.045000e-002,-2.373432e+003,-9.318440e+002, 3.290704e+003,-4.662004e+001, 2.218009e+001, 1.206149e+002, 0.000000e+000, 0.000000e+000, 0.000000e+000, 0.000000e+000
 6.050000e-002,-2.327339e+003,-9.933110e+002, 3.306305e+003,-4.627381e+001, 2.370781e+001, 1.205569e+002, 0.000000e+000, 0.000000e+000, 0.000000e+000, 0.000000e+000
 6.055000e-002,-2.280297e+003,-1.054342e+003, 3.320636e+003,-4.591434e+001, 2.522814e+001, 1.204524e+002, 0.000000e+000, 0.000000e+000, 0.000000e+000, 0.000000e+000
 6.060000e-002,-2.232550e+003,-1.115087e+003, 3.333865e+003,-4.554288e+001, 2.674089e+001, 1.203025e+002, 0.000000e+000, 0.000000e+000, 0.000000e+000, 0.000000e+000
 6.065000e-002,-2.183928e+003,-1.175351e+003, 3.345855e+003,-4.515803e+001, 2.824575e+001, 1.201058e+002, 0.000000e+000, 0.000000e+000, 0.000000e+000, 0.000000e+000
 6.070000e-002,-2.134593e+003,-1.235286e+003, 3.356690e+003,-4.476120e+001, 2.974249e+001, 1.198636e+002, 0.000000e+000, 0.000000e+000, 0.000000e+000, 0.000000e+000
 6.075000e-002,-2.084461e+003,-1.294697e+003, 3.366324e+003,-4.435080e+001, 3.123083e+001, 1.195744e+002, 0.000000e+000, 0.000000e+000, 0.000000e+000, 0.000000e+000
 6.080000e-002,-2.033607e+003,-1.353737e+003, 3.374748e+003,-4.392834e+001, 3.271052e+001, 1.192399e+002, 0.000000e+000, 0.000000e+000, 0.000000e+000, 0.000000e+000
 6.085000e-002,-1.982039e+003,-1.412211e+003, 3.382013e+003,-4.349216e+001, 3.418128e+001, 1.188583e+002, 0.000000e+000, 0.000000e+000, 0.000000e+000, 0.000000e+000
 6.090000e-002,-1.929738e+003,-1.470273e+003, 3.388013e+003,-4.304376e+001, 3.564284e+001, 1.184314e+002, 0.000000e+000, 0.000000e+000, 0.000000e+000, 0.000000e+000
 6.095000e-002,-1.876808e+003,-1.527727e+003, 3.392898e+003,-4.258148e+001, 3.709494e+001, 1.179576e+002, 0.000000e+000, 0.000000e+000, 0.000000e+000, 0.000000e+000
 6.100000e-002,-1.823135e+003,-1.584726e+003, 3.396465e+003,-4.210674e+001, 3.853728e+001, 1.174387e+002, 0.000000e+000, 0.000000e+000, 0.000000e+000, 0.000000e+000
 6.105000e-002,-1.768916e+003,-1.641078e+003, 3.398964e+003,-4.161799e+001, 3.996962e+001, 1.168731e+002, 0.000000e+000, 0.000000e+000, 0.000000e+000, 0.000000e+000
 6.110000e-002,-1.713951e+003,-1.696934e+003, 3.400092e+003,-4.111650e+001, 4.139162e+001, 1.162628e+002, 0.000000e+000, 0.000000e+000, 0.000000e+000, 0.000000e+000
 6.115000e-002,-1.658517e+003,-1.752105e+003, 3.400198e+003,-4.060086e+001, 4.280309e+001, 1.156063e+002, 0.000000e+000, 0.000000e+000, 0.000000e+000, 0.000000e+000
 6.120000e-002,-1.602341e+003,-1.806737e+003, 3.398889e+003,-4.007214e+001, 4.420362e+001, 1.149054e+002, 0.000000e+000, 0.000000e+000, 0.000000e+000, 0.000000e+000
 6.125000e-002,-1.545769e+003,-1.860649e+003, 3.396600e+003,-3.952919e+001, 4.559307e+001, 1.141588e+002, 0.000000e+000, 0.000000e+000, 0.000000e+000, 0.000000e+000
 6.130000e-002,-1.488466e+003,-1.913979e+003, 3.392856e+003,-3.897276e+001, 4.697100e+001, 1.133683e+002, 0.000000e+000, 0.000000e+000, 0.000000e+000, 0.000000e+000
 6.135000e-002,-1.430831e+003,-1.966555e+003, 3.388173e+003,-3.840203e+001, 4.833728e+001, 1.125329e+002, 0.000000e+000, 0.000000e+000, 0.000000e+000, 0.000000e+000
 6.140000e-002,-1.372487e+003,-2.018507e+003, 3.382002e+003,-3.781743e+001, 4.969143e+001, 1.116541e+002, 0.000000e+000, 0.000000e+000, 0.000000e+000, 0.000000e+000
 6.145000e-002,-1.313866e+003,-2.069673e+003, 3.374927e+003,-3.721849e+001, 5.103337e+001, 1.107313e+002, 0.000000e+000, 0.000000e+000, 0.000000e+000, 0.000000e+000
 6.150000e-002,-1.254571e+003,-2.120171e+003, 3.366342e+003,-3.660527e+001, 5.236256e+001, 1.097658e+002, 0.000000e+000, 0.000000e+000, 0.000000e+000, 0.000000e+000
 6.155000e-002,-1.195041e+003,-2.169855e+003, 3.356880e+003,-3.597771e+001, 5.367896e+001, 1.087573e+002, 0.000000e+000, 0.000000e+000, 0.000000e+000, 0.000000e+000
 6.160000e-002,-1.134884e+003,-2.218828e+003, 3.345897e+003,-3.533548e+001, 5.498198e+001, 1.077068e+002, 0.000000e+000, 0.000000e+000, 0.000000e+000, 0.000000e+000
 6.165000e-002,-1.074524e+003,-2.266959e+003, 3.334057e+003,-3.467893e+001, 5.627162e+001, 1.066145e+002, 0.000000e+000, 0.000000e+000, 0.000000e+000, 0.000000e+000
 6.170000e-002,-1.013596e+003,-2.314335e+003, 3.320696e+003,-3.400734e+001, 5.754726e+001, 1.054811e+002, 0.000000e+000, 0.000000e+000, 0.000000e+000, 0.000000e+000
 6.175000e-002,-9.524860e+002,-2.360846e+003, 3.306490e+003,-3.332152e+001, 5.880890e+001, 1.043071e+002, 0.000000e+000, 0.000000e+000, 0.000000e+000, 0.000000e+000
 6.180000e-002,-8.908798e+002,-2.406559e+003, 3.290773e+003,-3.262033e+001, 6.005590e+001, 1.030931e+002, 0.000000e+000, 0.000000e+000, 0.000000e+000, 0.000000e+000
 6.185000e-002,-8.291005e+002,-2.451383e+003, 3.274215e+003,-3.190502e+001, 6.128828e+001, 1.018399e+002, 0.000000e+000, 0.000000e+000, 0.000000e+000, 0.000000e+000
 6.190000e-002,-7.669089e+002,-2.495366e+003, 3.256171e+003,-3.117410e+001, 6.250537e+001, 1.005477e+002, 0.000000e+000, 0.000000e+000, 0.000000e+000, 0.000000e+000
 6.195000e-002,-7.045426e+002,-2.538440e+003, 3.237280e+003,-3.042918e+001, 6.370719e+001, 9.921777e+001, 0.000000e+000, 0.000000e+000, 0.000000e+000, 0.000000e+000
 6.200000e-002,-6.418586e+002,-2.580631e+003, 3.216937e+003,-2.966849e+001, 6.489307e+001, 9.785012e+001, 0.000000e+000, 0.000000e+000, 0.000000e+000, 0.000000e+000
 6.205000e-002,-5.789890e+002,-2.621892e+003, 3.195735e+003,-2.889399e+001, 6.606301e+001, 9.644637e+001, 0.000000e+000, 0.000000e+000, 0.000000e+000, 0.000000e+000
 6.210000e-002,-5.159054e+002,-2.662231e+003, 3.173126e+003,-2.810364e+001, 6.721635e+001, 9.500620e+001, 0.000000e+000, 0.000000e+000, 0.000000e+000, 0.000000e+000
 6.215000e-002,-4.526177e+002,-2.701621e+003, 3.149639e+003,-2.729970e+001, 6.835307e+001, 9.353159e+001, 0.000000e+000, 0.000000e+000, 0.000000e+000, 0.000000e+000
 6.220000e-002,-3.892272e+002,-2.740050e+003, 3.124799e+003,-2.647996e+001, 6.947250e+001, 9.202200e+001, 0.000000e+000, 0.000000e+000, 0.000000e+000, 0.000000e+000
 6.225000e-002,-3.256083e+002,-2.777512e+003, 3.099058e+003,-2.564687e+001, 7.057462e+001, 9.047972e+001, 0.000000e+000, 0.000000e+000, 0.000000e+000, 0.000000e+000
 6.230000e-002,-2.620024e+002,-2.813978e+003, 3.072025e+003,-2.479815e+001, 7.165878e+001, 8.890405e+001, 0.000000e+000, 0.000000e+000, 0.000000e+000, 0.000000e+000
 6.235000e-002,-1.981408e+002,-2.849458e+003, 3.044063e+003,-2.393637e+001, 7.272489e+001, 8.729744e+001, 0.000000e+000, 0.000000e+000, 0.000000e+000, 0.000000e+000
 6.240000e-002,-1.344104e+002,-2.883908e+003, 3.014877e+003,-2.305924e+001, 7.377235e+001, 8.565912e+001, 0.000000e+000, 0.000000e+000, 0.000000e+000, 0.000000e+000
 6.245000e-002,-7.039602e+001,-2.917354e+003, 2.984732e+003,-2.216940e+001, 7.480102e+001, 8.399170e+001, 0.000000e+000, 0.000000e+000, 0.000000e+000, 0.000000e+000
 6.250000e-002,-6.630777e+000,-2.949740e+003, 2.953435e+003,-2.126461e+001, 7.581034e+001, 8.229434e+001, 0.000000e+000, 0.000000e+000, 0.000000e+000, 0.000000e+000
 6.255000e-002, 5.744484e+001,-2.981105e+003, 2.921150e+003,-2.034751e+001, 7.680011e+001, 8.056973e+001, 0.000000e+000, 0.000000e+000, 0.000000e+000, 0.000000e+000
 6.260000e-002, 1.211564e+002,-3.011382e+003, 2.887787e+003,-1.941601e+001, 7.776982e+001, 7.881705e+001, 0.000000e+000, 0.000000e+000, 0.000000e+000, 0.000000e+000
 6.265000e-002, 1.852005e+002,-3.040618e+003, 2.853407e+003,-1.847261e+001, 7.871921e+001, 7.703900e+001, 0.000000e+000, 0.000000e+000, 0.000000e+000, 0.000000e+000
 6.270000e-002, 2.487713e+002,-3.068743e+003, 2.818025e+003,-1.751550e+001, 7.964781e+001, 7.523483e+001, 0.000000e+000, 0.000000e+000, 0.000000e+000, 0.000000e+000
 6.275000e-002, 3.126900e+002,-3.095809e+003, 2.781600e+003,-1.654697e+001, 8.055529e+001, 7.340716e+001, 0.000000e+000, 0.000000e+000, 0.000000e+000, 0.000000e+000
 6.280000e-002, 3.760342e+002,-3.121743e+003, 2.744248e+003,-1.556555e+001, 8.144127e+001, 7.155536e+001, 0.000000e+000, 0.000000e+000, 0.000000e+000, 0.000000e+000
 6.285000e-002, 4.397327e+002,-3.146599e+003, 2.705832e+003,-1.457323e+001, 8.230531e+001, 6.968196e+001, 0.000000e+000, 0.000000e+000, 0.000000e+000, 0.000000e+000
 6.290000e-002, 5.027657e+002,-3.170306e+003, 2.666560e+003,-1.356895e+001, 8.314711e+001, 6.778648e+001, 0.000000e+000, 0.000000e+000, 0.000000e+000, 0.000000e+000
 6.295000e-002, 5.661487e+002,-3.192914e+003, 2.626210e+003,-1.255437e+001, 8.396616e+001, 6.587126e+001, 0.000000e+000, 0.000000e+000, 0.000000e+000, 0.000000e+000
 6.300000e-002, 6.287871e+002,-3.214361e+003, 2.585073e+003,-1.152886e+001, 8.476222e+001, 6.393604e+001, 0.000000e+000, 0.000000e+000, 0.000000e+000, 0.000000e+000
 6.305000e-002, 6.917589e+002,-3.234688e+003, 2.542849e+003,-1.049370e+001, 8.553472e+001, 6.198294e+001, 0.000000e+000, 0.000000e+000, 0.000000e+000, 0.000000e+000
 6.310000e-002, 7.539207e+002,-3.253845e+003, 2.499901e+003,-9.448760e+000, 8.628347e+001, 6.001191e+001, 0.000000e+000, 0.000000e+000, 0.000000e+000, 0.000000e+000
 6.315000e-002, 8.163858e+002,-3.271862e+003, 2.455868e+003,-8.394886e+000, 8.700784e+001, 5.802483e+001, 0.000000e+000, 0.000000e+000, 0.000000e+000, 0.000000e+000
 6.320000e-002, 8.779897e+002,-3.288703e+003, 2.411166e+003,-7.332464e+000, 8.770770e+001, 5.602189e+001, 0.000000e+000, 0.000000e+000, 0.000000e+000, 0.000000e+000
 6.325000e-002, 9.398530e+002,-3.304383e+003, 2.365391e+003,-6.261894e+000, 8.838236e+001, 5.400470e+001, 0.000000e+000, 0.000000e+000, 0.000000e+000, 0.000000e+000
 6.330000e-002, 1.000819e+003,-3.318883e+003, 2.318996e+003,-5.184081e+000, 8.903176e+001, 5.197368e+001, 0.000000e+000, 0.000000e+000, 0.000000e+000, 0.000000e+000
 6.335000e-002, 1.061986e+003,-3.332202e+003, 2.271548e+003,-4.098979e+000, 8.965515e+001, 4.993016e+001, 0.000000e+000, 0.000000e+000, 0.000000e+000, 0.000000e+000
 6.340000e-002, 1.122234e+003,-3.344343e+003, 2.223522e+003,-3.008000e+000, 9.025252e+001, 4.787481e+001, 0.000000e+000, 0.000000e+000, 0.000000e+000, 0.000000e+000
 6.345000e-002, 1.182612e+003,-3.355281e+003, 2.174473e+003,-1.910666e+000, 9.082309e+001, 4.580865e+001, 0.000000e+000, 0.000000e+000, 0.000000e+000, 0.000000e+000
 6.350000e-002, 1.242064e+003,-3.365045e+003, 2.124882e+003,-8.088630e-001, 9.136689e+001, 4.373261e+001, 0.000000e+000, 0.000000e+000, 0.000000e+000, 0.000000e+000
 6.355000e-002, 1.301562e+003,-3.373587e+003, 2.074305e+003, 2.982850e-001, 9.188311e+001, 4.164739e+001, 0.000000e+000, 0.000000e+000, 0.000000e+000, 0.000000e+000
 6.360000e-002, 1.360137e+003,-3.380960e+003, 2.023215e+003, 1.408464e+000, 9.237182e+001, 3.955415e+001, 0.000000e+000, 0.000000e+000, 0.000000e+000, 0.000000e+000
 6.365000e-002, 1.418666e+003,-3.387093e+003, 1.971188e+003, 2.522901e+000, 9.283221e+001, 3.745331e+001, 0.000000e+000, 0.000000e+000, 0.000000e+000, 0.000000e+000
 6.370000e-002, 1.476288e+003,-3.392066e+003, 1.918670e+003, 3.638918e+000, 9.326435e+001, 3.534622e+001, 0.000000e+000, 0.000000e+000, 0.000000e+000, 0.000000e+000
 6.375000e-002, 1.533759e+003,-3.395780e+003, 1.865269e+003, 4.758033e+000, 9.366745e+001, 3.323304e+001, 0.000000e+000, 0.000000e+000, 0.000000e+000, 0.000000e+000
 6.380000e-002, 1.590350e+003,-3.398345e+003, 1.811395e+003, 5.877277e+000, 9.404161e+001, 3.111529e+001, 0.000000e+000, 0.000000e+000, 0.000000e+000, 0.000000e+000
 6.385000e-002, 1.646679e+003,-3.399635e+003, 1.756699e+003, 6.998383e+000, 9.438603e+001, 2.899289e+001, 0.000000e+000, 0.000000e+000, 0.000000e+000, 0.000000e+000
 6.390000e-002, 1.702161e+003,-3.399789e+003, 1.701545e+003, 8.118182e+000, 9.470085e+001, 2.686747e+001, 0.000000e+000, 0.000000e+000, 0.000000e+000, 0.000000e+000
 6.395000e-002, 1.757267e+003,-3.398654e+003, 1.645635e+003, 9.238540e+000, 9.498527e+001, 2.473879e+001, 0.000000e+000, 0.000000e+000, 0.000000e+000, 0.000000e+000
 6.400000e-002, 1.811563e+003,-3.396396e+003, 1.589278e+003, 1.035618e+001, 9.523945e+001, 2.260852e+001, 0.000000e+000, 0.000000e+000, 0.000000e+000, 0.000000e+000
 6.405000e-002, 1.865367e+003,-3.392836e+003, 1.532235e+003, 1.147301e+001, 9.546262e+001, 2.047629e+001, 0.000000e+000, 0.000000e+000, 0.000000e+000, 0.000000e+000
 6.410000e-002, 1.918399e+003,-3.388169e+003, 1.474755e+003, 1.258574e+001, 9.565498e+001, 1.834380e+001, 0.000000e+000, 0.000000e+000, 0.000000e+000, 0.000000e+000
 6.415000e-002, 1.970824e+003,-3.382191e+003, 1.416662e+003, 1.369623e+001, 9.581575e+001, 1.621057e+001, 0.000000e+000, 0.000000e+000, 0.000000e+000, 0.000000e+000
 6.420000e-002, 2.022517e+003,-3.375123e+003, 1.358141e+003, 1.480129e+001, 9.594515e+001, 1.407829e+001, 0.000000e+000, 0.000000e+000, 0.000000e+000, 0.000000e+000
 6.425000e-002, 2.073492e+003,-3.366733e+003, 1.299082e+003, 1.590265e+001, 9.604247e+001, 1.194641e+001, 0.000000e+000, 0.000000e+000, 0.000000e+000, 0.000000e+000
 6.430000e-002, 2.123768e+003,-3.357274e+003, 1.239603e+003, 1.699727e+001, 9.610793e+001, 9.816568e+000, 0.000000e+000, 0.000000e+000, 0.000000e+000, 0.000000e+000
 6.435000e-002, 2.173223e+003,-3.346486e+003, 1.179661e+003, 1.808669e+001, 9.614086e+001, 7.688202e+000, 0.000000e+000, 0.000000e+000, 0.000000e+000, 0.000000e+000
 6.440000e-002, 2.222008e+003,-3.334648e+003, 1.119311e+003, 1.916813e+001, 9.614150e+001, 5.562854e+000, 0.000000e+000, 0.000000e+000, 0.000000e+000, 0.000000e+000
 6.445000e-002, 2.269878e+003,-3.321477e+003, 1.058571e+003, 2.024283e+001, 9.610921e+001, 3.439975e+000, 0.000000e+000, 0.000000e+000, 0.000000e+000, 0.000000e+000
 6.450000e-002, 2.317098e+003,-3.307278e+003, 9.974375e+002, 2.130834e+001, 9.604427e+001, 1.320992e+000, 0.000000e+000, 0.000000e+000, 0.000000e+000, 0.000000e+000
 6.455000e-002, 2.363318e+003,-3.291743e+003, 9.359860e+002, 2.236559e+001, 9.594608e+001,-7.945989e-001, 0.000000e+000, 0.000000e+000, 0.000000e+000, 0.000000e+000
 6.460000e-002, 2.408900e+003,-3.275204e+003, 8.741572e+002, 2.341250e+001, 9.581494e+001,-2.905508e+000, 0.000000e+000, 0.000000e+000, 0.000000e+000, 0.000000e+000
 6.465000e-002, 2.453412e+003,-3.257326e+003, 8.120800e+002, 2.444960e+001, 9.565029e+001,-5.012169e+000, 0.000000e+000, 0.000000e+000, 0.000000e+000, 0.000000e+000
 6.470000e-002, 2.497285e+003,-3.238470e+003, 7.496462e+002, 2.547527e+001, 9.545247e+001,-7.113444e+000, 0.000000e+000, 0.000000e+000, 0.000000e+000, 0.000000e+000
 6.475000e-002, 2.540031e+003,-3.218276e+003, 6.870303e+002, 2.648960e+001, 9.522096e+001,-9.209677e+000, 0.000000e+000, 0.000000e+000, 0.000000e+000, 0.000000e+000
 6.480000e-002, 2.582126e+003,-3.197129e+003, 6.240825e+002, 2.749145e+001, 9.495613e+001,-1.129989e+001, 0.000000e+000, 0.000000e+000, 0.000000e+000, 0.000000e+000
 6.485000e-002, 2.623052e+003,-3.174648e+003, 5.610154e+002, 2.848048e+001, 9.465752e+001,-1.338432e+001, 0.000000e+000, 0.000000e+000, 0.000000e+000, 0.000000e+000
 6.490000e-002, 2.663303e+003,-3.151242e+003, 4.976453e+002, 2.945600e+001, 9.432549e+001,-1.546214e+001, 0.000000e+000, 0.000000e+000, 0.000000e+000, 0.000000e+000
 6.495000e-002, 2.702356e+003,-3.126506e+003, 4.342148e+002, 3.041726e+001, 9.395968e+001,-1.753349e+001, 0.000000e+000, 0.000000e+000, 0.000000e+000, 0.000000e+000
 6.500000e-002, 2.740699e+003,-3.100872e+003, 3.705147e+002, 3.136404e+001, 9.356046e+001,-1.959770e+001, 0.000000e+000, 0.000000e+000, 0.000000e+000, 0.000000e+000
 6.505000e-002, 2.777831e+003,-3.073917e+003, 3.068092e+002, 3.229519e+001, 9.312751e+001,-2.165477e+001, 0.000000e+000, 0.000000e+000, 0.000000e+000, 0.000000e+000
 6.510000e-002, 2.814206e+003,-3.046094e+003, 2.428717e+002, 3.321090e+001, 9.266124e+001,-2.370418e+001, 0.000000e+000, 0.000000e+000, 0.000000e+000, 0.000000e+000
 6.515000e-002, 2.849368e+003,-3.016957e+003, 1.789799e+002, 3.410967e+001, 9.216141e+001,-2.574583e+001, 0.000000e+000, 0.000000e+000, 0.000000e+000, 0.000000e+000
 6.520000e-002, 2.883717e+003,-2.986983e+003, 1.148976e+002, 3.499211e+001, 9.162842e+001,-2.777932e+001, 0.000000e+000, 0.000000e+000, 0.000000e+000, 0.000000e+000
 6.525000e-002, 2.916865e+003,-2.955709e+003, 5.090871e+001, 3.585639e+001, 9.106210e+001,-2.980442e+001, 0.000000e+000, 0.000000e+000, 0.000000e+000, 0.000000e+000
 6.530000e-002, 2.949134e+003,-2.923626e+003,-1.322579e+001, 3.670345e+001, 9.046288e+001,-3.182086e+001, 0.000000e+000, 0.000000e+000, 0.000000e+000, 0.000000e+000
 6.535000e-002, 2.980225e+003,-2.890259e+003,-7.722253e+001, 3.753123e+001, 8.983067e+001,-3.382829e+001, 0.000000e+000, 0.000000e+000, 0.000000e+000, 0.000000e+000
 6.540000e-002, 3.010365e+003,-2.856113e+003,-1.413169e+002, 3.834094e+001, 8.916587e+001,-3.582654e+001, 0.000000e+000, 0.000000e+000, 0.000000e+000, 0.000000e+000
 6.545000e-002, 3.039356e+003,-2.820701e+003,-2.052320e+002, 3.913036e+001, 8.846851e+001,-3.781516e+001, 0.000000e+000, 0.000000e+000, 0.000000e+000, 0.000000e+000
 6.550000e-002, 3.067322e+003,-2.784540e+003,-2.691942e+002, 3.990089e+001, 8.773898e+001,-3.979405e+001, 0.000000e+000, 0.000000e+000, 0.000000e+000, 0.000000e+000
 6.555000e-002, 3.094173e+003,-2.747135e+003,-3.329382e+002, 4.065023e+001, 8.697741e+001,-4.176266e+001, 0.000000e+000, 0.000000e+000, 0.000000e+000, 0.000000e+000
 6.560000e-002, 3.119924e+003,-2.709010e+003,-3.966769e+002, 4.137989e+001, 8.618413e+001,-4.372095e+001, 0.000000e+000, 0.000000e+000, 0.000000e+000, 0.000000e+000
 6.565000e-002, 3.144597e+003,-2.669665e+003,-4.601604e+002, 4.208760e+001, 8.535943e+001,-4.566829e+001, 0.000000e+000, 0.000000e+000, 0.000000e+000, 0.000000e+000
 6.570000e-002, 3.168096e+003,-2.629629e+003,-5.235847e+002, 4.277485e+001, 8.450359e+001,-4.760466e+001, 0.000000e+000, 0.000000e+000, 0.000000e+000, 0.000000e+000
 6.575000e-002, 3.190555e+003,-2.588404e+003,-5.867185e+002, 4.343951e+001, 8.361702e+001,-4.952938e+001, 0.000000e+000, 0.000000e+000, 0.000000e+000, 0.000000e+000
 6.580000e-002, 3.211770e+003,-2.546512e+003,-6.497383e+002, 4.408300e+001, 8.269993e+001,-5.144241e+001, 0.000000e+000, 0.000000e+000, 0.000000e+000, 0.000000e+000
 6.585000e-002, 3.231980e+003,-2.503466e+003,-7.124337e+002, 4.470336e+001, 8.175291e+001,-5.334303e+001, 0.000000e+000, 0.000000e+000, 0.000000e+000, 0.000000e+000
 6.590000e-002, 3.250884e+003,-2.459776e+003,-7.749597e+002, 4.530189e+001, 8.077606e+001,-5.523120e+001, 0.000000e+000, 0.000000e+000, 0.000000e+000, 0.000000e+000
 6.595000e-002, 3.268812e+003,-2.414974e+003,-8.371284e+002, 4.587689e+001, 7.977017e+001,-5.710613e+001, 0.000000e+000, 0.000000e+000, 0.000000e+000, 0.000000e+000
 6.600000e-002, 3.285380e+003,-2.369546e+003,-8.990722e+002, 4.642944e+001, 7.873522e+001,-5.896778e+001, 0.000000e+000, 0.000000e+000, 0.000000e+000, 0.000000e+000
 6.605000e-002, 3.300998e+003,-2.323053e+003,-9.606266e+002, 4.695819e+001, 7.767219e+001,-6.081530e+001, 0.000000e+000, 0.000000e+000, 0.000000e+000, 0.000000e+000
 6.610000e-002, 3.315211e+003,-2.275951e+003,-1.021901e+003, 4.746393e+001, 7.658092e+001,-6.264862e+001, 0.000000e+000, 0.000000e+000, 0.000000e+000, 0.000000e+000
 6.615000e-002, 3.328490e+003,-2.227834e+003,-1.082754e+003, 4.794572e+001, 7.546262e+001,-6.446686e+001, 0.000000e+000, 0.000000e+000, 0.000000e+000, 0.000000e+000
 6.620000e-002, 3.340333e+003,-2.179123e+003,-1.143273e+003, 4.840401e+001, 7.431699e+001,-6.626991e+001, 0.000000e+000, 0.000000e+000, 0.000000e+000, 0.000000e+000
 6.625000e-002, 3.351248e+003,-2.129455e+003,-1.203339e+003, 4.883831e+001, 7.314541e+001,-6.805685e+001, 0.000000e+000, 0.000000e+000, 0.000000e+000, 0.000000e+000
 6.630000e-002, 3.360710e+003,-2.079200e+003,-1.263016e+003, 4.924871e+001, 7.194748e+001,-6.982754e+001, 0.000000e+000, 0.000000e+000, 0.000000e+000, 0.000000e+000
 6.635000e-002, 3.369238e+003,-2.028054e+003,-1.322211e+003, 4.963517e+001, 7.072478e+001,-7.158102e+001, 0.000000e+000, 0.000000e+000, 0.000000e+000, 0.000000e+000
 6.640000e-002, 3.376312e+003,-1.976325e+003,-1.380963e+003, 4.999743e+001, 6.947675e+001,-7.331711e+001, 0.000000e+000, 0.000000e+000, 0.000000e+000, 0.000000e+000
 6.645000e-002, 3.382435e+003,-1.923777e+003,-1.439202e+003, 5.033591e+001, 6.820519e+001,-7.503481e+001, 0.000000e+000, 0.000000e+000, 0.000000e+000, 0.000000e+000
 6.650000e-002, 3.387115e+003,-1.870645e+003,-1.496947e+003, 5.064999e+001, 6.690941e+001,-7.673390e+001, 0.000000e+000, 0.000000e+000, 0.000000e+000, 0.000000e+000
 6.655000e-002, 3.390818e+003,-1.816771e+003,-1.554149e+003, 5.094054e+001, 6.559137e+001,-7.841338e+001, 0.000000e+000, 0.000000e+000, 0.000000e+000, 0.000000e+000
 6.660000e-002, 3.393103e+003,-1.762310e+003,-1.610805e+003, 5.120658e+001, 6.425024e+001,-8.007295e+001, 0.000000e+000, 0.000000e+000, 0.000000e+000, 0.000000e+000
 6.665000e-002, 3.394375e+003,-1.707189e+003,-1.666888e+003, 5.144943e+001, 6.288821e+001,-8.171161e+001, 0.000000e+000, 0.000000e+000, 0.000000e+000, 0.000000e+000
 6.670000e-002, 3.394266e+003,-1.651474e+003,-1.722375e+003, 5.166779e+001, 6.150430e+001,-8.332902e+001, 0.000000e+000, 0.000000e+000, 0.000000e+000, 0.000000e+000
 6.675000e-002, 3.393101e+003,-1.595188e+003,-1.777262e+003, 5.186335e+001, 6.010085e+001,-8.492413e+001, 0.000000e+000, 0.000000e+000, 0.000000e+000, 0.000000e+000
 6.680000e-002, 3.390602e+003,-1.538295e+003,-1.831502e+003, 5.203457e+001, 5.867677e+001,-8.649660e+001, 0.000000e+000, 0.000000e+000, 0.000000e+000, 0.000000e+000
 6.685000e-002, 3.386997e+003,-1.480925e+003,-1.885114e+003, 5.218345e+001, 5.723457e+001,-8.804536e+001, 0.000000e+000, 0.000000e+000, 0.000000e+000, 0.000000e+000
 6.690000e-002, 3.382115e+003,-1.422935e+003,-1.938031e+003, 5.230826e+001, 5.577306e+001,-8.957002e+001, 0.000000e+000, 0.000000e+000, 0.000000e+000, 0.000000e+000
 6.695000e-002, 3.376070e+003,-1.364564e+003,-1.990293e+003, 5.241124e+001, 5.429485e+001,-9.106950e+001, 0.000000e+000, 0.000000e+000, 0.000000e+000, 0.000000e+000
 6.700000e-002, 3.368814e+003,-1.305558e+003,-2.041811e+003, 5.249053e+001, 5.279869e+001,-9.254341e+001, 0.000000e+000, 0.000000e+000, 0.000000e+000, 0.000000e+000
 6.705000e-002, 3.360336e+003,-1.246270e+003,-2.092650e+003, 5.254855e+001, 5.128728e+001,-9.399062e+001, 0.000000e+000, 0.000000e+000, 0.000000e+000, 0.000000e+000
 6.710000e-002, 3.350718e+003,-1.186330e+003,-2.142697e+003, 5.258341e+001, 4.975933e+001,-9.541077e+001, 0.000000e+000, 0.000000e+000, 0.000000e+000, 0.000000e+000
 6.715000e-002, 3.339819e+003,-1.126211e+003,-2.192041e+003, 5.259758e+001, 4.821758e+001,-9.680267e+001, 0.000000e+000, 0.000000e+000, 0.000000e+000, 0.000000e+000
 6.720000e-002, 3.327850e+003,-1.065422e+003,-2.240545e+003, 5.258922e+001, 4.666073e+001,-9.816597e+001, 0.000000e+000, 0.000000e+000, 0.000000e+000, 0.000000e+000
 6.725000e-002, 3.314546e+003,-1.004557e+003,-2.288324e+003, 5.256080e+001, 4.509154e+001,-9.949949e+001, 0.000000e+000, 0.000000e+000, 0.000000e+000, 0.000000e+000
 6.730000e-002, 3.300243e+003,-9.430051e+002,-2.335218e+003, 5.251058e+001, 4.350874e+001,-1.008029e+002, 0.000000e+000, 0.000000e+000, 0.000000e+000, 0.000000e+000
 6.735000e-002, 3.284553e+003,-8.814802e+002,-2.381365e+003, 5.244095e+001, 4.191505e+001,-1.020749e+002, 0.000000e+000, 0.000000e+000, 0.000000e+000, 0.000000e+000
 6.740000e-002, 3.267935e+003,-8.192540e+002,-2.426582e+003, 5.235034e+001, 4.030926e+001,-1.033153e+002, 0.000000e+000, 0.000000e+000, 0.000000e+000, 0.000000e+000
 6.745000e-002, 3.249884e+003,-7.571556e+002,-2.471031e+003, 5.224100e+001, 3.869401e+001,-1.045228e+002, 0.000000e+000, 0.000000e+000, 0.000000e+000, 0.000000e+000
 6.750000e-002, 3.230971e+003,-6.943447e+002,-2.514506e+003, 5.211160e+001, 3.706821e+001,-1.056971e+002, 0.000000e+000, 0.000000e+000, 0.000000e+000, 0.000000e+000
 6.755000e-002, 3.210588e+003,-6.317593e+002,-2.557196e+003, 5.196414e+001, 3.543436e+001,-1.068370e+002, 0.000000e+000, 0.000000e+000, 0.000000e+000, 0.000000e+000
 6.760000e-002, 3.189402e+003,-5.684547e+002,-2.598867e+003, 5.179761e+001, 3.379152e+001,-1.079422e+002, 0.000000e+000, 0.000000e+000, 0.000000e+000, 0.000000e+000
 6.765000e-002, 3.166721e+003,-5.054689e+002,-2.639737e+003, 5.161371e+001, 3.214201e+001,-1.090115e+002, 0.000000e+000, 0.000000e+000, 0.000000e+000, 0.000000e+000
 6.770000e-002, 3.143287e+003,-4.417628e+002,-2.679546e+003, 5.141177e+001, 3.048509e+001,-1.100446e+002, 0.000000e+000, 0.000000e+000, 0.000000e+000, 0.000000e+000
 6.775000e-002, 3.118345e+003,-3.784633e+002,-2.718537e+003, 5.119316e+001, 2.882286e+001,-1.110404e+002, 0.000000e+000, 0.000000e+000, 0.000000e+000, 0.000000e+000
 6.780000e-002, 3.092692e+003,-3.144489e+002,-2.756427e+003, 5.095758e+001, 2.715478e+001,-1.119986e+002, 0.000000e+000, 0.000000e+000, 0.000000e+000, 0.000000e+000
 6.785000e-002, 3.065530e+003,-2.509222e+002,-2.793485e+003, 5.070601e+001, 2.548271e+001,-1.129181e+002, 0.000000e+000, 0.000000e+000, 0.000000e+000, 0.000000e+000
 6.790000e-002, 3.037688e+003,-1.866940e+002,-2.829401e+003, 5.043856e+001, 2.380637e+001,-1.137987e+002, 0.000000e+000, 0.000000e+000, 0.000000e+000, 0.000000e+000
 6.795000e-002, 3.008350e+003,-1.230263e+002,-2.864472e+003, 5.015583e+001, 2.212732e+001,-1.146392e+002, 0.000000e+000, 0.000000e+000, 0.000000e+000, 0.000000e+000
 6.800000e-002, 2.978355e+003,-5.867907e+001,-2.898365e+003, 4.985828e+001, 2.044554e+001,-1.154394e+002, 0.000000e+000, 0.000000e+000, 0.000000e+000, 0.000000e+000
 6.805000e-002, 2.946888e+003, 5.043381e+000,-2.931399e+003, 4.954613e+001, 1.876229e+001,-1.161983e+002, 0.000000e+000, 0.000000e+000, 0.000000e+000, 0.000000e+000
 6.810000e-002, 2.914778e+003, 6.941416e+001,-2.963220e+003, 4.922022e+001, 1.707785e+001,-1.169157e+002, 0.000000e+000, 0.000000e+000, 0.000000e+000, 0.000000e+000
 6.815000e-002, 2.881231e+003, 1.331057e+002,-2.994169e+003, 4.888040e+001, 1.539311e+001,-1.175906e+002, 0.000000e+000, 0.000000e+000, 0.000000e+000, 0.000000e+000
 6.820000e-002, 2.847046e+003, 1.974042e+002,-3.023875e+003, 4.852781e+001, 1.370869e+001,-1.182229e+002, 0.000000e+000, 0.000000e+000, 0.000000e+000, 0.000000e+000
 6.825000e-002, 2.811474e+003, 2.609794e+002,-3.052694e+003, 4.816198e+001, 1.202511e+001,-1.188116e+002, 0.000000e+000, 0.000000e+000, 0.000000e+000, 0.000000e+000
 6.830000e-002, 2.775259e+003, 3.251098e+002,-3.080242e+003, 4.778433e+001, 1.034330e+001,-1.193566e+002, 0.000000e+000, 0.000000e+000, 0.000000e+000, 0.000000e+000
 6.835000e-002, 2.737715e+003, 3.884835e+002,-3.106889e+003, 4.739408e+001, 8.663410e+000,-1.198571e+002, 0.000000e+000, 0.000000e+000, 0.000000e+000, 0.000000e+000
 6.840000e-002, 2.699519e+003, 4.523500e+002,-3.132242e+003, 4.699289e+001, 6.986713e+000,-1.203129e+002, 0.000000e+000, 0.000000e+000, 0.000000e+000, 0.000000e+000
 6.845000e-002, 2.660060e+003, 5.154375e+002,-3.156676e+003, 4.657973e+001, 5.312955e+000,-1.207233e+002, 0.000000e+000, 0.000000e+000, 0.000000e+000, 0.000000e+000
 6.850000e-002, 2.619935e+003, 5.789450e+002,-3.179799e+003, 4.615639e+001, 3.643749e+000,-1.210881e+002, 0.000000e+000, 0.000000e+000, 0.000000e+000, 0.000000e+000
 6.855000e-002, 2.578620e+003, 6.416619e+002,-3.201985e+003, 4.572169e+001, 1.978451e+000,-1.214068e+002, 0.000000e+000, 0.000000e+000, 0.000000e+000, 0.000000e+000
 6.860000e-002, 2.536623e+003, 7.047157e+002,-3.222845e+003, 4.527750e+001, 3.189951e-001,-1.216791e+002, 0.000000e+000, 0.000000e+000, 0.000000e+000, 0.000000e+000
 6.865000e-002, 2.493512e+003, 7.669780e+002,-3.242749e+003, 4.482250e+001,-1.335635e+000,-1.219048e+002, 0.000000e+000, 0.000000e+000, 0.000000e+000, 0.000000e+000
 6.870000e-002, 2.449702e+003, 8.294843e+002,-3.261319e+003, 4.435858e+001,-2.983204e+000,-1.220833e+002, 0.000000e+000, 0.000000e+000, 0.000000e+000, 0.000000e+000
 6.875000e-002, 2.404857e+003, 8.912083e+002,-3.278911e+003, 4.388439e+001,-4.625084e+000,-1.222147e+002, 0.000000e+000, 0.000000e+000, 0.000000e+000, 0.000000e+000
 6.880000e-002, 2.359298e+003, 9.530745e+002,-3.295165e+003, 4.340173e+001,-6.258763e+000,-1.222985e+002, 0.000000e+000, 0.000000e+000, 0.000000e+000, 0.000000e+000
 6.885000e-002, 2.312782e+003, 1.014177e+003,-3.310417e+003, 4.290928e+001,-7.885942e+000,-1.223347e+002, 0.000000e+000, 0.000000e+000, 0.000000e+000, 0.000000e+000
 6.890000e-002, 2.265541e+003, 1.075312e+003,-3.324334e+003, 4.240870e+001,-9.503865e+000,-1.223229e+002, 0.000000e+000, 0.000000e+000, 0.000000e+000, 0.000000e+000
 6.895000e-002, 2.217419e+003, 1.135710e+003,-3.337223e+003, 4.189877e+001,-1.111452e+001,-1.222633e+002, 0.000000e+000, 0.000000e+000, 0.000000e+000, 0.000000e+000
 6.900000e-002, 2.168566e+003, 1.196024e+003,-3.348784e+003, 4.138094e+001,-1.271496e+001,-1.221554e+002, 0.000000e+000, 0.000000e+000, 0.000000e+000, 0.000000e+000
 6.905000e-002, 2.118905e+003, 1.255635e+003,-3.359288e+003, 4.085413e+001,-1.430742e+001,-1.219997e+002, 0.000000e+000, 0.000000e+000, 0.000000e+000, 0.000000e+000
 6.910000e-002, 2.068513e+003, 1.315040e+003,-3.368479e+003, 4.031954e+001,-1.588879e+001,-1.217954e+002, 0.000000e+000, 0.000000e+000, 0.000000e+000, 0.000000e+000
 6.915000e-002, 2.017380e+003, 1.373782e+003,-3.376582e+003, 3.977628e+001,-1.746151e+001,-1.215434e+002, 0.000000e+000, 0.000000e+000, 0.000000e+000, 0.000000e+000
 6.920000e-002, 1.965526e+003, 1.432192e+003,-3.383390e+003, 3.922525e+001,-1.902235e+001,-1.212428e+002, 0.000000e+000, 0.000000e+000, 0.000000e+000, 0.000000e+000
 6.925000e-002, 1.912990e+003, 1.489984e+003,-3.389078e+003, 3.866580e+001,-2.057392e+001,-1.208946e+002, 0.000000e+000, 0.000000e+000, 0.000000e+000, 0.000000e+000
 6.930000e-002, 1.859753e+003, 1.547315e+003,-3.393495e+003, 3.809851e+001,-2.211292e+001,-1.204980e+002, 0.000000e+000, 0.000000e+000, 0.000000e+000, 0.000000e+000
 6.935000e-002, 1.805885e+003, 1.604076e+003,-3.396758e+003, 3.752297e+001,-2.364206e+001,-1.200542e+002, 0.000000e+000, 0.000000e+000, 0.000000e+000, 0.000000e+000
 6.940000e-002, 1.751345e+003, 1.660247e+003,-3.398777e+003, 3.693943e+001,-2.515804e+001,-1.195621e+002, 0.000000e+000, 0.000000e+000, 0.000000e+000, 0.000000e+000
 6.945000e-002, 1.696219e+003, 1.715896e+003,-3.399609e+003, 3.634775e+001,-2.666360e+001,-1.190233e+002, 0.000000e+000, 0.000000e+000, 0.000000e+000, 0.000000e+000
 6.950000e-002, 1.640457e+003, 1.770828e+003,-3.399229e+003, 3.574784e+001,-2.815550e+001,-1.184367e+002, 0.000000e+000, 0.000000e+000, 0.000000e+000, 0.000000e+000
 6.955000e-002, 1.584147e+003, 1.825286e+003,-3.397628e+003, 3.513981e+001,-2.963645e+001,-1.178038e+002, 0.000000e+000, 0.000000e+000, 0.000000e+000, 0.000000e+000
 6.960000e-002, 1.527249e+003, 1.878901e+003,-3.394848e+003, 3.452328e+001,-3.110333e+001,-1.171238e+002, 0.000000e+000, 0.000000e+000, 0.000000e+000, 0.000000e+000
 6.965000e-002, 1.469831e+003, 1.932090e+003,-3.390815e+003, 3.389858e+001,-3.255875e+001,-1.163982e+002, 0.000000e+000, 0.000000e+000, 0.000000e+000, 0.000000e+000
 6.970000e-002, 1.411881e+003, 1.984315e+003,-3.385640e+003, 3.326507e+001,-3.399978e+001,-1.156262e+002, 0.000000e+000, 0.000000e+000, 0.000000e+000, 0.000000e+000
 6.975000e-002, 1.353435e+003, 2.036156e+003,-3.379180e+003, 3.262327e+001,-3.542887e+001,-1.148094e+002, 0.000000e+000, 0.000000e+000, 0.000000e+000, 0.000000e+000
 6.980000e-002, 1.294519e+003, 2.086920e+003,-3.371615e+003, 3.197232e+001,-3.684331e+001,-1.139471e+002, 0.000000e+000, 0.000000e+000, 0.000000e+000, 0.000000e+000
 6.985000e-002, 1.235125e+003, 2.137338e+003,-3.362738e+003, 3.131290e+001,-3.824535e+001,-1.130408e+002, 0.000000e+000, 0.000000e+000, 0.000000e+000, 0.000000e+000
 6.990000e-002, 1.175329e+003, 2.186572e+003,-3.352794e+003, 3.064399e+001,-3.963253e+001,-1.120902e+002, 0.000000e+000, 0.000000e+000, 0.000000e+000, 0.000000e+000
 6.995000e-002, 1.115070e+003, 2.235490e+003,-3.341513e+003, 2.996637e+001,-4.100689e+001,-1.110966e+002, 0.000000e+000, 0.000000e+000, 0.000000e+000, 0.000000e+000
 7.000000e-002, 1.054481e+003, 2.283128e+003,-3.329200e+003, 2.927891e+001,-4.236626e+001,-1.100599e+002, 0.000000e+000, 0.000000e+000, 0.000000e+000, 0.000000e+000
 7.005000e-002, 9.934421e+002, 2.330474e+003,-3.315533e+003, 2.858246e+001,-4.371237e+001,-1.089813e+002, 0.000000e+000, 0.000000e+000, 0.000000e+000, 0.000000e+000
 7.010000e-002, 9.321462e+002, 2.376453e+003,-3.300868e+003, 2.787585e+001,-4.504340e+001,-1.078608e+002, 0.000000e+000, 0.000000e+000, 0.000000e+000, 0.000000e+000
 7.015000e-002, 8.704146e+002, 2.422155e+003,-3.284834e+003, 2.715993e+001,-4.636076e+001,-1.066998e+002, 0.000000e+000, 0.000000e+000, 0.000000e+000, 0.000000e+000
 7.020000e-002, 8.084987e+002, 2.466414e+003,-3.267835e+003, 2.643357e+001,-4.766298e+001,-1.054984e+002, 0.000000e+000, 0.000000e+000, 0.000000e+000, 0.000000e+000
 7.025000e-002, 7.461630e+002, 2.510401e+003,-3.249461e+003, 2.569753e+001,-4.895113e+001,-1.042577e+002, 0.000000e+000, 0.000000e+000, 0.000000e+000, 0.000000e+000
 7.030000e-002, 6.837135e+002, 2.552883e+003,-3.230148e+003, 2.495083e+001,-5.022411e+001,-1.029781e+002, 0.000000e+000, 0.000000e+000, 0.000000e+000, 0.000000e+000
 7.035000e-002, 6.208643e+002, 2.595089e+003,-3.209462e+003, 2.419409e+001,-5.148263e+001,-1.016608e+002, 0.000000e+000, 0.000000e+000, 0.000000e+000, 0.000000e+000
 7.040000e-002, 5.579675e+002, 2.635737e+003,-3.187861e+003, 2.342650e+001,-5.272596e+001,-1.003062e+002, 0.000000e+000, 0.000000e+000, 0.000000e+000, 0.000000e+000
 7.045000e-002, 4.946966e+002, 2.676096e+003,-3.164893e+003, 2.264852e+001,-5.395442e+001,-9.891544e+001, 0.000000e+000, 0.000000e+000, 0.000000e+000, 0.000000e+000
 7.050000e-002, 4.314388e+002, 2.714859e+003,-3.141031e+003, 2.185956e+001,-5.516768e+001,-9.748917e+001, 0.000000e+000, 0.000000e+000, 0.000000e+000, 0.000000e+000
 7.055000e-002, 3.678392e+002, 2.753307e+003,-3.115818e+003, 2.105989e+001,-5.636570e+001,-9.602825e+001, 0.000000e+000, 0.000000e+000, 0.000000e+000, 0.000000e+000
 7.060000e-002, 3.043062e+002, 2.790134e+003,-3.089725e+003, 2.024918e+001,-5.754848e+001,-9.453373e+001, 0.000000e+000, 0.000000e+000, 0.000000e+000, 0.000000e+000
 7.065000e-002, 2.404720e+002, 2.826614e+003,-3.062307e+003, 1.942745e+001,-5.871562e+001,-9.300622e+001, 0.000000e+000, 0.000000e+000, 0.000000e+000, 0.000000e+000
 7.070000e-002, 1.767498e+002, 2.861457e+003,-3.034016e+003, 1.859472e+001,-5.986749e+001,-9.144702e+001, 0.000000e+000, 0.000000e+000, 0.000000e+000, 0.000000e+000
 7.075000e-002, 1.127755e+002, 2.895910e+003,-3.004434e+003, 1.775072e+001,-6.100333e+001,-8.985656e+001, 0.000000e+000, 0.000000e+000, 0.000000e+000, 0.000000e+000
 7.080000e-002, 4.894989e+001, 2.928724e+003,-2.973984e+003, 1.689582e+001,-6.212381e+001,-8.823638e+001, 0.000000e+000, 0.000000e+000, 0.000000e+000, 0.000000e+000
 7.085000e-002,-1.506963e+001, 2.961098e+003,-2.942282e+003, 1.602949e+001,-6.322786e+001,-8.658672e+001, 0.000000e+000, 0.000000e+000, 0.000000e+000, 0.000000e+000
 7.090000e-002,-7.891280e+001, 2.991839e+003,-2.909712e+003, 1.515242e+001,-6.431645e+001,-8.490934e+001, 0.000000e+000, 0.000000e+000, 0.000000e+000, 0.000000e+000
 7.095000e-002,-1.428828e+002, 3.022083e+003,-2.875939e+003, 1.426384e+001,-6.538821e+001,-8.320431e+001, 0.000000e+000, 0.000000e+000, 0.000000e+000, 0.000000e+000
 7.100000e-002,-2.066575e+002, 3.050712e+003,-2.841293e+003, 1.336478e+001,-6.644433e+001,-8.147358e+001, 0.000000e+000, 0.000000e+000, 0.000000e+000, 0.000000e+000
 7.105000e-002,-2.704837e+002, 3.078780e+003,-2.805500e+003, 1.245423e+001,-6.748320e+001,-7.971706e+001, 0.000000e+000, 0.000000e+000, 0.000000e+000, 0.000000e+000
 7.110000e-002,-3.341035e+002, 3.105258e+003,-2.768825e+003, 1.153352e+001,-6.850624e+001,-7.793687e+001, 0.000000e+000, 0.000000e+000, 0.000000e+000, 0.000000e+000
 7.115000e-002,-3.976924e+002, 3.131107e+003,-2.731064e+003, 1.060147e+001,-6.951159e+001,-7.613277e+001, 0.000000e+000, 0.000000e+000, 0.000000e+000, 0.000000e+000
 7.120000e-002,-4.610706e+002, 3.155397e+003,-2.692411e+003, 9.659649e+000,-7.050083e+001,-7.430700e+001, 0.000000e+000, 0.000000e+000, 0.000000e+000, 0.000000e+000
 7.125000e-002,-5.243296e+002, 3.178989e+003,-2.652738e+003, 8.706746e+000,-7.147194e+001,-7.245922e+001, 0.000000e+000, 0.000000e+000, 0.000000e+000, 0.000000e+000
 7.130000e-002,-5.873794e+002, 3.201058e+003,-2.612161e+003, 7.744560e+000,-7.242661e+001,-7.059176e+001, 0.000000e+000, 0.000000e+000, 0.000000e+000, 0.000000e+000
 7.135000e-002,-6.502172e+002, 3.222356e+003,-2.570634e+003, 6.771678e+000,-7.336268e+001,-6.870418e+001, 0.000000e+000, 0.000000e+000, 0.000000e+000, 0.000000e+000
 7.140000e-002,-7.128511e+002, 3.242175e+003,-2.528190e+003, 5.790063e+000,-7.428189e+001,-6.679885e+001, 0.000000e+000, 0.000000e+000, 0.000000e+000, 0.000000e+000
 7.145000e-002,-7.751780e+002, 3.261148e+003,-2.484868e+003, 4.798278e+000,-7.518204e+001,-6.487530e+001, 0.000000e+000, 0.000000e+000, 0.000000e+000, 0.000000e+000
 7.150000e-002,-8.373083e+002, 3.278687e+003,-2.440618e+003, 3.798380e+000,-7.606486e+001,-6.293586e+001, 0.000000e+000, 0.000000e+000, 0.000000e+000, 0.000000e+000
 7.155000e-002,-8.990362e+002, 3.295308e+003,-2.395563e+003, 2.788975e+000,-7.692809e+001,-6.098007e+001, 0.000000e+000, 0.000000e+000, 0.000000e+000, 0.000000e+000
 7.160000e-002,-9.605750e+002, 3.310541e+003,-2.349572e+003, 1.772146e+000,-7.777347e+001,-5.901020e+001, 0.000000e+000, 0.000000e+000, 0.000000e+000, 0.000000e+000
 7.165000e-002,-1.021618e+003, 3.324786e+003,-2.302847e+003, 7.466099e-001,-7.859872e+001,-5.702583e+001, 0.000000e+000, 0.000000e+000, 0.000000e+000, 0.000000e+000
 7.170000e-002,-1.082477e+003, 3.337691e+003,-2.255182e+003,-2.855951e-001,-7.940550e+001,-5.502909e+001, 0.000000e+000, 0.000000e+000, 0.000000e+000, 0.000000e+000
 7.175000e-002,-1.142750e+003, 3.349540e+003,-2.206853e+003,-1.325575e+000,-8.019160e+001,-5.301963e+001, 0.000000e+000, 0.000000e+000, 0.000000e+000, 0.000000e+000
 7.180000e-002,-1.202842e+003, 3.360096e+003,-2.157583e+003,-2.371401e+000,-8.095856e+001,-5.099945e+001, 0.000000e+000, 0.000000e+000, 0.000000e+000, 0.000000e+000
 7.185000e-002,-1.262263e+003, 3.369534e+003,-2.107718e+003,-3.423945e+000,-8.170425e+001,-4.896830e+001, 0.000000e+000, 0.000000e+000, 0.000000e+000, 0.000000e+000
 7.190000e-002,-1.321499e+003, 3.377724e+003,-2.056917e+003,-4.481448e+000,-8.243007e+001,-4.692794e+001, 0.000000e+000, 0.000000e+000, 0.000000e+000, 0.000000e+000
 7.195000e-002,-1.379988e+003, 3.384739e+003,-2.005584e+003,-5.544497e+000,-8.313398e+001,-4.487830e+001, 0.000000e+000, 0.000000e+000, 0.000000e+000, 0.000000e+000
 7.200000e-002,-1.438281e+003, 3.390549e+003,-1.953328e+003,-6.611552e+000,-8.381724e+001,-4.282089e+001, 0.000000e+000, 0.000000e+000, 0.000000e+000, 0.000000e+000
 7.205000e-002,-1.495759e+003, 3.395132e+003,-1.900597e+003,-7.682877e+000,-8.447793e+001,-4.075581e+001, 0.000000e+000, 0.000000e+000, 0.000000e+000, 0.000000e+000
 7.210000e-002,-1.553023e+003, 3.398550e+003,-1.846965e+003,-8.757190e+000,-8.511713e+001,-3.868429e+001, 0.000000e+000, 0.000000e+000, 0.000000e+000, 0.000000e+000
 7.215000e-002,-1.609413e+003, 3.400696e+003,-1.792909e+003,-9.834406e+000,-8.573307e+001,-3.660663e+001, 0.000000e+000, 0.000000e+000, 0.000000e+000, 0.000000e+000
 7.220000e-002,-1.665563e+003, 3.401716e+003,-1.737980e+003,-1.091353e+001,-8.632665e+001,-3.452375e+001, 0.000000e+000, 0.000000e+000, 0.000000e+000, 0.000000e+000
 7.225000e-002,-1.720790e+003, 3.401424e+003,-1.682672e+003,-1.199411e+001,-8.689624e+001,-3.243620e+001, 0.000000e+000, 0.000000e+000, 0.000000e+000, 0.000000e+000
 7.230000e-002,-1.775741e+003, 3.400040e+003,-1.626531e+003,-1.307546e+001,-8.744256e+001,-3.034454e+001, 0.000000e+000, 0.000000e+000, 0.000000e+000, 0.000000e+000
 7.235000e-002,-1.829732e+003, 3.397313e+003,-1.570046e+003,-1.415676e+001,-8.796412e+001,-2.824957e+001, 0.000000e+000, 0.000000e+000, 0.000000e+000, 0.000000e+000
 7.240000e-002,-1.883403e+003, 3.393525e+003,-1.512777e+003,-1.523763e+001,-8.846147e+001,-2.615151e+001, 0.000000e+000, 0.000000e+000, 0.000000e+000, 0.000000e+000
 7.245000e-002,-1.936086e+003, 3.388369e+003,-1.455192e+003,-1.631690e+001,-8.893329e+001,-2.405142e+001, 0.000000e+000, 0.000000e+000, 0.000000e+000, 0.000000e+000
 7.250000e-002,-1.988395e+003, 3.382179e+003,-1.396880e+003,-1.739447e+001,-8.937994e+001,-2.194918e+001, 0.000000e+000, 0.000000e+000, 0.000000e+000, 0.000000e+000
 7.255000e-002,-2.039700e+003, 3.374602e+003,-1.338275e+003,-1.846887e+001,-8.980022e+001,-1.984608e+001, 0.000000e+000, 0.000000e+000, 0.000000e+000, 0.000000e+000
 7.260000e-002,-2.090570e+003, 3.366017e+003,-1.279008e+003,-1.954025e+001,-9.019438e+001,-1.774169e+001, 0.000000e+000, 0.000000e+000, 0.000000e+000, 0.000000e+000
 7.265000e-002,-2.140427e+003, 3.356031e+003,-1.219462e+003,-2.060687e+001,-9.056135e+001,-1.563750e+001, 0.000000e+000, 0.000000e+000, 0.000000e+000, 0.000000e+000
 7.270000e-002,-2.189782e+003, 3.345062e+003,-1.159329e+003,-2.166910e+001,-9.090121e+001,-1.353282e+001, 0.000000e+000, 0.000000e+000, 0.000000e+000, 0.000000e+000
 7.275000e-002,-2.238125e+003, 3.332684e+003,-1.098923e+003,-2.272498e+001,-9.121304e+001,-1.142934e+001, 0.000000e+000, 0.000000e+000, 0.000000e+000, 0.000000e+000
 7.280000e-002,-2.285894e+003, 3.319342e+003,-1.038013e+003,-2.377506e+001,-9.149678e+001,-9.326075e+000, 0.000000e+000, 0.000000e+000, 0.000000e+000, 0.000000e+000
 7.285000e-002,-2.332655e+003, 3.304590e+003,-9.768317e+002,-2.481720e+001,-9.175166e+001,-7.224903e+000, 0.000000e+000, 0.000000e+000, 0.000000e+000, 0.000000e+000
 7.290000e-002,-2.378766e+003, 3.288894e+003,-9.152346e+002,-2.585211e+001,-9.197749e+001,-5.124632e+000, 0.000000e+000, 0.000000e+000, 0.000000e+000, 0.000000e+000
 7.295000e-002,-2.423882e+003, 3.271791e+003,-8.533619e+002,-2.687752e+001,-9.217360e+001,-3.027264e+000, 0.000000e+000, 0.000000e+000, 0.000000e+000, 0.000000e+000
 7.300000e-002,-2.468270e+003, 3.253762e+003,-7.911677e+002,-2.789422e+001,-9.233975e+001,-9.314373e-001, 0.000000e+000, 0.000000e+000, 0.000000e+000, 0.000000e+000
 7.305000e-002,-2.511676e+003, 3.234331e+003,-7.286906e+002,-2.889992e+001,-9.247534e+001, 1.160750e+000, 0.000000e+000, 0.000000e+000, 0.000000e+000, 0.000000e+000
 7.310000e-002,-2.554278e+003, 3.213994e+003,-6.659894e+002,-2.989540e+001,-9.258007e+001, 3.250780e+000, 0.000000e+000, 0.000000e+000, 0.000000e+000, 0.000000e+000
 7.315000e-002,-2.595912e+003, 3.192265e+003,-6.029957e+002,-3.087841e+001,-9.265343e+001, 5.336501e+000, 0.000000e+000, 0.000000e+000, 0.000000e+000, 0.000000e+000
 7.320000e-002,-2.636668e+003, 3.169647e+003,-5.398776e+002,-3.184970e+001,-9.269507e+001, 7.419460e+000, 0.000000e+000, 0.000000e+000, 0.000000e+000, 0.000000e+000
 7.325000e-002,-2.676470e+003, 3.145651e+003,-4.764567e+002,-3.280710e+001,-9.270454e+001, 9.497497e+000, 0.000000e+000, 0.000000e+000, 0.000000e+000, 0.000000e+000
 7.330000e-002,-2.715323e+003, 3.120784e+003,-4.130115e+002,-3.375129e+001,-9.268151e+001, 1.157216e+001, 0.000000e+000, 0.000000e+000, 0.000000e+000, 0.000000e+000
 7.335000e-002,-2.753235e+003, 3.094556e+003,-3.492540e+002,-3.468024e+001,-9.262557e+001, 1.364134e+001, 0.000000e+000, 0.000000e+000, 0.000000e+000, 0.000000e+000
 7.340000e-002,-2.790133e+003, 3.067475e+003,-2.855712e+002,-3.559448e+001,-9.253637e+001, 1.570652e+001, 0.000000e+000, 0.000000e+000, 0.000000e+000, 0.000000e+000
 7.345000e-002,-2.826096e+003, 3.039052e+003,-2.215689e+002,-3.649220e+001,-9.241358e+001, 1.776568e+001, 0.000000e+000, 0.000000e+000, 0.000000e+000, 0.000000e+000
 7.350000e-002,-2.860989e+003, 3.009796e+003,-1.577373e+002,-3.737376e+001,-9.225685e+001, 1.982020e+001, 0.000000e+000, 0.000000e+000, 0.000000e+000, 0.000000e+000
 7.355000e-002,-2.894951e+003, 2.979219e+003,-9.358292e+001,-3.823758e+001,-9.206592e+001, 2.186818e+001, 0.000000e+000, 0.000000e+000, 0.000000e+000, 0.000000e+000
 7.360000e-002,-2.927791e+003, 2.947829e+003,-2.969081e+001,-3.908383e+001,-9.184043e+001, 2.391084e+001, 0.000000e+000, 0.000000e+000, 0.000000e+000, 0.000000e+000
 7.365000e-002,-2.959699e+003, 2.915142e+003, 3.452204e+001,-3.991120e+001,-9.158020e+001, 2.594644e+001, 0.000000e+000, 0.000000e+000, 0.000000e+000, 0.000000e+000
 7.370000e-002,-2.990445e+003, 2.881663e+003, 9.838698e+001,-4.071964e+001,-9.128490e+001, 2.797599e+001, 0.000000e+000, 0.000000e+000, 0.000000e+000, 0.000000e+000
 7.375000e-002,-3.020250e+003, 2.846913e+003, 1.625641e+002,-4.150813e+001,-9.095440e+001, 2.999798e+001, 0.000000e+000, 0.000000e+000, 0.000000e+000, 0.000000e+000
 7.380000e-002,-3.048859e+003, 2.811392e+003, 2.263150e+002,-4.227640e+001,-9.058839e+001, 3.201312e+001, 0.000000e+000, 0.000000e+000, 0.000000e+000, 0.000000e+000
 7.385000e-002,-3.076515e+003, 2.774629e+003, 2.903619e+002,-4.302374e+001,-9.018684e+001, 3.402016e+001, 0.000000e+000, 0.000000e+000, 0.000000e+000, 0.000000e+000
 7.390000e-002,-3.102951e+003, 2.737116e+003, 3.539124e+002,-4.374967e+001,-8.974945e+001, 3.601952e+001, 0.000000e+000, 0.000000e+000, 0.000000e+000, 0.000000e+000
 7.395000e-002,-3.128414e+003, 2.698394e+003, 4.177344e+002,-4.445374e+001,-8.927626e+001, 3.801021e+001, 0.000000e+000, 0.000000e+000, 0.000000e+000, 0.000000e+000
 7.400000e-002,-3.152643e+003, 2.658943e+003, 4.809991e+002,-4.513531e+001,-8.876701e+001, 3.999231e+001, 0.000000e+000, 0.000000e+000, 0.000000e+000, 0.000000e+000
 7.405000e-002,-3.175874e+003, 2.618316e+003, 5.445013e+002,-4.579418e+001,-8.822183e+001, 4.196511e+001, 0.000000e+000, 0.000000e+000, 0.000000e+000, 0.000000e+000
 7.410000e-002,-3.197862e+003, 2.576984e+003, 6.073954e+002,-4.642957e+001,-8.764047e+001, 4.392835e+001, 0.000000e+000, 0.000000e+000, 0.000000e+000, 0.000000e+000
 7.415000e-002,-3.218824e+003, 2.534512e+003, 6.704838e+002,-4.704150e+001,-8.702319e+001, 4.588163e+001, 0.000000e+000, 0.000000e+000, 0.000000e+000, 0.000000e+000
 7.420000e-002,-3.238543e+003, 2.491356e+003, 7.329231e+002,-4.762907e+001,-8.636973e+001, 4.782429e+001, 0.000000e+000, 0.000000e+000, 0.000000e+000, 0.000000e+000
 7.425000e-002,-3.257205e+003, 2.447101e+003, 7.955038e+002,-4.819252e+001,-8.568048e+001, 4.975625e+001, 0.000000e+000, 0.000000e+000, 0.000000e+000, 0.000000e+000
 7.430000e-002,-3.274627e+003, 2.402183e+003, 8.574049e+002,-4.873088e+001,-8.495518e+001, 5.167648e+001, 0.000000e+000, 0.000000e+000, 0.000000e+000, 0.000000e+000
 7.435000e-002,-3.290960e+003, 2.356209e+003, 9.193851e+002,-4.924452e+001,-8.419435e+001, 5.358519e+001, 0.000000e+000, 0.000000e+000, 0.000000e+000, 0.000000e+000
 7.440000e-002,-3.306062e+003, 2.309592e+003, 9.806652e+002,-4.973246e+001,-8.339773e+001, 5.548099e+001, 0.000000e+000, 0.000000e+000, 0.000000e+000, 0.000000e+000
 7.445000e-002,-3.320042e+003, 2.261966e+003, 1.041953e+003,-5.019519e+001,-8.256599e+001, 5.736436e+001, 0.000000e+000, 0.000000e+000, 0.000000e+000, 0.000000e+000
 7.450000e-002,-3.332801e+003, 2.213716e+003, 1.102530e+003,-5.063176e+001,-8.169884e+001, 5.923359e+001, 0.000000e+000, 0.000000e+000, 0.000000e+000, 0.000000e+000
 7.455000e-002,-3.344407e+003, 2.164507e+003, 1.163035e+003,-5.104270e+001,-8.079713e+001, 6.108941e+001, 0.000000e+000, 0.000000e+000, 0.000000e+000, 0.000000e+000
 7.460000e-002,-3.354804e+003, 2.114693e+003, 1.222827e+003,-5.142716e+001,-7.986056e+001, 6.292977e+001, 0.000000e+000, 0.000000e+000, 0.000000e+000, 0.000000e+000
 7.465000e-002,-3.364020e+003, 2.063973e+003, 1.282461e+003,-5.178568e+001,-7.889009e+001, 6.475563e+001, 0.000000e+000, 0.000000e+000, 0.000000e+000, 0.000000e+000
 7.470000e-002,-3.372039e+003, 2.012664e+003, 1.341387e+003,-5.211755e+001,-7.788544e+001, 6.656470e+001, 0.000000e+000, 0.000000e+000, 0.000000e+000, 0.000000e+000
 7.475000e-002,-3.378853e+003, 1.960507e+003, 1.400062e+003,-5.242325e+001,-7.684772e+001, 6.835809e+001, 0.000000e+000, 0.000000e+000, 0.000000e+000, 0.000000e+000
 7.480000e-002,-3.384479e+003, 1.907776e+003, 1.458043e+003,-5.270228e+001,-7.577664e+001, 7.013327e+001, 0.000000e+000, 0.000000e+000, 0.000000e+000, 0.000000e+000
 7.485000e-002,-3.388883e+003, 1.854259e+003, 1.515674e+003,-5.295502e+001,-7.467345e+001, 7.189152e+001, 0.000000e+000, 0.000000e+000, 0.000000e+000, 0.000000e+000
 7.490000e-002,-3.392105e+003, 1.800181e+003, 1.572629e+003,-5.318119e+001,-7.353786e+001, 7.363011e+001, 0.000000e+000, 0.000000e+000, 0.000000e+000, 0.000000e+000
 7.495000e-002,-3.394095e+003, 1.745379e+003, 1.629133e+003,-5.338107e+001,-7.237127e+001, 7.535043e+001, 0.000000e+000, 0.000000e+000, 0.000000e+000, 0.000000e+000
 7.500000e-002,-3.394906e+003, 1.690031e+003, 1.684983e+003,-5.355462e+001,-7.117337e+001, 7.704961e+001, 0.000000e+000, 0.000000e+000, 0.000000e+000, 0.000000e+000
 7.505000e-002,-3.394481e+003, 1.634024e+003, 1.740280e+003,-5.370198e+001,-6.994568e+001, 7.872907e+001, 0.000000e+000, 0.000000e+000, 0.000000e+000, 0.000000e+000
 7.510000e-002,-3.392876e+003, 1.577485e+003, 1.794947e+003,-5.382338e+001,-6.868793e+001, 8.038591e+001, 0.000000e+000, 0.000000e+000, 0.000000e+000, 0.000000e+000
 7.515000e-002,-3.390038e+003, 1.520354e+003, 1.848958e+003,-5.391881e+001,-6.740173e+001, 8.202151e+001, 0.000000e+000, 0.000000e+000, 0.000000e+000, 0.000000e+000
 7.520000e-002,-3.386016e+003, 1.462704e+003, 1.902366e+003,-5.398876e+001,-6.608685e+001, 8.363297e+001, 0.000000e+000, 0.000000e+000, 0.000000e+000, 0.000000e+000
 7.525000e-002,-3.380773e+003, 1.404531e+003, 1.955015e+003,-5.403307e+001,-6.474496e+001, 8.522163e+001, 0.000000e+000, 0.000000e+000, 0.000000e+000, 0.000000e+000
 7.530000e-002,-3.374335e+003, 1.345852e+003, 2.007087e+003,-5.405249e+001,-6.337589e+001, 8.678460e+001, 0.000000e+000, 0.000000e+000, 0.000000e+000, 0.000000e+000
 7.535000e-002,-3.366697e+003, 1.286721e+003, 2.058301e+003,-5.404673e+001,-6.198135e+001, 8.832315e+001, 0.000000e+000, 0.000000e+000, 0.000000e+000, 0.000000e+000
 7.540000e-002,-3.357849e+003, 1.227098e+003, 2.108961e+003,-5.401676e+001,-6.056127e+001, 8.983447e+001, 0.000000e+000, 0.000000e+000, 0.000000e+000, 0.000000e+000
 7.545000e-002,-3.347828e+003, 1.167091e+003, 2.158671e+003,-5.396217e+001,-5.911736e+001, 9.131970e+001, 0.000000e+000, 0.000000e+000, 0.000000e+000, 0.000000e+000
 7.550000e-002,-3.336581e+003, 1.106610e+003, 2.207846e+003,-5.388417e+001,-5.764962e+001, 9.277618e+001, 0.000000e+000, 0.000000e+000, 0.000000e+000, 0.000000e+000
 7.555000e-002,-3.324193e+003, 1.045813e+003, 2.255982e+003,-5.378221e+001,-5.615977e+001, 9.420486e+001, 0.000000e+000, 0.000000e+000, 0.000000e+000, 0.000000e+000
 7.560000e-002,-3.310559e+003, 9.845607e+002, 2.303601e+003,-5.365769e+001,-5.464792e+001, 9.560327e+001, 0.000000e+000, 0.000000e+000, 0.000000e+000, 0.000000e+000
 7.565000e-002,-3.295824e+003, 9.230595e+002, 2.350098e+003,-5.350999e+001,-5.311575e+001, 9.697215e+001, 0.000000e+000, 0.000000e+000, 0.000000e+000, 0.000000e+000
 7.570000e-002,-3.279821e+003, 8.611246e+002, 2.396089e+003,-5.334066e+001,-5.156349e+001, 9.830928e+001, 0.000000e+000, 0.000000e+000, 0.000000e+000, 0.000000e+000
 7.575000e-002,-3.262760e+003, 7.990053e+002, 2.440885e+003,-5.314902e+001,-4.999274e+001, 9.961516e+001, 0.000000e+000, 0.000000e+000, 0.000000e+000, 0.000000e+000
 7.580000e-002,-3.244409e+003, 7.364778e+002, 2.485180e+003,-5.293672e+001,-4.840387e+001, 1.008878e+002, 0.000000e+000, 0.000000e+000, 0.000000e+000, 0.000000e+000
 7.585000e-002,-3.225047e+003, 6.738270e+002, 2.528216e+003,-5.270310e+001,-4.679840e+001, 1.021275e+002, 0.000000e+000, 0.000000e+000, 0.000000e+000, 0.000000e+000
 7.590000e-002,-3.204375e+003, 6.107976e+002, 2.570748e+003,-5.244981e+001,-4.517685e+001, 1.033325e+002, 0.000000e+000, 0.000000e+000, 0.000000e+000, 0.000000e+000
 7.595000e-002,-3.182738e+003, 5.477026e+002, 2.611966e+003,-5.217625e+001,-4.354061e+001, 1.045028e+002, 0.000000e+000, 0.000000e+000, 0.000000e+000, 0.000000e+000
 7.600000e-002,-3.159774e+003, 4.842630e+002, 2.652671e+003,-5.188406e+001,-4.189035e+001, 1.056371e+002, 0.000000e+000, 0.000000e+000, 0.000000e+000, 0.000000e+000
 7.605000e-002,-3.135893e+003, 4.208112e+002, 2.692016e+003,-5.157274e+001,-4.022733e+001, 1.067351e+002, 0.000000e+000, 0.000000e+000, 0.000000e+000, 0.000000e+000
 7.610000e-002,-3.110671e+003, 3.570537e+002, 2.730833e+003,-5.124383e+001,-3.855237e+001, 1.077957e+002, 0.000000e+000, 0.000000e+000, 0.000000e+000, 0.000000e+000
 7.615000e-002,-3.084578e+003, 2.933332e+002, 2.768253e+003,-5.089696e+001,-3.686658e+001, 1.088183e+002, 0.000000e+000, 0.000000e+000, 0.000000e+000, 0.000000e+000
 7.620000e-002,-3.057135e+003, 2.293504e+002, 2.805122e+003,-5.053356e+001,-3.517096e+001, 1.098023e+002, 0.000000e+000, 0.000000e+000, 0.000000e+000, 0.000000e+000
 7.625000e-002,-3.028865e+003, 1.654491e+002, 2.840569e+003,-5.015342e+001,-3.346643e+001, 1.107467e+002, 0.000000e+000, 0.000000e+000, 0.000000e+000, 0.000000e+000
 7.630000e-002,-2.999242e+003, 1.013343e+002, 2.875434e+003,-4.975780e+001,-3.175413e+001, 1.116513e+002, 0.000000e+000, 0.000000e+000, 0.000000e+000, 0.000000e+000
 7.635000e-002,-2.968833e+003, 3.734039e+001, 2.908860e+003,-4.934669e+001,-3.003483e+001, 1.125149e+002, 0.000000e+000, 0.000000e+000, 0.000000e+000, 0.000000e+000
 7.640000e-002,-2.937077e+003,-2.681354e+001, 2.941667e+003,-4.892113e+001,-2.830981e+001, 1.133374e+002, 0.000000e+000, 0.000000e+000, 0.000000e+000, 0.000000e+000
 7.645000e-002,-2.904568e+003,-9.081160e+001, 2.973028e+003,-4.848132e+001,-2.657965e+001, 1.141176e+002, 0.000000e+000, 0.000000e+000, 0.000000e+000, 0.000000e+000
 7.650000e-002,-2.870727e+003,-1.549117e+002, 3.003728e+003,-4.802807e+001,-2.484577e+001, 1.148556e+002, 0.000000e+000, 0.000000e+000, 0.000000e+000, 0.000000e+000
 7.655000e-002,-2.836162e+003,-2.188255e+002, 3.032983e+003,-4.756182e+001,-2.310857e+001, 1.155500e+002, 0.000000e+000, 0.000000e+000, 0.000000e+000, 0.000000e+000
 7.660000e-002,-2.800288e+003,-2.827790e+002, 3.061529e+003,-4.708309e+001,-2.136959e+001, 1.162011e+002, 0.000000e+000, 0.000000e+000, 0.000000e+000, 0.000000e+000
 7.665000e-002,-2.763712e+003,-3.465202e+002, 3.088638e+003,-4.659258e+001,-1.962906e+001, 1.168075e+002, 0.000000e+000, 0.000000e+000, 0.000000e+000, 0.000000e+000
 7.670000e-002,-2.725861e+003,-4.102351e+002, 3.114986e+003,-4.609052e+001,-1.788861e+001, 1.173698e+002, 0.000000e+000, 0.000000e+000, 0.000000e+000, 0.000000e+000
 7.675000e-002,-2.687323e+003,-4.737152e+002, 3.139914e+003,-4.557785e+001,-1.614831e+001, 1.178862e+002, 0.000000e+000, 0.000000e+000, 0.000000e+000, 0.000000e+000
 7.680000e-002,-2.647552e+003,-5.371001e+002, 3.164024e+003,-4.505450e+001,-1.440984e+001, 1.183576e+002, 0.000000e+000, 0.000000e+000, 0.000000e+000, 0.000000e+000
 7.685000e-002,-2.607103e+003,-6.002308e+002, 3.186737e+003,-4.452165e+001,-1.267317e+001, 1.187822e+002, 0.000000e+000, 0.000000e+000, 0.000000e+000, 0.000000e+000
 7.690000e-002,-2.565473e+003,-6.631953e+002, 3.208573e+003,-4.397895e+001,-1.094000e+001, 1.191611e+002, 0.000000e+000, 0.000000e+000, 0.000000e+000, 0.000000e+000
 7.695000e-002,-2.523169e+003,-7.258885e+002, 3.229038e+003,-4.342778e+001,-9.210163e+000, 1.194925e+002, 0.000000e+000, 0.000000e+000, 0.000000e+000, 0.000000e+000
 7.700000e-002,-2.479743e+003,-7.883428e+002, 3.248568e+003,-4.286752e+001,-7.485384e+000, 1.197774e+002, 0.000000e+000, 0.000000e+000, 0.000000e+000, 0.000000e+000
 7.705000e-002,-2.435642e+003,-8.505109e+002, 3.266758e+003,-4.229972e+001,-5.765403e+000, 1.200140e+002, 0.000000e+000, 0.000000e+000, 0.000000e+000, 0.000000e+000
 7.710000e-002,-2.390484e+003,-9.123667e+002, 3.283952e+003,-4.172354e+001,-4.051910e+000, 1.202037e+002, 0.000000e+000, 0.000000e+000, 0.000000e+000, 0.000000e+000
 7.715000e-002,-2.344646e+003,-9.739221e+002, 3.299841e+003,-4.114065e+001,-2.344585e+000, 1.203447e+002, 0.000000e+000, 0.000000e+000, 0.000000e+000, 0.000000e+000
 7.720000e-002,-2.297825e+003,-1.035092e+003, 3.314675e+003,-4.055001e+001,-6.450573e-001, 1.204383e+002, 0.000000e+000, 0.000000e+000, 0.000000e+000, 0.000000e+000
 7.725000e-002,-2.250314e+003,-1.095948e+003, 3.328240e+003,-3.995339e+001, 1.047033e+000, 1.204827e+002, 0.000000e+000, 0.000000e+000, 0.000000e+000, 0.000000e+000
 7.730000e-002,-2.201898e+003,-1.156347e+003, 3.340691e+003,-3.934957e+001, 2.730148e+000, 1.204794e+002, 0.000000e+000, 0.000000e+000, 0.000000e+000, 0.000000e+000
 7.735000e-002,-2.152781e+003,-1.216417e+003, 3.351912e+003,-3.874036e+001, 4.404655e+000, 1.204267e+002, 0.000000e+000, 0.000000e+000, 0.000000e+000, 0.000000e+000
 7.740000e-002,-2.102841e+003,-1.275960e+003, 3.361964e+003,-3.812444e+001, 6.069138e+000, 1.203262e+002, 0.000000e+000, 0.000000e+000, 0.000000e+000, 0.000000e+000
 7.745000e-002,-2.052188e+003,-1.335158e+003, 3.370823e+003,-3.750362e+001, 7.723947e+000, 1.201761e+002, 0.000000e+000, 0.000000e+000, 0.000000e+000, 0.000000e+000
 7.750000e-002,-2.000796e+003,-1.393764e+003, 3.378462e+003,-3.687648e+001, 9.367810e+000, 1.199781e+002, 0.000000e+000, 0.000000e+000, 0.000000e+000, 0.000000e+000
 7.755000e-002,-1.948680e+003,-1.452006e+003, 3.384945e+003,-3.624479e+001, 1.100104e+001, 1.197308e+002, 0.000000e+000, 0.000000e+000, 0.000000e+000, 0.000000e+000
 7.760000e-002,-1.895910e+003,-1.509592e+003, 3.390161e+003,-3.560709e+001, 1.262253e+001, 1.194355e+002, 0.000000e+000, 0.000000e+000, 0.000000e+000, 0.000000e+000
 7.765000e-002,-1.842406e+003,-1.566794e+003, 3.394256e+003,-3.496508e+001, 1.423253e+001, 1.190911e+002, 0.000000e+000, 0.000000e+000, 0.000000e+000, 0.000000e+000
 7.770000e-002,-1.788332e+003,-1.623282e+003, 3.397044e+003,-3.431731e+001, 1.583012e+001, 1.186989e+002, 0.000000e+000, 0.000000e+000, 0.000000e+000, 0.000000e+000
 7.775000e-002,-1.733518e+003,-1.679361e+003, 3.398742e+003,-3.366533e+001, 1.741546e+001, 1.182580e+002, 0.000000e+000, 0.000000e+000, 0.000000e+000, 0.000000e+000
 7.780000e-002,-1.678217e+003,-1.734673e+003, 3.399099e+003,-3.300776e+001, 1.898784e+001, 1.177696e+002, 0.000000e+000, 0.000000e+000, 0.000000e+000, 0.000000e+000
 7.785000e-002,-1.622174e+003,-1.789548e+003, 3.398395e+003,-3.234595e+001, 2.054733e+001, 1.172331e+002, 0.000000e+000, 0.000000e+000, 0.000000e+000, 0.000000e+000
 7.790000e-002,-1.565722e+003,-1.843609e+003, 3.396322e+003,-3.167864e+001, 2.209339e+001, 1.166496e+002, 0.000000e+000, 0.000000e+000, 0.000000e+000, 0.000000e+000
 7.795000e-002,-1.508533e+003,-1.897200e+003, 3.393215e+003,-3.100698e+001, 2.362601e+001, 1.160185e+002, 0.000000e+000, 0.000000e+000, 0.000000e+000, 0.000000e+000
 7.800000e-002,-1.451010e+003,-1.949935e+003, 3.388717e+003,-3.032982e+001, 2.514486e+001, 1.153411e+002, 0.000000e+000, 0.000000e+000, 0.000000e+000, 0.000000e+000
 7.805000e-002,-1.392758e+003,-2.002165e+003, 3.383208e+003,-2.964811e+001, 2.664980e+001, 1.146170e+002, 0.000000e+000, 0.000000e+000, 0.000000e+000, 0.000000e+000
 7.810000e-002,-1.334243e+003,-2.053503e+003, 3.376294e+003,-2.896083e+001, 2.814072e+001, 1.138472e+002, 0.000000e+000, 0.000000e+000, 0.000000e+000, 0.000000e+000
 7.815000e-002,-1.275016e+003,-2.104295e+003, 3.368386e+003,-2.826871e+001, 2.961733e+001, 1.130317e+002, 0.000000e+000, 0.000000e+000, 0.000000e+000, 0.000000e+000
 7.820000e-002,-1.215589e+003,-2.154165e+003, 3.359068e+003,-2.757088e+001, 3.107977e+001, 1.121714e+002, 0.000000e+000, 0.000000e+000, 0.000000e+000, 0.000000e+000
 7.825000e-002,-1.155474e+003,-2.203446e+003, 3.348771e+003,-2.686784e+001, 3.252759e+001, 1.112666e+002, 0.000000e+000, 0.000000e+000, 0.000000e+000, 0.000000e+000
 7.830000e-002,-1.095218e+003,-2.251780e+003, 3.337064e+003,-2.615892e+001, 3.396112e+001, 1.103178e+002, 0.000000e+000, 0.000000e+000, 0.000000e+000, 0.000000e+000
 7.835000e-002,-1.034303e+003,-2.299477e+003, 3.324388e+003,-2.544436e+001, 3.537982e+001, 1.093258e+002, 0.000000e+000, 0.000000e+000, 0.000000e+000, 0.000000e+000
 7.840000e-002,-9.733019e+002,-2.346208e+003, 3.310311e+003,-2.472367e+001, 3.678418e+001, 1.082910e+002, 0.000000e+000, 0.000000e+000, 0.000000e+000, 0.000000e+000
 7.845000e-002,-9.116770e+002,-2.392253e+003, 3.295272e+003,-2.399689e+001, 3.817353e+001, 1.072143e+002, 0.000000e+000, 0.000000e+000, 0.000000e+000, 0.000000e+000
 7.850000e-002,-8.500143e+002,-2.437318e+003, 3.278848e+003,-2.326370e+001, 3.954853e+001, 1.060960e+002, 0.000000e+000, 0.000000e+000, 0.000000e+000, 0.000000e+000
 7.855000e-002,-7.877701e+002,-2.481643e+003, 3.261463e+003,-2.252392e+001, 4.090843e+001, 1.049373e+002, 0.000000e+000, 0.000000e+000, 0.000000e+000, 0.000000e+000
 7.860000e-002,-7.255312e+002,-2.524978e+003, 3.242716e+003,-2.177742e+001, 4.225400e+001, 1.037384e+002, 0.000000e+000, 0.000000e+000, 0.000000e+000, 0.000000e+000
 7.865000e-002,-6.627588e+002,-2.567519e+003, 3.223008e+003,-2.102385e+001, 4.358441e+001, 1.025006e+002, 0.000000e+000, 0.000000e+000, 0.000000e+000, 0.000000e+000
 7.870000e-002,-6.000301e+002,-2.609065e+003, 3.201969e+003,-2.026322e+001, 4.490053e+001, 1.012241e+002, 0.000000e+000, 0.000000e+000, 0.000000e+000, 0.000000e+000
 7.875000e-002,-5.368207e+002,-2.649760e+003, 3.179962e+003,-1.949502e+001, 4.620146e+001, 9.991029e+001, 0.000000e+000, 0.000000e+000, 0.000000e+000, 0.000000e+000
 7.880000e-002,-4.736896e+002,-2.689459e+003, 3.156661e+003,-1.871943e+001, 4.748817e+001, 9.855938e+001, 0.000000e+000, 0.000000e+000, 0.000000e+000, 0.000000e+000
 7.885000e-002,-4.101345e+002,-2.728250e+003, 3.132386e+003,-1.793582e+001, 4.875969e+001, 9.717296e+001, 0.000000e+000, 0.000000e+000, 0.000000e+000, 0.000000e+000
 7.890000e-002,-3.466895e+002,-2.766046e+003, 3.106857e+003,-1.714447e+001, 5.001704e+001, 9.575103e+001, 0.000000e+000, 0.000000e+000, 0.000000e+000, 0.000000e+000
 7.895000e-002,-2.828800e+002,-2.802876e+003, 3.080346e+003,-1.634468e+001, 5.125922e+001, 9.429540e+001, 0.000000e+000, 0.000000e+000, 0.000000e+000, 0.000000e+000
 7.900000e-002,-2.192102e+002,-2.838716e+003, 3.052628e+003,-1.553682e+001, 5.248728e+001, 9.280598e+001, 0.000000e+000, 0.000000e+000, 0.000000e+000, 0.000000e+000
 7.905000e-002,-1.552373e+002,-2.873533e+003, 3.023917e+003,-1.472017e+001, 5.370020e+001, 9.128472e+001, 0.000000e+000, 0.000000e+000, 0.000000e+000, 0.000000e+000
 7.910000e-002,-9.143262e+001,-2.907365e+003, 2.994051e+003,-1.389514e+001, 5.489901e+001, 8.973146e+001, 0.000000e+000, 0.000000e+000, 0.000000e+000, 0.000000e+000
 7.915000e-002,-2.738704e+001,-2.940120e+003, 2.963180e+003,-1.306104e+001, 5.608272e+001, 8.814825e+001, 0.000000e+000, 0.000000e+000, 0.000000e+000, 0.000000e+000
 7.920000e-002, 3.646211e+001,-2.971896e+003, 2.931207e+003,-1.221830e+001, 5.725232e+001, 8.653488e+001, 0.000000e+000, 0.000000e+000, 0.000000e+000, 0.000000e+000
 7.925000e-002, 1.004900e+002,-3.002542e+003, 2.898219e+003,-1.136627e+001, 5.840681e+001, 8.489346e+001, 0.000000e+000, 0.000000e+000, 0.000000e+000, 0.000000e+000
 7.930000e-002, 1.642929e+002,-3.032215e+003, 2.864188e+003,-1.050541e+001, 5.954716e+001, 8.322379e+001, 0.000000e+000, 0.000000e+000, 0.000000e+000, 0.000000e+000
 7.935000e-002, 2.282132e+002,-3.060708e+003, 2.829130e+003,-9.635134e+000, 6.067241e+001, 8.152799e+001, 0.000000e+000, 0.000000e+000, 0.000000e+000, 0.000000e+000
 7.940000e-002, 2.918788e+002,-3.088237e+003, 2.793087e+003,-8.755896e+000, 6.178342e+001, 7.980585e+001, 0.000000e+000, 0.000000e+000, 0.000000e+000, 0.000000e+000
 7.945000e-002, 3.556023e+002,-3.114537e+003, 2.756009e+003,-7.867208e+000, 6.287928e+001, 7.805949e+001, 0.000000e+000, 0.000000e+000, 0.000000e+000, 0.000000e+000
 7.950000e-002, 4.190396e+002,-3.139879e+003, 2.718006e+003,-6.969514e+000, 6.396078e+001, 7.628874e+001, 0.000000e+000, 0.000000e+000, 0.000000e+000, 0.000000e+000
 7.955000e-002, 4.824775e+002,-3.163951e+003, 2.678962e+003,-6.062443e+000, 6.502705e+001, 7.449566e+001, 0.000000e+000, 0.000000e+000, 0.000000e+000, 0.000000e+000
 7.960000e-002, 5.455958e+002,-3.187069e+003, 2.639053e+003,-5.146411e+000, 6.607877e+001, 7.268011e+001, 0.000000e+000, 0.000000e+000, 0.000000e+000, 0.000000e+000
 7.965000e-002, 6.086599e+002,-3.208878e+003, 2.598100e+003,-4.221181e+000, 6.711512e+001, 7.084409e+001, 0.000000e+000, 0.000000e+000, 0.000000e+000, 0.000000e+000
 7.970000e-002, 6.713688e+002,-3.229738e+003, 2.556340e+003,-3.287139e+000, 6.813669e+001, 6.898755e+001, 0.000000e+000, 0.000000e+000, 0.000000e+000, 0.000000e+000
 7.975000e-002, 7.339716e+002,-3.249253e+003, 2.513537e+003,-2.344188e+000, 6.914270e+001, 6.711234e+001, 0.000000e+000, 0.000000e+000, 0.000000e+000, 0.000000e+000
 7.980000e-002, 7.961813e+002,-3.267823e+003, 2.469986e+003,-1.392685e+000, 7.013362e+001, 6.521852e+001, 0.000000e+000, 0.000000e+000, 0.000000e+000, 0.000000e+000
 7.985000e-002, 8.582360e+002,-3.285018e+003, 2.425396e+003,-4.326738e-001, 7.110874e+001, 6.330779e+001, 0.000000e+000, 0.000000e+000, 0.000000e+000, 0.000000e+000
 7.990000e-002, 9.198576e+002,-3.301270e+003, 2.380114e+003, 5.355122e-001, 7.206839e+001, 6.138031e+001, 0.000000e+000, 0.000000e+000, 0.000000e+000, 0.000000e+000
 7.995000e-002, 9.812779e+002,-3.316121e+003, 2.333804e+003, 1.511695e+000, 7.301193e+001, 5.943763e+001, 0.000000e+000, 0.000000e+000, 0.000000e+000, 0.000000e+000
 8.000000e-002, 1.042224e+003,-3.330030e+003, 2.286852e+003, 2.495553e+000, 7.393955e+001, 5.748001e+001, 0.000000e+000, 0.000000e+000, 0.000000e+000, 0.000000e+000
 8.005000e-002, 1.102924e+003,-3.342516e+003, 2.238891e+003, 3.486785e+000, 7.485068e+001, 5.550880e+001, 0.000000e+000, 0.000000e+000, 0.000000e+000, 0.000000e+000
 8.010000e-002, 1.163107e+003,-3.354060e+003, 2.190336e+003, 4.485067e+000, 7.574538e+001, 5.352443e+001, 0.000000e+000, 0.000000e+000, 0.000000e+000, 0.000000e+000
 8.015000e-002, 1.223003e+003,-3.364164e+003, 2.140794e+003, 5.489994e+000, 7.662312e+001, 5.152802e+001, 0.000000e+000, 0.000000e+000, 0.000000e+000, 0.000000e+000
 8.020000e-002, 1.282338e+003,-3.373325e+003, 2.090702e+003, 6.501219e+000, 7.748386e+001, 4.952013e+001, 0.000000e+000, 0.000000e+000, 0.000000e+000, 0.000000e+000
 8.025000e-002, 1.341345e+003,-3.381032e+003, 2.039654e+003, 7.518256e+000, 7.832710e+001, 4.750166e+001, 0.000000e+000, 0.000000e+000, 0.000000e+000, 0.000000e+000
 8.030000e-002, 1.399748e+003,-3.387796e+003, 1.988094e+003, 8.540716e+000, 7.915268e+001, 4.547334e+001, 0.000000e+000, 0.000000e+000, 0.000000e+000, 0.000000e+000
 8.035000e-002, 1.457784e+003,-3.393097e+003, 1.935617e+003, 9.568055e+000, 7.996014e+001, 4.343579e+001, 0.000000e+000, 0.000000e+000, 0.000000e+000, 0.000000e+000
 8.040000e-002, 1.515173e+003,-3.397451e+003, 1.882660e+003, 1.059982e+001, 8.074921e+001, 4.138995e+001, 0.000000e+000, 0.000000e+000, 0.000000e+000, 0.000000e+000
 8.045000e-002, 1.572156e+003,-3.400337e+003, 1.828831e+003, 1.163544e+001, 8.151948e+001, 3.933616e+001, 0.000000e+000, 0.000000e+000, 0.000000e+000, 0.000000e+000
 8.050000e-002, 1.628450e+003,-3.402276e+003, 1.774549e+003, 1.267437e+001, 8.227056e+001, 3.727553e+001, 0.000000e+000, 0.000000e+000, 0.000000e+000, 0.000000e+000
 8.055000e-002, 1.684298e+003,-3.402743e+003, 1.719450e+003, 1.371604e+001, 8.300205e+001, 3.520814e+001, 0.000000e+000, 0.000000e+000, 0.000000e+000, 0.000000e+000
 8.060000e-002, 1.739419e+003,-3.402260e+003, 1.663919e+003, 1.475981e+001, 8.371351e+001, 3.313527e+001, 0.000000e+000, 0.000000e+000, 0.000000e+000, 0.000000e+000
 8.065000e-002, 1.794054e+003,-3.400308e+003, 1.607630e+003, 1.580511e+001, 8.440453e+001, 3.105674e+001, 0.000000e+000, 0.000000e+000, 0.000000e+000, 0.000000e+000
 8.070000e-002, 1.847925e+003,-3.397405e+003, 1.550926e+003, 1.685121e+001, 8.507458e+001, 2.897402e+001, 0.000000e+000, 0.000000e+000, 0.000000e+000, 0.000000e+000
 8.075000e-002, 1.901269e+003,-3.393035e+003, 1.493533e+003, 1.789756e+001, 8.572327e+001, 2.688666e+001, 0.000000e+000, 0.000000e+000, 0.000000e+000, 0.000000e+000
 8.080000e-002, 1.953814e+003,-3.387714e+003, 1.435734e+003, 1.894331e+001, 8.635002e+001, 2.479628e+001, 0.000000e+000, 0.000000e+000, 0.000000e+000, 0.000000e+000
 8.085000e-002, 2.005790e+003,-3.380932e+003, 1.377321e+003, 1.998796e+001, 8.695443e+001, 2.270222e+001, 0.000000e+000, 0.000000e+000, 0.000000e+000, 0.000000e+000
 8.090000e-002, 2.056938e+003,-3.373200e+003, 1.318507e+003, 2.103055e+001, 8.753584e+001, 2.060623e+001, 0.000000e+000, 0.000000e+000, 0.000000e+000, 0.000000e+000
 8.095000e-002, 2.107470e+003,-3.364017e+003, 1.259160e+003, 2.207064e+001, 8.809387e+001, 1.850743e+001, 0.000000e+000, 0.000000e+000, 0.000000e+000, 0.000000e+000
 8.100000e-002, 2.157150e+003,-3.353883e+003, 1.199414e+003, 2.310712e+001, 8.862782e+001, 1.640771e+001, 0.000000e+000, 0.000000e+000, 0.000000e+000, 0.000000e+000
 8.105000e-002, 2.206166e+003,-3.342310e+003, 1.139220e+003, 2.413966e+001, 8.913728e+001, 1.430601e+001, 0.000000e+000, 0.000000e+000, 0.000000e+000, 0.000000e+000
 8.110000e-002, 2.254309e+003,-3.329789e+003, 1.078624e+003, 2.516701e+001, 8.962153e+001, 1.220430e+001, 0.000000e+000, 0.000000e+000, 0.000000e+000, 0.000000e+000
 8.115000e-002, 2.301739e+003,-3.315843e+003, 1.017672e+003, 2.618892e+001, 9.008018e+001, 1.010137e+001, 0.000000e+000, 0.000000e+000, 0.000000e+000, 0.000000e+000
 8.120000e-002, 2.348277e+003,-3.300951e+003, 9.563116e+002, 2.720404e+001, 9.051242e+001, 7.999282e+000, 0.000000e+000, 0.000000e+000, 0.000000e+000, 0.000000e+000
 8.125000e-002, 2.394052e+003,-3.284651e+003, 8.946884e+002, 2.821219e+001, 9.091791e+001, 5.896713e+000, 0.000000e+000, 0.000000e+000, 0.000000e+000, 0.000000e+000
 8.130000e-002, 2.438921e+003,-3.267409e+003, 8.326505e+002, 2.921192e+001, 9.129578e+001, 3.795755e+000, 0.000000e+000, 0.000000e+000, 0.000000e+000, 0.000000e+000
 8.135000e-002, 2.482975e+003,-3.248778e+003, 7.704451e+002, 3.020312e+001, 9.164574e+001, 1.695024e+000, 0.000000e+000, 0.000000e+000, 0.000000e+000, 0.000000e+000
 8.140000e-002, 2.526114e+003,-3.229210e+003, 7.078176e+002, 3.118428e+001, 9.196686e+001,-4.033884e-001, 0.000000e+000, 0.000000e+000, 0.000000e+000, 0.000000e+000
 8.145000e-002, 2.568383e+003,-3.208275e+003, 6.451188e+002, 3.215535e+001, 9.225887e+001,-2.500879e+000, 0.000000e+000, 0.000000e+000, 0.000000e+000, 0.000000e+000
 8.150000e-002, 2.609729e+003,-3.186407e+003, 5.819911e+002, 3.311476e+001, 9.252082e+001,-4.595396e+000, 0.000000e+000, 0.000000e+000, 0.000000e+000, 0.000000e+000
 8.155000e-002, 2.650155e+003,-3.163198e+003, 5.188876e+002, 3.406252e+001, 9.275250e+001,-6.688298e+000, 0.000000e+000, 0.000000e+000, 0.000000e+000, 0.000000e+000
 8.160000e-002, 2.689651e+003,-3.139060e+003, 4.553505e+002, 3.499702e+001, 9.295289e+001,-8.777614e+000, 0.000000e+000, 0.000000e+000, 0.000000e+000, 0.000000e+000
 8.165000e-002, 2.728173e+003,-3.113612e+003, 3.919308e+002, 3.591831e+001, 9.312186e+001,-1.086461e+001, 0.000000e+000, 0.000000e+000, 0.000000e+000, 0.000000e+000
 8.170000e-002, 2.765763e+003,-3.087237e+003, 3.280760e+002, 3.682480e+001, 9.325833e+001,-1.294745e+001, 0.000000e+000, 0.000000e+000, 0.000000e+000, 0.000000e+000
 8.175000e-002, 2.802328e+003,-3.059586e+003, 2.644285e+002, 3.771653e+001, 9.336228e+001,-1.502724e+001, 0.000000e+000, 0.000000e+000, 0.000000e+000, 0.000000e+000
 8.180000e-002, 2.837958e+003,-3.031011e+003, 2.003490e+002, 3.859198e+001, 9.343256e+001,-1.710231e+001, 0.000000e+000, 0.000000e+000, 0.000000e+000, 0.000000e+000
 8.185000e-002, 2.872514e+003,-3.001197e+003, 1.365613e+002, 3.945116e+001, 9.346925e+001,-1.917359e+001, 0.000000e+000, 0.000000e+000, 0.000000e+000, 0.000000e+000
 8.190000e-002, 2.906132e+003,-2.970461e+003, 7.235072e+001, 4.029261e+001, 9.347114e+001,-2.123958e+001, 0.000000e+000, 0.000000e+000, 0.000000e+000, 0.000000e+000
 8.195000e-002, 2.938630e+003,-2.938529e+003, 8.510448e+000, 4.111633e+001, 9.343845e+001,-2.330100e+001, 0.000000e+000, 0.000000e+000, 0.000000e+000, 0.000000e+000
 8.200000e-002, 2.970188e+003,-2.905674e+003,-5.573696e+001, 4.192096e+001, 9.336990e+001,-2.535657e+001, 0.000000e+000, 0.000000e+000, 0.000000e+000, 0.000000e+000
 8.205000e-002, 3.000583e+003,-2.871671e+003,-1.195429e+002, 4.270646e+001, 9.326585e+001,-2.740673e+001, 0.000000e+000, 0.000000e+000, 0.000000e+000, 0.000000e+000
 8.210000e-002, 3.030034e+003,-2.836743e+003,-1.837324e+002, 4.347159e+001, 9.312496e+001,-2.945046e+001, 0.000000e+000, 0.000000e+000, 0.000000e+000, 0.000000e+000
 8.215000e-002, 3.058285e+003,-2.800718e+003,-2.474176e+002, 4.421624e+001, 9.294775e+001,-3.148791e+001, 0.000000e+000, 0.000000e+000, 0.000000e+000, 0.000000e+000
 8.220000e-002, 3.085584e+003,-2.763765e+003,-3.114543e+002, 4.493933e+001, 9.273280e+001,-3.351830e+001, 0.000000e+000, 0.000000e+000, 0.000000e+000, 0.000000e+000
 8.225000e-002, 3.111651e+003,-2.725772e+003,-3.749328e+002, 4.564068e+001, 9.248081e+001,-3.554148e+001, 0.000000e+000, 0.000000e+000, 0.000000e+000, 0.000000e+000
 8.230000e-002, 3.136758e+003,-2.686846e+003,-4.387219e+002, 4.631939e+001, 9.219032e+001,-3.755695e+001, 0.000000e+000, 0.000000e+000, 0.000000e+000, 0.000000e+000
 8.235000e-002, 3.160606e+003,-2.646940e+003,-5.019084e+002, 4.697516e+001, 9.186217e+001,-3.956421e+001, 0.000000e+000, 0.000000e+000, 0.000000e+000, 0.000000e+000
 8.240000e-002, 3.183482e+003,-2.606095e+003,-5.653553e+002, 4.760732e+001, 9.149487e+001,-4.156305e+001, 0.000000e+000, 0.000000e+000, 0.000000e+000, 0.000000e+000
 8.245000e-002, 3.205079e+003,-2.564337e+003,-6.281649e+002, 4.821547e+001, 9.108945e+001,-4.355261e+001, 0.000000e+000, 0.000000e+000, 0.000000e+000, 0.000000e+000
 8.250000e-002, 3.225690e+003,-2.521629e+003,-6.911756e+002, 4.879911e+001, 9.064436e+001,-4.553300e+001, 0.000000e+000, 0.000000e+000, 0.000000e+000, 0.000000e+000
 8.255000e-002, 3.245006e+003,-2.478079e+003,-7.535240e+002, 4.935779e+001, 9.016081e+001,-4.750299e+001, 0.000000e+000, 0.000000e+000, 0.000000e+000, 0.000000e+000
 8.260000e-002, 3.263319e+003,-2.433570e+003,-8.160052e+002, 4.989120e+001, 8.963726e+001,-4.946296e+001, 0.000000e+000, 0.000000e+000, 0.000000e+000, 0.000000e+000
 8.265000e-002, 3.280328e+003,-2.388291e+003,-8.778087e+002, 5.039880e+001, 8.907504e+001,-5.141136e+001, 0.000000e+000, 0.000000e+000, 0.000000e+000, 0.000000e+000
 8.270000e-002, 3.296316e+003,-2.342043e+003,-9.396683e+002, 5.088048e+001, 8.847263e+001,-5.334882e+001, 0.000000e+000, 0.000000e+000, 0.000000e+000, 0.000000e+000
 8.275000e-002, 3.310995e+003,-2.295103e+003,-1.000843e+003, 5.133563e+001, 8.783153e+001,-5.527347e+001, 0.000000e+000, 0.000000e+000, 0.000000e+000, 0.000000e+000
 8.280000e-002, 3.324631e+003,-2.247182e+003,-1.061990e+003, 5.176433e+001, 8.715024e+001,-5.718618e+001, 0.000000e+000, 0.000000e+000, 0.000000e+000, 0.000000e+000
 8.285000e-002, 3.336961e+003,-2.198647e+003,-1.122454e+003, 5.216591e+001, 8.643037e+001,-5.908481e+001, 0.000000e+000, 0.000000e+000, 0.000000e+000, 0.000000e+000
 8.290000e-002, 3.348225e+003,-2.149122e+003,-1.182799e+003, 5.254064e+001, 8.567050e+001,-6.097040e+001, 0.000000e+000, 0.000000e+000, 0.000000e+000, 0.000000e+000
 8.295000e-002, 3.358187e+003,-2.099063e+003,-1.242469e+003, 5.288781e+001, 8.487234e+001,-6.284057e+001, 0.000000e+000, 0.000000e+000, 0.000000e+000, 0.000000e+000
 8.300000e-002, 3.367061e+003,-2.048005e+003,-1.301925e+003, 5.320782e+001, 8.403457e+001,-6.469653e+001, 0.000000e+000, 0.000000e+000, 0.000000e+000, 0.000000e+000
 8.305000e-002, 3.374643e+003,-1.996495e+003,-1.360719e+003, 5.349999e+001, 8.315894e+001,-6.653570e+001, 0.000000e+000, 0.000000e+000, 0.000000e+000, 0.000000e+000
 8.310000e-002, 3.381112e+003,-1.943977e+003,-1.419199e+003, 5.376483e+001, 8.224431e+001,-6.835938e+001, 0.000000e+000, 0.000000e+000, 0.000000e+000, 0.000000e+000
 8.315000e-002, 3.386302e+003,-1.891088e+003,-1.477036e+003, 5.400168e+001, 8.129243e+001,-7.016486e+001, 0.000000e+000, 0.000000e+000, 0.000000e+000, 0.000000e+000
 8.320000e-002, 3.390356e+003,-1.837188e+003,-1.534458e+003, 5.421115e+001, 8.030234e+001,-7.195351e+001, 0.000000e+000, 0.000000e+000, 0.000000e+000, 0.000000e+000
 8.325000e-002, 3.393147e+003,-1.782995e+003,-1.591257e+003, 5.439263e+001, 7.927579e+001,-7.372252e+001, 0.000000e+000, 0.000000e+000, 0.000000e+000, 0.000000e+000
 8.330000e-002, 3.394781e+003,-1.727792e+003,-1.647538e+003, 5.454680e+001, 7.821202e+001,-7.547324e+001, 0.000000e+000, 0.000000e+000, 0.000000e+000, 0.000000e+000
 8.335000e-002, 3.395167e+003,-1.672372e+003,-1.703219e+003, 5.467313e+001, 7.711275e+001,-7.720287e+001, 0.000000e+000, 0.000000e+000, 0.000000e+000, 0.000000e+000
 8.340000e-002, 3.394377e+003,-1.615947e+003,-1.758281e+003, 5.477235e+001, 7.597743e+001,-7.891271e+001, 0.000000e+000, 0.000000e+000, 0.000000e+000, 0.000000e+000
 8.345000e-002, 3.392357e+003,-1.559376e+003,-1.812764e+003, 5.484402e+001, 7.480774e+001,-8.059997e+001, 0.000000e+000, 0.000000e+000, 0.000000e+000, 0.000000e+000
 8.350000e-002, 3.389144e+003,-1.501813e+003,-1.866531e+003, 5.488888e+001, 7.360339e+001,-8.226585e+001, 0.000000e+000, 0.000000e+000, 0.000000e+000, 0.000000e+000
 8.355000e-002, 3.384719e+003,-1.444171e+003,-1.919738e+003, 5.490664e+001, 7.236593e+001,-8.390767e+001, 0.000000e+000, 0.000000e+000, 0.000000e+000, 0.000000e+000
 8.360000e-002, 3.379089e+003,-1.385554e+003,-1.972135e+003, 5.489800e+001, 7.109537e+001,-8.552647e+001, 0.000000e+000, 0.000000e+000, 0.000000e+000, 0.000000e+000
 8.365000e-002, 3.372263e+003,-1.326922e+003,-2.023989e+003, 5.486283e+001, 6.979314e+001,-8.711970e+001, 0.000000e+000, 0.000000e+000, 0.000000e+000, 0.000000e+000
 8.370000e-002, 3.364225e+003,-1.267339e+003,-2.074944e+003, 5.480180e+001, 6.845953e+001,-8.868823e+001, 0.000000e+000, 0.000000e+000, 0.000000e+000, 0.000000e+000
 8.375000e-002, 3.355005e+003,-1.207796e+003,-2.125368e+003, 5.471495e+001, 6.709581e+001,-9.022968e+001, 0.000000e+000, 0.000000e+000, 0.000000e+000, 0.000000e+000
 8.380000e-002, 3.344571e+003,-1.147335e+003,-2.174813e+003, 5.460287e+001, 6.570261e+001,-9.174473e+001, 0.000000e+000, 0.000000e+000, 0.000000e+000, 0.000000e+000
 8.385000e-002, 3.332969e+003,-1.086965e+003,-2.223734e+003, 5.446578e+001, 6.428101e+001,-9.323120e+001, 0.000000e+000, 0.000000e+000, 0.000000e+000, 0.000000e+000
 8.390000e-002, 3.320155e+003,-1.025717e+003,-2.271601e+003, 5.430421e+001, 6.283195e+001,-9.468952e+001, 0.000000e+000, 0.000000e+000, 0.000000e+000, 0.000000e+000
 8.395000e-002, 3.306185e+003,-9.646005e+002,-2.318945e+003, 5.411855e+001, 6.135630e+001,-9.611778e+001, 0.000000e+000, 0.000000e+000, 0.000000e+000, 0.000000e+000
 8.400000e-002, 3.291010e+003,-9.026563e+002,-2.365172e+003, 5.390926e+001, 5.985534e+001,-9.751614e+001, 0.000000e+000, 0.000000e+000, 0.000000e+000, 0.000000e+000
 8.405000e-002, 3.274689e+003,-8.408785e+002,-2.410869e+003, 5.367690e+001, 5.832973e+001,-9.888297e+001, 0.000000e+000, 0.000000e+000, 0.000000e+000, 0.000000e+000
 8.410000e-002, 3.257178e+003,-7.783303e+002,-2.455393e+003, 5.342184e+001, 5.678105e+001,-1.002182e+002, 0.000000e+000, 0.000000e+000, 0.000000e+000, 0.000000e+000
 8.415000e-002, 3.238526e+003,-7.159756e+002,-2.499374e+003, 5.314479e+001, 5.520974e+001,-1.015204e+002, 0.000000e+000, 0.000000e+000, 0.000000e+000, 0.000000e+000
 8.420000e-002, 3.218704e+003,-6.529161e+002,-2.542136e+003, 5.284607e+001, 5.361769e+001,-1.027892e+002, 0.000000e+000, 0.000000e+000, 0.000000e+000, 0.000000e+000
 8.425000e-002, 3.197747e+003,-5.900699e+002,-2.584334e+003, 5.252653e+001, 5.200513e+001,-1.040236e+002, 0.000000e+000, 0.000000e+000, 0.000000e+000, 0.000000e+000
 8.430000e-002, 3.175644e+003,-5.265923e+002,-2.625278e+003, 5.218640e+001, 5.037419e+001,-1.052230e+002, 0.000000e+000, 0.000000e+000, 0.000000e+000, 0.000000e+000
 8.435000e-002, 3.152410e+003,-4.633410e+002,-2.665630e+003, 5.182667e+001, 4.872491e+001,-1.063866e+002, 0.000000e+000, 0.000000e+000, 0.000000e+000, 0.000000e+000
 8.440000e-002, 3.128058e+003,-3.995386e+002,-2.704701e+003, 5.144751e+001, 4.705968e+001,-1.075135e+002, 0.000000e+000, 0.000000e+000, 0.000000e+000, 0.000000e+000
 8.445000e-002, 3.102578e+003,-3.359692e+002,-2.743146e+003, 5.104999e+001, 4.537831e+001,-1.086032e+002, 0.000000e+000, 0.000000e+000, 0.000000e+000, 0.000000e+000
 8.450000e-002, 3.076012e+003,-2.719355e+002,-2.780292e+003, 5.063426e+001, 4.368342e+001,-1.096547e+002, 0.000000e+000, 0.000000e+000, 0.000000e+000, 0.000000e+000
 8.455000e-002, 3.048322e+003,-2.081357e+002,-2.816773e+003, 5.020144e+001, 4.197464e+001,-1.106676e+002, 0.000000e+000, 0.000000e+000, 0.000000e+000, 0.000000e+000
 8.460000e-002, 3.019581e+003,-1.439638e+002,-2.851944e+003, 4.975166e+001, 4.025475e+001,-1.116408e+002, 0.000000e+000, 0.000000e+000, 0.000000e+000, 0.000000e+000
 8.465000e-002, 2.989720e+003,-8.002203e+001,-2.886405e+003, 4.928608e+001, 3.852322e+001,-1.125743e+002, 0.000000e+000, 0.000000e+000, 0.000000e+000, 0.000000e+000
 8.470000e-002, 2.958845e+003,-1.580468e+001,-2.919554e+003, 4.880481e+001, 3.678297e+001,-1.134665e+002, 0.000000e+000, 0.000000e+000, 0.000000e+000, 0.000000e+000
 8.475000e-002, 2.926856e+003, 4.819004e+001,-2.951945e+003, 4.830902e+001, 3.503333e+001,-1.143178e+002, 0.000000e+000, 0.000000e+000, 0.000000e+000, 0.000000e+000
 8.480000e-002, 2.893890e+003, 1.123605e+002,-2.983025e+003, 4.779883e+001, 3.327729e+001,-1.151265e+002, 0.000000e+000, 0.000000e+000, 0.000000e+000, 0.000000e+000
 8.485000e-002, 2.859819e+003, 1.763188e+002,-3.013298e+003, 4.727537e+001, 3.151410e+001,-1.158931e+002, 0.000000e+000, 0.000000e+000, 0.000000e+000, 0.000000e+000
 8.490000e-002, 2.824809e+003, 2.403510e+002,-3.042267e+003, 4.673881e+001, 2.974676e+001,-1.166160e+002, 0.000000e+000, 0.000000e+000, 0.000000e+000, 0.000000e+000
 8.495000e-002, 2.788706e+003, 3.041830e+002,-3.070377e+003, 4.619019e+001, 2.797444e+001,-1.172956e+002, 0.000000e+000, 0.000000e+000, 0.000000e+000, 0.000000e+000
 8.500000e-002, 2.751700e+003, 3.679861e+002,-3.097195e+003, 4.562975e+001, 2.620015e+001,-1.179304e+002, 0.000000e+000, 0.000000e+000, 0.000000e+000, 0.000000e+000
 8.505000e-002, 2.713618e+003, 4.316018e+002,-3.123102e+003, 4.505843e+001, 2.442300e+001,-1.185209e+002, 0.000000e+000, 0.000000e+000, 0.000000e+000, 0.000000e+000
 8.510000e-002, 2.674668e+003, 4.950861e+002,-3.147730e+003, 4.447654e+001, 2.264595e+001,-1.190656e+002, 0.000000e+000, 0.000000e+000, 0.000000e+000, 0.000000e+000
 8.515000e-002, 2.634663e+003, 5.583953e+002,-3.171397e+003, 4.388486e+001, 2.086808e+001,-1.195650e+002, 0.000000e+000, 0.000000e+000, 0.000000e+000, 0.000000e+000
 8.520000e-002, 2.593823e+003, 6.214720e+002,-3.193799e+003, 4.328384e+001, 1.909226e+001,-1.200178e+002, 0.000000e+000, 0.000000e+000, 0.000000e+000, 0.000000e+000
 8.525000e-002, 2.551954e+003, 6.843845e+002,-3.215192e+003, 4.267407e+001, 1.731759e+001,-1.204245e+002, 0.000000e+000, 0.000000e+000, 0.000000e+000, 0.000000e+000
 8.530000e-002, 2.509281e+003, 7.469661e+002,-3.235336e+003, 4.205609e+001, 1.554678e+001,-1.207838e+002, 0.000000e+000, 0.000000e+000, 0.000000e+000, 0.000000e+000
 8.535000e-002, 2.465611e+003, 8.093921e+002,-3.254426e+003, 4.143035e+001, 1.377897e+001,-1.210963e+002, 0.000000e+000, 0.000000e+000, 0.000000e+000, 0.000000e+000
 8.540000e-002, 2.421165e+003, 8.713920e+002,-3.272282e+003, 4.079745e+001, 1.201672e+001,-1.213608e+002, 0.000000e+000, 0.000000e+000, 0.000000e+000, 0.000000e+000
 8.545000e-002, 2.375756e+003, 9.332418e+002,-3.289042e+003, 4.015768e+001, 1.025920e+001,-1.215778e+002, 0.000000e+000, 0.000000e+000, 0.000000e+000, 0.000000e+000
 8.550000e-002, 2.329599e+003, 9.945750e+002,-3.304582e+003, 3.951174e+001, 8.508774e+000,-1.217463e+002, 0.000000e+000, 0.000000e+000, 0.000000e+000, 0.000000e+000
 8.555000e-002, 2.282521e+003, 1.055759e+003,-3.318990e+003, 3.885973e+001, 6.764713e+000,-1.218668e+002, 0.000000e+000, 0.000000e+000, 0.000000e+000, 0.000000e+000
 8.560000e-002, 2.234717e+003, 1.116342e+003,-3.332190e+003, 3.820242e+001, 5.029127e+000,-1.219385e+002, 0.000000e+000, 0.000000e+000, 0.000000e+000, 0.000000e+000
 8.565000e-002, 2.186037e+003, 1.176773e+003,-3.344226e+003, 3.753976e+001, 3.301399e+000,-1.219618e+002, 0.000000e+000, 0.000000e+000, 0.000000e+000, 0.000000e+000
 8.570000e-002, 2.136655e+003, 1.236522e+003,-3.355065e+003, 3.687255e+001, 1.583385e+000,-1.219361e+002, 0.000000e+000, 0.000000e+000, 0.000000e+000, 0.000000e+000
 8.575000e-002, 2.086445e+003, 1.296111e+003,-3.364715e+003, 3.620062e+001,-1.254154e-001,-1.218618e+002, 0.000000e+000, 0.000000e+000, 0.000000e+000, 0.000000e+000
 8.580000e-002, 2.035553e+003, 1.354946e+003,-3.373174e+003, 3.552478e+001,-1.823412e+000,-1.217384e+002, 0.000000e+000, 0.000000e+000, 0.000000e+000, 0.000000e+000
 8.585000e-002, 1.983886e+003, 1.413608e+003,-3.380424e+003, 3.484474e+001,-3.510980e+000,-1.215662e+002, 0.000000e+000, 0.000000e+000, 0.000000e+000, 0.000000e+000
 8.590000e-002, 1.931558e+003, 1.471448e+003,-3.386490e+003, 3.416130e+001,-5.186800e+000,-1.213450e+002, 0.000000e+000, 0.000000e+000, 0.000000e+000, 0.000000e+000
 8.595000e-002, 1.878509e+003, 1.529097e+003,-3.391333e+003, 3.347409e+001,-6.851119e+000,-1.210751e+002, 0.000000e+000, 0.000000e+000, 0.000000e+000, 0.000000e+000
 8.600000e-002, 1.824819e+003, 1.585864e+003,-3.394993e+003, 3.278387e+001,-8.502889e+000,-1.207564e+002, 0.000000e+000, 0.000000e+000, 0.000000e+000, 0.000000e+000
 8.605000e-002, 1.770465e+003, 1.642417e+003,-3.397422e+003, 3.209021e+001,-1.014222e+001,-1.203891e+002, 0.000000e+000, 0.000000e+000, 0.000000e+000, 0.000000e+000
 8.610000e-002, 1.715490e+003, 1.698034e+003,-3.398670e+003, 3.139379e+001,-1.176835e+001,-1.199734e+002, 0.000000e+000, 0.000000e+000, 0.000000e+000, 0.000000e+000
 8.615000e-002, 1.659908e+003, 1.753408e+003,-3.398684e+003, 3.069415e+001,-1.338124e+001,-1.195094e+002, 0.000000e+000, 0.000000e+000, 0.000000e+000, 0.000000e+000
 8.620000e-002, 1.603729e+003, 1.807799e+003,-3.397516e+003, 2.999189e+001,-1.498039e+001,-1.189975e+002, 0.000000e+000, 0.000000e+000, 0.000000e+000, 0.000000e+000
 8.625000e-002, 1.546997e+003, 1.861914e+003,-3.395114e+003, 2.928654e+001,-1.656565e+001,-1.184378e+002, 0.000000e+000, 0.000000e+000, 0.000000e+000, 0.000000e+000
 8.630000e-002, 1.489695e+003, 1.915005e+003,-3.391529e+003, 2.857858e+001,-1.813674e+001,-1.178308e+002, 0.000000e+000, 0.000000e+000, 0.000000e+000, 0.000000e+000
 8.635000e-002, 1.431895e+003, 1.967782e+003,-3.386716e+003, 2.786757e+001,-1.969341e+001,-1.171767e+002, 0.000000e+000, 0.000000e+000, 0.000000e+000, 0.000000e+000
 8.640000e-002, 1.373554e+003, 2.019502e+003,-3.380719e+003, 2.715384e+001,-2.123562e+001,-1.164760e+002, 0.000000e+000, 0.000000e+000, 0.000000e+000, 0.000000e+000
 8.645000e-002, 1.314766e+003, 2.070865e+003,-3.373502e+003, 2.643702e+001,-2.276299e+001,-1.157289e+002, 0.000000e+000, 0.000000e+000, 0.000000e+000, 0.000000e+000
 8.650000e-002, 1.255471e+003, 2.121142e+003,-3.365099e+003, 2.571726e+001,-2.427570e+001,-1.149362e+002, 0.000000e+000, 0.000000e+000, 0.000000e+000, 0.000000e+000
 8.655000e-002, 1.195777e+003, 2.171016e+003,-3.355489e+003, 2.499429e+001,-2.577325e+001,-1.140980e+002, 0.000000e+000, 0.000000e+000, 0.000000e+000, 0.000000e+000
 8.660000e-002, 1.135616e+003, 2.219781e+003,-3.344690e+003, 2.426806e+001,-2.725604e+001,-1.132152e+002, 0.000000e+000, 0.000000e+000, 0.000000e+000, 0.000000e+000
 8.665000e-002, 1.075099e+003, 2.268094e+003,-3.332700e+003, 2.353842e+001,-2.872347e+001,-1.122879e+002, 0.000000e+000, 0.000000e+000, 0.000000e+000, 0.000000e+000
 8.670000e-002, 1.014160e+003, 2.315281e+003,-3.319522e+003, 2.280513e+001,-3.017609e+001,-1.113172e+002, 0.000000e+000, 0.000000e+000, 0.000000e+000, 0.000000e+000
 8.675000e-002, 9.529059e+002, 2.361963e+003,-3.305168e+003, 2.206816e+001,-3.161324e+001,-1.103033e+002, 0.000000e+000, 0.000000e+000, 0.000000e+000, 0.000000e+000
 8.680000e-002, 8.912779e+002, 2.407506e+003,-3.289628e+003, 2.132709e+001,-3.303562e+001,-1.092471e+002, 0.000000e+000, 0.000000e+000, 0.000000e+000, 0.000000e+000
 8.685000e-002, 8.293706e+002, 2.452490e+003,-3.272931e+003, 2.058201e+001,-3.444247e+001,-1.081490e+002, 0.000000e+000, 0.000000e+000, 0.000000e+000, 0.000000e+000
 8.690000e-002, 7.671443e+002, 2.496325e+003,-3.255050e+003, 1.983232e+001,-3.583465e+001,-1.070101e+002, 0.000000e+000, 0.000000e+000, 0.000000e+000, 0.000000e+000
 8.695000e-002, 7.046701e+002, 2.539546e+003,-3.236034e+003, 1.907825e+001,-3.721133e+001,-1.058307e+002, 0.000000e+000, 0.000000e+000, 0.000000e+000, 0.000000e+000
 8.700000e-002, 6.419363e+002, 2.581614e+003,-3.215838e+003, 1.831903e+001,-3.857345e+001,-1.046119e+002, 0.000000e+000, 0.000000e+000, 0.000000e+000, 0.000000e+000
 8.705000e-002, 5.789823e+002, 2.623009e+003,-3.194528e+003, 1.755502e+001,-3.992014e+001,-1.033542e+002, 0.000000e+000, 0.000000e+000, 0.000000e+000, 0.000000e+000
 8.710000e-002, 5.158322e+002, 2.663251e+003,-3.172045e+003, 1.678530e+001,-4.125243e+001,-1.020587e+002, 0.000000e+000, 0.000000e+000, 0.000000e+000, 0.000000e+000
 8.715000e-002, 4.524864e+002, 2.702761e+003,-3.148471e+003, 1.601035e+001,-4.256940e+001,-1.007258e+002, 0.000000e+000, 0.000000e+000, 0.000000e+000, 0.000000e+000
 8.720000e-002, 3.890112e+002, 2.741119e+003,-3.123734e+003, 1.522916e+001,-4.387215e+001,-9.935681e+001, 0.000000e+000, 0.000000e+000, 0.000000e+000, 0.000000e+000
 8.725000e-002, 3.253625e+002, 2.778688e+003,-3.097929e+003, 1.444228e+001,-4.515972e+001,-9.795224e+001, 0.000000e+000, 0.000000e+000, 0.000000e+000, 0.000000e+000
 8.730000e-002, 2.616534e+002, 2.815109e+003,-3.070973e+003, 1.364864e+001,-4.643324e+001,-9.651318e+001, 0.000000e+000, 0.000000e+000, 0.000000e+000, 0.000000e+000
 8.735000e-002, 1.977914e+002, 2.850682e+003,-3.042973e+003, 1.284885e+001,-4.769172e+001,-9.504034e+001, 0.000000e+000, 0.000000e+000, 0.000000e+000, 0.000000e+000
 8.740000e-002, 1.339394e+002, 2.885114e+003,-3.013838e+003, 1.204183e+001,-4.893634e+001,-9.353481e+001, 0.000000e+000, 0.000000e+000, 0.000000e+000, 0.000000e+000
 8.745000e-002, 6.995443e+001, 2.918640e+003,-2.983682e+003, 1.122820e+001,-5.016606e+001,-9.199734e+001, 0.000000e+000, 0.000000e+000, 0.000000e+000, 0.000000e+000
 8.750000e-002, 6.049800e+000, 2.951034e+003,-2.952408e+003, 1.040694e+001,-5.138207e+001,-9.042899e+001, 0.000000e+000, 0.000000e+000, 0.000000e+000, 0.000000e+000
 8.755000e-002,-5.796696e+001, 2.982466e+003,-2.920138e+003, 9.578648e+000,-5.258333e+001,-8.883060e+001, 0.000000e+000, 0.000000e+000, 0.000000e+000, 0.000000e+000
 8.760000e-002,-1.218344e+002, 3.012776e+003,-2.886771e+003, 8.742373e+000,-5.377101e+001,-8.720318e+001, 0.000000e+000, 0.000000e+000, 0.000000e+000, 0.000000e+000
 8.765000e-002,-1.857914e+002, 3.042069e+003,-2.852434e+003, 7.898695e+000,-5.494405e+001,-8.554763e+001, 0.000000e+000, 0.000000e+000, 0.000000e+000, 0.000000e+000
 8.770000e-002,-2.495326e+002, 3.070251e+003,-2.817022e+003, 7.046779e+000,-5.610360e+001,-8.386494e+001, 0.000000e+000, 0.000000e+000, 0.000000e+000, 0.000000e+000
 8.775000e-002,-3.133379e+002, 3.097362e+003,-2.780666e+003, 6.187132e+000,-5.724860e+001,-8.215603e+001, 0.000000e+000, 0.000000e+000, 0.000000e+000, 0.000000e+000
 8.780000e-002,-3.768646e+002, 3.123375e+003,-2.743259e+003, 5.319094e+000,-5.838015e+001,-8.042188e+001, 0.000000e+000, 0.000000e+000, 0.000000e+000, 0.000000e+000
 8.785000e-002,-4.404259e+002, 3.148267e+003,-2.704935e+003, 4.443067e+000,-5.949721e+001,-7.866343e+001, 0.000000e+000, 0.000000e+000, 0.000000e+000, 0.000000e+000
 8.790000e-002,-5.036509e+002, 3.172073e+003,-2.665588e+003, 3.558602e+000,-6.060080e+001,-7.688163e+001, 0.000000e+000, 0.000000e+000, 0.000000e+000, 0.000000e+000
 8.795000e-002,-5.668760e+002, 3.194709e+003,-2.625351e+003, 2.665974e+000,-6.168989e+001,-7.507743e+001, 0.000000e+000, 0.000000e+000, 0.000000e+000, 0.000000e+000
 8.800000e-002,-6.297128e+002, 3.216274e+003,-2.584119e+003, 1.764978e+000,-6.276545e+001,-7.325175e+001, 0.000000e+000, 0.000000e+000, 0.000000e+000, 0.000000e+000
 8.805000e-002,-6.925098e+002, 3.236624e+003,-2.542027e+003, 8.557407e-001,-6.382644e+001,-7.140556e+001, 0.000000e+000, 0.000000e+000, 0.000000e+000, 0.000000e+000
 8.810000e-002,-7.548726e+002, 3.255914e+003,-2.498971e+003,-6.167586e-002,-6.487375e+001,-6.953973e+001, 0.000000e+000, 0.000000e+000, 0.000000e+000, 0.000000e+000
 8.815000e-002,-8.171499e+002, 3.273948e+003,-2.455083e+003,-9.873042e-001,-6.590639e+001,-6.765522e+001, 0.000000e+000, 0.000000e+000, 0.000000e+000, 0.000000e+000
 8.820000e-002,-8.789543e+002, 3.290935e+003,-2.410264e+003,-1.920799e+000,-6.692510e+001,-6.575287e+001, 0.000000e+000, 0.000000e+000, 0.000000e+000, 0.000000e+000
 8.825000e-002,-9.406210e+002, 3.306628e+003,-2.364642e+003,-2.862357e+000,-6.792896e+001,-6.383364e+001, 0.000000e+000, 0.000000e+000, 0.000000e+000, 0.000000e+000
 8.830000e-002,-1.001783e+003, 3.321286e+003,-2.318126e+003,-3.811346e+000,-6.891859e+001,-6.189831e+001, 0.000000e+000, 0.000000e+000, 0.000000e+000, 0.000000e+000
 8.835000e-002,-1.062749e+003, 3.334616e+003,-2.270836e+003,-4.768122e+000,-6.989309e+001,-5.994785e+001, 0.000000e+000, 0.000000e+000, 0.000000e+000, 0.000000e+000
 8.840000e-002,-1.123186e+003, 3.346922e+003,-2.222689e+003,-5.731770e+000,-7.085296e+001,-5.798296e+001, 0.000000e+000, 0.000000e+000, 0.000000e+000, 0.000000e+000
 8.845000e-002,-1.183363e+003, 3.357871e+003,-2.173798e+003,-6.702795e+000,-7.179737e+001,-5.600462e+001, 0.000000e+000, 0.000000e+000, 0.000000e+000, 0.000000e+000
 8.850000e-002,-1.242993e+003, 3.367805e+003,-2.124091e+003,-7.680012e+000,-7.272665e+001,-5.401345e+001, 0.000000e+000, 0.000000e+000, 0.000000e+000, 0.000000e+000
 8.855000e-002,-1.302292e+003, 3.376359e+003,-2.073668e+003,-8.664057e+000,-7.364006e+001,-5.201044e+001, 0.000000e+000, 0.000000e+000, 0.000000e+000, 0.000000e+000
 8.860000e-002,-1.361034e+003, 3.383904e+003,-2.022472e+003,-9.653501e+000,-7.453774e+001,-4.999613e+001, 0.000000e+000, 0.000000e+000, 0.000000e+000, 0.000000e+000
 8.865000e-002,-1.419371e+003, 3.390050e+003,-1.970589e+003,-1.064908e+001,-7.541904e+001,-4.797152e+001, 0.000000e+000, 0.000000e+000, 0.000000e+000, 0.000000e+000
 8.870000e-002,-1.477143e+003, 3.395193e+003,-1.917978e+003,-1.164915e+001,-7.628394e+001,-4.593703e+001, 0.000000e+000, 0.000000e+000, 0.000000e+000, 0.000000e+000
 8.875000e-002,-1.534434e+003, 3.398925e+003,-1.864710e+003,-1.265453e+001,-7.713186e+001,-4.389371e+001, 0.000000e+000, 0.000000e+000, 0.000000e+000, 0.000000e+000
 8.880000e-002,-1.591158e+003, 3.401656e+003,-1.810761e+003,-1.366340e+001,-7.796260e+001,-4.184187e+001, 0.000000e+000, 0.000000e+000, 0.000000e+000, 0.000000e+000
 8.885000e-002,-1.647320e+003, 3.402969e+003,-1.756181e+003,-1.467659e+001,-7.877567e+001,-3.978256e+001, 0.000000e+000, 0.000000e+000, 0.000000e+000, 0.000000e+000
 8.890000e-002,-1.702916e+003, 3.403281e+003,-1.700972e+003,-1.569217e+001,-7.957069e+001,-3.771601e+001, 0.000000e+000, 0.000000e+000, 0.000000e+000, 0.000000e+000
 8.895000e-002,-1.757871e+003, 3.402175e+003,-1.645160e+003,-1.671096e+001,-8.034728e+001,-3.564327e+001, 0.000000e+000, 0.000000e+000, 0.000000e+000, 0.000000e+000
 8.900000e-002,-1.812261e+003, 3.400064e+003,-1.588771e+003,-1.773097e+001,-8.110486e+001,-3.356447e+001, 0.000000e+000, 0.000000e+000, 0.000000e+000, 0.000000e+000
 8.905000e-002,-1.865931e+003, 3.396542e+003,-1.531803e+003,-1.875295e+001,-8.184313e+001,-3.148070e+001, 0.000000e+000, 0.000000e+000, 0.000000e+000, 0.000000e+000
 8.910000e-002,-1.919039e+003, 3.392009e+003,-1.474317e+003,-1.977488e+001,-8.256136e+001,-2.939195e+001, 0.000000e+000, 0.000000e+000, 0.000000e+000, 0.000000e+000
 8.915000e-002,-1.971348e+003, 3.386075e+003,-1.416276e+003,-2.079741e+001,-8.325934e+001,-2.729937e+001, 0.000000e+000, 0.000000e+000, 0.000000e+000, 0.000000e+000
 8.920000e-002,-2.023098e+003, 3.379124e+003,-1.357775e+003,-2.181858e+001,-8.393613e+001,-2.520283e+001, 0.000000e+000, 0.000000e+000, 0.000000e+000, 0.000000e+000
 8.925000e-002,-2.073975e+003, 3.370789e+003,-1.298741e+003,-2.283888e+001,-8.459166e+001,-2.310350e+001, 0.000000e+000, 0.000000e+000, 0.000000e+000, 0.000000e+000
 8.930000e-002,-2.124292e+003, 3.361427e+003,-1.239311e+003,-2.385644e+001,-8.522481e+001,-2.100116e+001, 0.000000e+000, 0.000000e+000, 0.000000e+000, 0.000000e+000
 8.935000e-002,-2.173667e+003, 3.350704e+003,-1.179369e+003,-2.487156e+001,-8.583558e+001,-1.889701e+001, 0.000000e+000, 0.000000e+000, 0.000000e+000, 0.000000e+000
 8.940000e-002,-2.222477e+003, 3.338942e+003,-1.119095e+003,-2.588251e+001,-8.642271e+001,-1.679072e+001, 0.000000e+000, 0.000000e+000, 0.000000e+000, 0.000000e+000
 8.945000e-002,-2.270283e+003, 3.325846e+003,-1.058329e+003,-2.688938e+001,-8.698629e+001,-1.468353e+001, 0.000000e+000, 0.000000e+000, 0.000000e+000, 0.000000e+000
 8.950000e-002,-2.317515e+003, 3.311698e+003,-9.972988e+002,-2.789062e+001,-8.752493e+001,-1.257503e+001, 0.000000e+000, 0.000000e+000, 0.000000e+000, 0.000000e+000
 8.955000e-002,-2.363688e+003, 3.296250e+003,-9.357950e+002,-2.888607e+001,-8.803877e+001,-1.046647e+001, 0.000000e+000, 0.000000e+000, 0.000000e+000, 0.000000e+000
 8.960000e-002,-2.409271e+003, 3.279735e+003,-8.740956e+002,-2.987440e+001,-8.852632e+001,-8.357397e+000, 0.000000e+000, 0.000000e+000, 0.000000e+000, 0.000000e+000
 8.965000e-002,-2.453749e+003, 3.261956e+003,-8.119415e+002,-3.085518e+001,-8.898778e+001,-6.249039e+000, 0.000000e+000, 0.000000e+000, 0.000000e+000, 0.000000e+000
 8.970000e-002,-2.497615e+003, 3.243095e+003,-7.496613e+002,-3.182733e+001,-8.942157e+001,-4.140914e+000, 0.000000e+000, 0.000000e+000, 0.000000e+000, 0.000000e+000
 8.975000e-002,-2.540339e+003, 3.223011e+003,-6.869453e+002,-3.279017e+001,-8.982793e+001,-2.034246e+000, 0.000000e+000, 0.000000e+000, 0.000000e+000, 0.000000e+000
 8.980000e-002,-2.582422e+003, 3.201832e+003,-6.241730e+002,-3.374285e+001,-9.020524e+001, 7.145821e-002, 0.000000e+000, 0.000000e+000, 0.000000e+000, 0.000000e+000
 8.985000e-002,-2.623336e+003, 3.179470e+003,-5.609846e+002,-3.468443e+001,-9.055375e+001, 2.175009e+000, 0.000000e+000, 0.000000e+000, 0.000000e+000, 0.000000e+000
 8.990000e-002,-2.663573e+003, 3.156001e+003,-4.978093e+002,-3.561434e+001,-9.087182e+001, 4.276877e+000, 0.000000e+000, 0.000000e+000, 0.000000e+000, 0.000000e+000
 8.995000e-002,-2.702621e+003, 3.131394e+003,-4.342388e+002,-3.653138e+001,-9.115971e+001, 6.375924e+000, 0.000000e+000, 0.000000e+000, 0.000000e+000, 0.000000e+000
 9.000000e-002,-2.740951e+003, 3.105668e+003,-3.707497e+002,-3.743523e+001,-9.141577e+001, 8.472567e+000, 0.000000e+000, 0.000000e+000, 0.000000e+000, 0.000000e+000
 9.005000e-002,-2.778081e+003, 3.078851e+003,-3.068884e+002,-3.832447e+001,-9.164028e+001, 1.056574e+001, 0.000000e+000, 0.000000e+000, 0.000000e+000, 0.000000e+000
 9.010000e-002,-2.814447e+003, 3.050905e+003,-2.431745e+002,-3.919903e+001,-9.183163e+001, 1.265578e+001, 0.000000e+000, 0.000000e+000, 0.000000e+000, 0.000000e+000
 9.015000e-002,-2.849610e+003, 3.021914e+003,-1.791144e+002,-4.005729e+001,-9.199005e+001, 1.474171e+001, 0.000000e+000, 0.000000e+000, 0.000000e+000, 0.000000e+000
 9.020000e-002,-2.883956e+003, 2.991789e+003,-1.152648e+002,-4.089940e+001,-9.211403e+001, 1.682375e+001, 0.000000e+000, 0.000000e+000, 0.000000e+000, 0.000000e+000
 9.025000e-002,-2.917104e+003, 2.960665e+003,-5.109827e+001,-4.172358e+001,-9.220374e+001, 1.890104e+001, 0.000000e+000, 0.000000e+000, 0.000000e+000, 0.000000e+000
 9.030000e-002,-2.949379e+003, 2.928404e+003, 1.279834e+001,-4.253020e+001,-9.225779e+001, 2.097366e+001, 0.000000e+000, 0.000000e+000, 0.000000e+000, 0.000000e+000
 9.035000e-002,-2.980467e+003, 2.895190e+003, 7.697829e+001,-4.331734e+001,-9.227630e+001, 2.304087e+001, 0.000000e+000, 0.000000e+000, 0.000000e+000, 0.000000e+000
 9.040000e-002,-3.010624e+003, 2.860841e+003, 1.408334e+002,-4.408552e+001,-9.225799e+001, 2.510259e+001, 0.000000e+000, 0.000000e+000, 0.000000e+000, 0.000000e+000
 9.045000e-002,-3.039609e+003, 2.825582e+003, 2.049337e+002,-4.483278e+001,-9.220293e+001, 2.715824e+001, 0.000000e+000, 0.000000e+000, 0.000000e+000, 0.000000e+000
 9.050000e-002,-3.067602e+003, 2.789196e+003, 2.686593e+002,-4.555976e+001,-9.211002e+001, 2.920751e+001, 0.000000e+000, 0.000000e+000, 0.000000e+000, 0.000000e+000
 9.055000e-002,-3.094443e+003, 2.751942e+003, 3.325868e+002,-4.626448e+001,-9.197923e+001, 3.125001e+001, 0.000000e+000, 0.000000e+000, 0.000000e+000, 0.000000e+000
 9.060000e-002,-3.120233e+003, 2.713573e+003, 3.960952e+002,-4.694764e+001,-9.180967e+001, 3.328522e+001, 0.000000e+000, 0.000000e+000, 0.000000e+000, 0.000000e+000
 9.065000e-002,-3.144890e+003, 2.674375e+003, 4.597568e+002,-4.760733e+001,-9.160123e+001, 3.531289e+001, 0.000000e+000, 0.000000e+000, 0.000000e+000, 0.000000e+000
 9.070000e-002,-3.168440e+003, 2.634080e+003, 5.229609e+002,-4.824428e+001,-9.135320e+001, 3.733231e+001, 0.000000e+000, 0.000000e+000, 0.000000e+000, 0.000000e+000
 9.075000e-002,-3.190878e+003, 2.592991e+003, 5.862640e+002,-4.885667e+001,-9.106541e+001, 3.934340e+001, 0.000000e+000, 0.000000e+000, 0.000000e+000, 0.000000e+000
 9.080000e-002,-3.212155e+003, 2.550830e+003, 6.490772e+002,-4.944521e+001,-9.073739e+001, 4.134520e+001, 0.000000e+000, 0.000000e+000, 0.000000e+000, 0.000000e+000
 9.085000e-002,-3.232340e+003, 2.507908e+003, 7.119295e+002,-5.000824e+001,-9.036887e+001, 4.333780e+001, 0.000000e+000, 0.000000e+000, 0.000000e+000, 0.000000e+000
 9.090000e-002,-3.251315e+003, 2.463944e+003, 7.742659e+002,-5.054639e+001,-8.995961e+001, 4.532002e+001, 0.000000e+000, 0.000000e+000, 0.000000e+000, 0.000000e+000
 9.095000e-002,-3.269215e+003, 2.419248e+003, 8.365760e+002,-5.105824e+001,-8.950929e+001, 4.729213e+001, 0.000000e+000, 0.000000e+000, 0.000000e+000, 0.000000e+000
 9.100000e-002,-3.285863e+003, 2.373546e+003, 8.983501e+002,-5.154430e+001,-8.901790e+001, 4.925272e+001, 0.000000e+000, 0.000000e+000, 0.000000e+000, 0.000000e+000
 9.105000e-002,-3.301449e+003, 2.327139e+003, 9.600276e+002,-5.200339e+001,-8.848505e+001, 5.120218e+001, 0.000000e+000, 0.000000e+000, 0.000000e+000, 0.000000e+000
 9.110000e-002,-3.315748e+003, 2.279768e+003, 1.021155e+003,-5.243590e+001,-8.791096e+001, 5.313893e+001, 0.000000e+000, 0.000000e+000, 0.000000e+000, 0.000000e+000
 9.115000e-002,-3.328995e+003, 2.231715e+003, 1.082110e+003,-5.284091e+001,-8.729523e+001, 5.506349e+001, 0.000000e+000, 0.000000e+000, 0.000000e+000, 0.000000e+000
 9.120000e-002,-3.340927e+003, 2.182743e+003, 1.142506e+003,-5.321868e+001,-8.663830e+001, 5.697408e+001, 0.000000e+000, 0.000000e+000, 0.000000e+000, 0.000000e+000
 9.125000e-002,-3.351812e+003, 2.133111e+003, 1.202652e+003,-5.356857e+001,-8.593970e+001, 5.887132e+001, 0.000000e+000, 0.000000e+000, 0.000000e+000, 0.000000e+000
 9.130000e-002,-3.361364e+003, 2.082613e+003, 1.262233e+003,-5.389068e+001,-8.520013e+001, 6.075328e+001, 0.000000e+000, 0.000000e+000, 0.000000e+000, 0.000000e+000
 9.135000e-002,-3.369866e+003, 2.031472e+003, 1.321482e+003,-5.418468e+001,-8.441913e+001, 6.262068e+001, 0.000000e+000, 0.000000e+000, 0.000000e+000, 0.000000e+000
 9.140000e-002,-3.377026e+003, 1.979520e+003, 1.380166e+003,-5.445050e+001,-8.359756e+001, 6.447144e+001, 0.000000e+000, 0.000000e+000, 0.000000e+000, 0.000000e+000
 9.145000e-002,-3.383130e+003, 1.926943e+003, 1.438434e+003,-5.468812e+001,-8.273498e+001, 6.630634e+001, 0.000000e+000, 0.000000e+000, 0.000000e+000, 0.000000e+000
 9.150000e-002,-3.387891e+003, 1.873615e+003, 1.496139e+003,-5.489730e+001,-8.183245e+001, 6.812321e+001, 0.000000e+000, 0.000000e+000, 0.000000e+000, 0.000000e+000
 9.155000e-002,-3.391584e+003, 1.819676e+003, 1.553343e+003,-5.507833e+001,-8.088957e+001, 6.992284e+001, 0.000000e+000, 0.000000e+000, 0.000000e+000, 0.000000e+000
 9.160000e-002,-3.393942e+003, 1.765048e+003, 1.609988e+003,-5.523083e+001,-7.990755e+001, 7.170301e+001, 0.000000e+000, 0.000000e+000, 0.000000e+000, 0.000000e+000
 9.165000e-002,-3.395215e+003, 1.709826e+003, 1.666047e+003,-5.535534e+001,-7.888606e+001, 7.346449e+001, 0.000000e+000, 0.000000e+000, 0.000000e+000, 0.000000e+000
 9.170000e-002,-3.395167e+003, 1.653978e+003, 1.721552e+003,-5.545137e+001,-7.782643e+001, 7.520505e+001, 0.000000e+000, 0.000000e+000, 0.000000e+000, 0.000000e+000
 9.175000e-002,-3.394016e+003, 1.597551e+003, 1.776386e+003,-5.551971e+001,-7.672843e+001, 7.692542e+001, 0.000000e+000, 0.000000e+000, 0.000000e+000, 0.000000e+000
 9.180000e-002,-3.391564e+003, 1.540563e+003, 1.830673e+003,-5.555978e+001,-7.559349e+001, 7.862336e+001, 0.000000e+000, 0.000000e+000, 0.000000e+000, 0.000000e+000
 9.185000e-002,-3.387987e+003, 1.483013e+003, 1.884207e+003,-5.557259e+001,-7.442148e+001, 8.029956e+001, 0.000000e+000, 0.000000e+000, 0.000000e+000, 0.000000e+000
 9.190000e-002,-3.383136e+003, 1.424966e+003, 1.937197e+003,-5.555749e+001,-7.321391e+001, 8.195182e+001, 0.000000e+000, 0.000000e+000, 0.000000e+000, 0.000000e+000
 9.195000e-002,-3.377136e+003, 1.366377e+003, 1.989355e+003,-5.551564e+001,-7.197079e+001, 8.358073e+001, 0.000000e+000, 0.000000e+000, 0.000000e+000, 0.000000e+000
 9.200000e-002,-3.369893e+003, 1.307355e+003, 2.040973e+003,-5.544641e+001,-7.069366e+001, 8.518418e+001, 0.000000e+000, 0.000000e+000, 0.000000e+000, 0.000000e+000
 9.205000e-002,-3.361478e+003, 1.247811e+003, 2.091685e+003,-5.535107e+001,-6.938270e+001, 8.676263e+001, 0.000000e+000, 0.000000e+000, 0.000000e+000, 0.000000e+000
 9.210000e-002,-3.351852e+003, 1.187897e+003, 2.141855e+003,-5.522902e+001,-6.803945e+001, 8.831409e+001, 0.000000e+000, 0.000000e+000, 0.000000e+000, 0.000000e+000
 9.215000e-002,-3.341033e+003, 1.127485e+003, 2.191050e+003,-5.508157e+001,-6.666424e+001, 8.983885e+001, 0.000000e+000, 0.000000e+000, 0.000000e+000, 0.000000e+000
 9.220000e-002,-3.329038e+003, 1.066765e+003, 2.239699e+003,-5.490823e+001,-6.525861e+001, 9.133512e+001, 0.000000e+000, 0.000000e+000, 0.000000e+000, 0.000000e+000
 9.225000e-002,-3.315831e+003, 1.005573e+003, 2.287310e+003,-5.471031e+001,-6.382308e+001, 9.280299e+001, 0.000000e+000, 0.000000e+000, 0.000000e+000, 0.000000e+000
 9.230000e-002,-3.301481e+003, 9.441308e+002, 2.334367e+003,-5.448744e+001,-6.235915e+001, 9.424084e+001, 0.000000e+000, 0.000000e+000, 0.000000e+000, 0.000000e+000
 9.235000e-002,-3.285906e+003, 8.822480e+002, 2.380330e+003,-5.424089e+001,-6.086748e+001, 9.564859e+001, 0.000000e+000, 0.000000e+000, 0.000000e+000, 0.000000e+000
 9.240000e-002,-3.269220e+003, 8.201713e+002, 2.425726e+003,-5.397046e+001,-5.934955e+001, 9.702481e+001, 0.000000e+000, 0.000000e+000, 0.000000e+000, 0.000000e+000
 9.245000e-002,-3.251299e+003, 7.576878e+002, 2.469978e+003,-5.367731e+001,-5.780619e+001, 9.836923e+001, 0.000000e+000, 0.000000e+000, 0.000000e+000, 0.000000e+000
 9.250000e-002,-3.232299e+003, 6.950632e+002, 2.513645e+003,-5.336147e+001,-5.623882e+001, 9.968064e+001, 0.000000e+000, 0.000000e+000, 0.000000e+000, 0.000000e+000
 9.255000e-002,-3.212060e+003, 6.320700e+002, 2.556126e+003,-5.302394e+001,-5.464841e+001, 1.009586e+002, 0.000000e+000, 0.000000e+000, 0.000000e+000, 0.000000e+000
 9.260000e-002,-3.190769e+003, 5.689852e+002, 2.598000e+003,-5.266498e+001,-5.303631e+001, 1.022020e+002, 0.000000e+000, 0.000000e+000, 0.000000e+000, 0.000000e+000
 9.265000e-002,-3.168244e+003, 5.055738e+002, 2.638653e+003,-5.228544e+001,-5.140366e+001, 1.034103e+002, 0.000000e+000, 0.000000e+000, 0.000000e+000, 0.000000e+000
 9.270000e-002,-3.144688e+003, 4.421169e+002, 2.678671e+003,-5.188581e+001,-4.975169e+001, 1.045827e+002, 0.000000e+000, 0.000000e+000, 0.000000e+000, 0.000000e+000
 9.275000e-002,-3.119913e+003, 3.783792e+002, 2.717442e+003,-5.146675e+001,-4.808171e+001, 1.057184e+002, 0.000000e+000, 0.000000e+000, 0.000000e+000, 0.000000e+000
 9.280000e-002,-3.094123e+003, 3.146389e+002, 2.755544e+003,-5.102899e+001,-4.639484e+001, 1.068168e+002, 0.000000e+000, 0.000000e+000, 0.000000e+000, 0.000000e+000
 9.285000e-002,-3.067135e+003, 2.506672e+002, 2.792381e+003,-5.057301e+001,-4.469251e+001, 1.078768e+002, 0.000000e+000, 0.000000e+000, 0.000000e+000, 0.000000e+000
 9.290000e-002,-3.039145e+003, 1.867325e+002, 2.828511e+003,-5.009976e+001,-4.297576e+001, 1.088982e+002, 0.000000e+000, 0.000000e+000, 0.000000e+000, 0.000000e+000
 9.295000e-002,-3.009985e+003, 1.226188e+002, 2.863363e+003,-4.960952e+001,-4.124609e+001, 1.098798e+002, 0.000000e+000, 0.000000e+000, 0.000000e+000, 0.000000e+000
 9.300000e-002,-2.979830e+003, 5.857924e+001, 2.897466e+003,-4.910347e+001,-3.950446e+001, 1.108215e+002, 0.000000e+000, 0.000000e+000, 0.000000e+000, 0.000000e+000
 9.305000e-002,-2.948544e+003,-5.584393e+000, 2.930286e+003,-4.858169e+001,-3.775245e+001, 1.117220e+002, 0.000000e+000, 0.000000e+000, 0.000000e+000, 0.000000e+000
 9.310000e-002,-2.916265e+003,-6.963931e+001, 2.962313e+003,-4.804555e+001,-3.599092e+001, 1.125813e+002, 0.000000e+000, 0.000000e+000, 0.000000e+000, 0.000000e+000
 9.315000e-002,-2.882900e+003,-1.337611e+002, 2.993056e+003,-4.749495e+001,-3.422149e+001, 1.133980e+002, 0.000000e+000, 0.000000e+000, 0.000000e+000, 0.000000e+000
 9.320000e-002,-2.848541e+003,-1.977416e+002, 3.022958e+003,-4.693144e+001,-3.244494e+001, 1.141725e+002, 0.000000e+000, 0.000000e+000, 0.000000e+000, 0.000000e+000
 9.325000e-002,-2.813146e+003,-2.617304e+002, 3.051583e+003,-4.635474e+001,-3.066293e+001, 1.149031e+002, 0.000000e+000, 0.000000e+000, 0.000000e+000, 0.000000e+000
 9.330000e-002,-2.776753e+003,-3.255466e+002, 3.079317e+003,-4.576653e+001,-2.887613e+001, 1.155902e+002, 0.000000e+000, 0.000000e+000, 0.000000e+000, 0.000000e+000
 9.335000e-002,-2.739381e+003,-3.893116e+002, 3.105783e+003,-4.516640e+001,-2.708620e+001, 1.162325e+002, 0.000000e+000, 0.000000e+000, 0.000000e+000, 0.000000e+000
 9.340000e-002,-2.701005e+003,-4.528738e+002, 3.131308e+003,-4.455612e+001,-2.529376e+001, 1.168303e+002, 0.000000e+000, 0.000000e+000, 0.000000e+000, 0.000000e+000
 9.345000e-002,-2.661711e+003,-5.163251e+002, 3.155578e+003,-4.393517e+001,-2.350042e+001, 1.173821e+002, 0.000000e+000, 0.000000e+000, 0.000000e+000, 0.000000e+000
 9.350000e-002,-2.621406e+003,-5.795438e+002, 3.178857e+003,-4.330534e+001,-2.170675e+001, 1.178886e+002, 0.000000e+000, 0.000000e+000, 0.000000e+000, 0.000000e+000
 9.355000e-002,-2.580247e+003,-6.425922e+002, 3.200897e+003,-4.266608e+001,-1.991428e+001, 1.183482e+002, 0.000000e+000, 0.000000e+000, 0.000000e+000, 0.000000e+000
 9.360000e-002,-2.538071e+003,-7.053779e+002, 3.221896e+003,-4.201912e+001,-1.812355e+001, 1.187616e+002, 0.000000e+000, 0.000000e+000, 0.000000e+000, 0.000000e+000
 9.365000e-002,-2.495105e+003,-7.679354e+002, 3.241674e+003,-4.136392e+001,-1.633601e+001, 1.191274e+002, 0.000000e+000, 0.000000e+000, 0.000000e+000, 0.000000e+000
 9.370000e-002,-2.451120e+003,-8.301993e+002, 3.260364e+003,-4.070213e+001,-1.455215e+001, 1.194462e+002, 0.000000e+000, 0.000000e+000, 0.000000e+000, 0.000000e+000
 9.375000e-002,-2.406407e+003,-8.921784e+002, 3.277851e+003,-4.003320e+001,-1.277330e+001, 1.197167e+002, 0.000000e+000, 0.000000e+000, 0.000000e+000, 0.000000e+000
 9.380000e-002,-2.360677e+003,-9.538323e+002, 3.294205e+003,-3.935869e+001,-1.099996e+001, 1.199397e+002, 0.000000e+000, 0.000000e+000, 0.000000e+000, 0.000000e+000
 9.385000e-002,-2.314281e+003,-1.015147e+003, 3.309375e+003,-3.867811e+001,-9.233321e+000, 1.201138e+002, 0.000000e+000, 0.000000e+000, 0.000000e+000, 0.000000e+000
 9.390000e-002,-2.266873e+003,-1.076103e+003, 3.323372e+003,-3.799281e+001,-7.473854e+000, 1.202399e+002, 0.000000e+000, 0.000000e+000, 0.000000e+000, 0.000000e+000
 9.395000e-002,-2.218858e+003,-1.136669e+003, 3.336199e+003,-3.730243e+001,-5.722608e+000, 1.203168e+002, 0.000000e+000, 0.000000e+000, 0.000000e+000, 0.000000e+000
 9.400000e-002,-2.169843e+003,-1.196841e+003, 3.347820e+003,-3.660808e+001,-3.980058e+000, 1.203452e+002, 0.000000e+000, 0.000000e+000, 0.000000e+000, 0.000000e+000
 9.405000e-002,-2.120276e+003,-1.256573e+003, 3.358286e+003,-3.590955e+001,-2.247097e+000, 1.203243e+002, 0.000000e+000, 0.000000e+000, 0.000000e+000, 0.000000e+000
 9.410000e-002,-2.069727e+003,-1.315875e+003, 3.367516e+003,-3.520768e+001,-5.241969e-001, 1.202545e+002, 0.000000e+000, 0.000000e+000, 0.000000e+000, 0.000000e+000
 9.415000e-002,-2.018677e+003,-1.374691e+003, 3.375602e+003,-3.450241e+001, 1.187909e+000, 1.201354e+002, 0.000000e+000, 0.000000e+000, 0.000000e+000, 0.000000e+000
 9.420000e-002,-1.966670e+003,-1.433039e+003, 3.382429e+003,-3.379432e+001, 2.888746e+000, 1.199673e+002, 0.000000e+000, 0.000000e+000, 0.000000e+000, 0.000000e+000
 9.425000e-002,-1.914206e+003,-1.490857e+003, 3.388121e+003,-3.308351e+001, 4.577741e+000, 1.197499e+002, 0.000000e+000, 0.000000e+000, 0.000000e+000, 0.000000e+000
 9.430000e-002,-1.860819e+003,-1.548168e+003, 3.392538e+003,-3.237025e+001, 6.254418e+000, 1.194836e+002, 0.000000e+000, 0.000000e+000, 0.000000e+000, 0.000000e+000
 9.435000e-002,-1.807013e+003,-1.604910e+003, 3.395826e+003,-3.165483e+001, 7.918360e+000, 1.191681e+002, 0.000000e+000, 0.000000e+000, 0.000000e+000, 0.000000e+000
 9.440000e-002,-1.752327e+003,-1.661102e+003, 3.397828e+003,-3.093723e+001, 9.569095e+000, 1.188039e+002, 0.000000e+000, 0.000000e+000, 0.000000e+000, 0.000000e+000
 9.445000e-002,-1.697254e+003,-1.716687e+003, 3.398702e+003,-3.021790e+001, 1.120635e+001, 1.183909e+002, 0.000000e+000, 0.000000e+000, 0.000000e+000, 0.000000e+000
 9.450000e-002,-1.641350e+003,-1.771681e+003, 3.398289e+003,-2.949654e+001, 1.282965e+001, 1.179294e+002, 0.000000e+000, 0.000000e+000, 0.000000e+000, 0.000000e+000
 9.455000e-002,-1.585085e+003,-1.826033e+003, 3.396747e+003,-2.877374e+001, 1.443887e+001, 1.174198e+002, 0.000000e+000, 0.000000e+000, 0.000000e+000, 0.000000e+000
 9.460000e-002,-1.528047e+003,-1.879750e+003, 3.393920e+003,-2.804895e+001, 1.603356e+001, 1.168620e+002, 0.000000e+000, 0.000000e+000, 0.000000e+000, 0.000000e+000
 9.465000e-002,-1.470669e+003,-1.932793e+003, 3.389960e+003,-2.732290e+001, 1.761368e+001, 1.162567e+002, 0.000000e+000, 0.000000e+000, 0.000000e+000, 0.000000e+000
 9.470000e-002,-1.412581e+003,-1.985158e+003, 3.384726e+003,-2.659479e+001, 1.917882e+001, 1.156040e+002, 0.000000e+000, 0.000000e+000, 0.000000e+000, 0.000000e+000
 9.475000e-002,-1.354170e+003,-2.036818e+003, 3.378351e+003,-2.586547e+001, 2.072904e+001, 1.149044e+002, 0.000000e+000, 0.000000e+000, 0.000000e+000, 0.000000e+000
 9.480000e-002,-1.295118e+003,-2.087756e+003, 3.370718e+003,-2.513391e+001, 2.226396e+001, 1.141582e+002, 0.000000e+000, 0.000000e+000, 0.000000e+000, 0.000000e+000
 9.485000e-002,-1.235754e+003,-2.137960e+003, 3.361935e+003,-2.440107e+001, 2.378371e+001, 1.133661e+002, 0.000000e+000, 0.000000e+000, 0.000000e+000, 0.000000e+000
 9.490000e-002,-1.175825e+003,-2.187400e+003, 3.351915e+003,-2.366575e+001, 2.528797e+001, 1.125282e+002, 0.000000e+000, 0.000000e+000, 0.000000e+000, 0.000000e+000
 9.495000e-002,-1.115594e+003,-2.236078e+003, 3.340734e+003,-2.292895e+001, 2.677691e+001, 1.116455e+002, 0.000000e+000, 0.000000e+000, 0.000000e+000, 0.000000e+000
 9.500000e-002,-1.054873e+003,-2.283951e+003, 3.328344e+003,-2.218936e+001, 2.825027e+001, 1.107180e+002, 0.000000e+000, 0.000000e+000, 0.000000e+000, 0.000000e+000
 9.505000e-002,-9.938597e+002,-2.331032e+003, 3.314779e+003,-2.144797e+001, 2.970824e+001, 1.097470e+002, 0.000000e+000, 0.000000e+000, 0.000000e+000, 0.000000e+000
 9.510000e-002,-9.324355e+002,-2.377271e+003, 3.300035e+003,-2.070341e+001, 3.115065e+001, 1.087322e+002, 0.000000e+000, 0.000000e+000, 0.000000e+000, 0.000000e+000
 9.515000e-002,-8.707271e+002,-2.422689e+003, 3.284104e+003,-1.995665e+001, 3.257766e+001, 1.076753e+002, 0.000000e+000, 0.000000e+000, 0.000000e+000, 0.000000e+000
 9.520000e-002,-8.086869e+002,-2.467229e+003, 3.267028e+003,-1.920630e+001, 3.398921e+001, 1.065759e+002, 0.000000e+000, 0.000000e+000, 0.000000e+000, 0.000000e+000
 9.525000e-002,-7.463722e+002,-2.510919e+003, 3.248753e+003,-1.845326e+001, 3.538542e+001, 1.054357e+002, 0.000000e+000, 0.000000e+000, 0.000000e+000, 0.000000e+000
 9.530000e-002,-6.838037e+002,-2.553698e+003, 3.229369e+003,-1.769616e+001, 3.676633e+001, 1.042546e+002, 0.000000e+000, 0.000000e+000, 0.000000e+000, 0.000000e+000
 9.535000e-002,-6.209727e+002,-2.595597e+003, 3.208776e+003,-1.693582e+001, 3.813201e+001, 1.030340e+002, 0.000000e+000, 0.000000e+000, 0.000000e+000, 0.000000e+000
 9.540000e-002,-5.579638e+002,-2.636556e+003, 3.187111e+003,-1.617095e+001, 3.948259e+001, 1.017741e+002, 0.000000e+000, 0.000000e+000, 0.000000e+000, 0.000000e+000
 9.545000e-002,-4.947079e+002,-2.676603e+003, 3.164229e+003,-1.540222e+001, 4.081809e+001, 1.004764e+002, 0.000000e+000, 0.000000e+000, 0.000000e+000, 0.000000e+000
 9.550000e-002,-4.313463e+002,-2.715685e+003, 3.140313e+003,-1.462848e+001, 4.213875e+001, 9.914103e+001, 0.000000e+000, 0.000000e+000, 0.000000e+000, 0.000000e+000
 9.555000e-002,-3.677575e+002,-2.753822e+003, 3.115175e+003,-1.385024e+001, 4.344448e+001, 9.776944e+001, 0.000000e+000, 0.000000e+000, 0.000000e+000, 0.000000e+000
 9.560000e-002,-3.041313e+002,-2.790972e+003, 3.089041e+003,-1.306649e+001, 4.473564e+001, 9.636190e+001, 0.000000e+000, 0.000000e+000, 0.000000e+000, 0.000000e+000
 9.565000e-002,-2.403024e+002,-2.827144e+003, 3.061684e+003,-1.227761e+001, 4.601205e+001, 9.491989e+001, 0.000000e+000, 0.000000e+000, 0.000000e+000, 0.000000e+000
 9.570000e-002,-1.764993e+002,-2.862312e+003, 3.033366e+003,-1.148276e+001, 4.727416e+001, 9.344376e+001, 0.000000e+000, 0.000000e+000, 0.000000e+000, 0.000000e+000
 9.575000e-002,-1.125237e+002,-2.896464e+003, 3.003831e+003,-1.068213e+001, 4.852170e+001, 9.193491e+001, 0.000000e+000, 0.000000e+000, 0.000000e+000, 0.000000e+000
 9.580000e-002,-4.863156e+001,-2.929601e+003, 2.973369e+003,-9.875096e+000, 4.975522e+001, 9.039384e+001, 0.000000e+000, 0.000000e+000, 0.000000e+000, 0.000000e+000
 9.585000e-002, 1.539745e+001,-2.961684e+003, 2.941699e+003,-9.061683e+000, 5.097433e+001, 8.882184e+001, 0.000000e+000, 0.000000e+000, 0.000000e+000, 0.000000e+000
 9.590000e-002, 7.929069e+001,-2.992743e+003, 2.909134e+003,-8.241463e+000, 5.217966e+001, 8.721957e+001, 0.000000e+000, 0.000000e+000, 0.000000e+000, 0.000000e+000
 9.595000e-002, 1.432798e+002,-3.022710e+003, 2.875376e+003,-7.414315e+000, 5.337074e+001, 8.558819e+001, 0.000000e+000, 0.000000e+000, 0.000000e+000, 0.000000e+000
 9.600000e-002, 2.070862e+002,-3.051649e+003, 2.840752e+003,-6.580017e+000, 5.454824e+001, 8.392853e+001, 0.000000e+000, 0.000000e+000, 0.000000e+000, 0.000000e+000
 9.605000e-002, 2.709426e+002,-3.079456e+003, 2.804958e+003,-5.738315e+000, 5.571161e+001, 8.224158e+001, 0.000000e+000, 0.000000e+000, 0.000000e+000, 0.000000e+000
 9.610000e-002, 3.345742e+002,-3.106234e+003, 2.768321e+003,-4.889182e+000, 5.686158e+001, 8.052837e+001, 0.000000e+000, 0.000000e+000, 0.000000e+000, 0.000000e+000
 9.615000e-002, 3.982055e+002,-3.131839e+003, 2.730543e+003,-4.032258e+000, 5.799749e+001, 7.878970e+001, 0.000000e+000, 0.000000e+000, 0.000000e+000, 0.000000e+000
 9.620000e-002, 4.615745e+002,-3.156418e+003, 2.691945e+003,-3.167696e+000, 5.912011e+001, 7.702675e+001, 0.000000e+000, 0.000000e+000, 0.000000e+000, 0.000000e+000
 9.625000e-002, 5.248892e+002,-3.179784e+003, 2.652240e+003,-2.295066e+000, 6.022871e+001, 7.524020e+001, 0.000000e+000, 0.000000e+000, 0.000000e+000, 0.000000e+000
 9.630000e-002, 5.879074e+002,-3.202129e+003, 2.611733e+003,-1.414674e+000, 6.132405e+001, 7.343135e+001, 0.000000e+000, 0.000000e+000, 0.000000e+000, 0.000000e+000
 9.635000e-002, 6.508152e+002,-3.223222e+003, 2.570159e+003,-5.260597e-001, 6.240536e+001, 7.160072e+001, 0.000000e+000, 0.000000e+000, 0.000000e+000, 0.000000e+000
 9.640000e-002, 7.133947e+002,-3.243301e+003, 2.527799e+003, 3.703515e-001, 6.347336e+001, 6.974974e+001, 0.000000e+000, 0.000000e+000, 0.000000e+000, 0.000000e+000
 9.645000e-002, 7.758063e+002,-3.262091e+003, 2.484418e+003, 1.275003e+000, 6.452726e+001, 6.787878e+001, 0.000000e+000, 0.000000e+000, 0.000000e+000, 0.000000e+000
 9.650000e-002, 8.378594e+002,-3.279874e+003, 2.440264e+003, 2.187386e+000, 6.556773e+001, 6.598937e+001, 0.000000e+000, 0.000000e+000, 0.000000e+000, 0.000000e+000
 9.655000e-002, 8.996870e+002,-3.296333e+003, 2.395141e+003, 3.107883e+000, 6.659395e+001, 6.408174e+001, 0.000000e+000, 0.000000e+000, 0.000000e+000, 0.000000e+000
 9.660000e-002, 9.611259e+002,-3.311794e+003, 2.349254e+003, 4.035941e+000, 6.760651e+001, 6.215752e+001, 0.000000e+000, 0.000000e+000, 0.000000e+000, 0.000000e+000
 9.665000e-002, 1.022283e+003,-3.325899e+003, 2.302454e+003, 4.971837e+000, 6.860462e+001, 6.021680e+001, 0.000000e+000, 0.000000e+000, 0.000000e+000, 0.000000e+000
 9.670000e-002, 1.083021e+003,-3.339014e+003, 2.254899e+003, 5.915009e+000, 6.958875e+001, 5.826126e+001, 0.000000e+000, 0.000000e+000, 0.000000e+000, 0.000000e+000
 9.675000e-002, 1.143423e+003,-3.350745e+003, 2.206490e+003, 6.865590e+000, 7.055813e+001, 5.629089e+001, 0.000000e+000, 0.000000e+000, 0.000000e+000, 0.000000e+000
 9.680000e-002, 1.203372e+003,-3.361493e+003, 2.157336e+003, 7.823045e+000, 7.151311e+001, 5.430740e+001, 0.000000e+000, 0.000000e+000, 0.000000e+000, 0.000000e+000
 9.685000e-002, 1.262936e+003,-3.370835e+003, 2.107388e+003, 8.787326e+000, 7.245296e+001, 5.231070e+001, 0.000000e+000, 0.000000e+000, 0.000000e+000, 0.000000e+000
 9.690000e-002, 1.322010e+003,-3.379198e+003, 2.056703e+003, 9.757957e+000, 7.337788e+001, 5.030249e+001, 0.000000e+000, 0.000000e+000, 0.000000e+000, 0.000000e+000
 9.695000e-002, 1.380654e+003,-3.386137e+003, 2.005289e+003, 1.073468e+001, 7.428723e+001, 4.828262e+001, 0.000000e+000, 0.000000e+000, 0.000000e+000, 0.000000e+000
 9.700000e-002, 1.438769e+003,-3.392102e+003, 1.953146e+003, 1.171711e+001, 7.518099e+001, 4.625275e+001, 0.000000e+000, 0.000000e+000, 0.000000e+000, 0.000000e+000
 9.705000e-002, 1.496413e+003,-3.396630e+003, 1.900339e+003, 1.270474e+001, 7.605863e+001, 4.421272e+001, 0.000000e+000, 0.000000e+000, 0.000000e+000, 0.000000e+000
 9.710000e-002, 1.553484e+003,-3.400185e+003, 1.846814e+003, 1.369731e+001, 7.691994e+001, 4.216412e+001, 0.000000e+000, 0.000000e+000, 0.000000e+000, 0.000000e+000
 9.715000e-002, 1.610050e+003,-3.402295e+003, 1.792689e+003, 1.469407e+001, 7.776449e+001, 4.010675e+001, 0.000000e+000, 0.000000e+000, 0.000000e+000, 0.000000e+000
 9.720000e-002, 1.665994e+003,-3.403432e+003, 1.737859e+003, 1.569487e+001, 7.859187e+001, 3.804214e+001, 0.000000e+000, 0.000000e+000, 0.000000e+000, 0.000000e+000
 9.725000e-002, 1.721405e+003,-3.403125e+003, 1.682493e+003, 1.669872e+001, 7.940173e+001, 3.597012e+001, 0.000000e+000, 0.000000e+000, 0.000000e+000, 0.000000e+000
 9.730000e-002, 1.776140e+003,-3.401838e+003, 1.626437e+003, 1.770557e+001, 8.019347e+001, 3.389209e+001, 0.000000e+000, 0.000000e+000, 0.000000e+000, 0.000000e+000
 9.735000e-002, 1.830321e+003,-3.399114e+003, 1.569909e+003, 1.871422e+001, 8.096686e+001, 3.180790e+001, 0.000000e+000, 0.000000e+000, 0.000000e+000, 0.000000e+000
 9.740000e-002, 1.883769e+003,-3.395403e+003, 1.512710e+003, 1.972474e+001, 8.172109e+001, 2.971884e+001, 0.000000e+000, 0.000000e+000, 0.000000e+000, 0.000000e+000
 9.745000e-002, 1.936646e+003,-3.390267e+003, 1.455098e+003, 2.073569e+001, 8.245603e+001, 2.762482e+001, 0.000000e+000, 0.000000e+000, 0.000000e+000, 0.000000e+000
 9.750000e-002, 1.988728e+003,-3.384135e+003, 1.396838e+003, 2.174725e+001, 8.317069e+001, 2.552698e+001, 0.000000e+000, 0.000000e+000, 0.000000e+000, 0.000000e+000
 9.755000e-002, 2.040229e+003,-3.376595e+003, 1.338224e+003, 2.275781e+001, 8.386503e+001, 2.342530e+001, 0.000000e+000, 0.000000e+000, 0.000000e+000, 0.000000e+000
 9.760000e-002, 2.090870e+003,-3.368048e+003, 1.278990e+003, 2.376761e+001, 8.453787e+001, 2.132076e+001, 0.000000e+000, 0.000000e+000, 0.000000e+000, 0.000000e+000
 9.765000e-002, 2.140924e+003,-3.358116e+003, 1.219456e+003, 2.477489e+001, 8.518928e+001, 1.921342e+001, 0.000000e+000, 0.000000e+000, 0.000000e+000, 0.000000e+000
 9.770000e-002, 2.190052e+003,-3.347162e+003, 1.159332e+003, 2.577995e+001, 8.581791e+001, 1.710413e+001, 0.000000e+000, 0.000000e+000, 0.000000e+000, 0.000000e+000
 9.775000e-002, 2.238590e+003,-3.334854e+003, 1.098962e+003, 2.678093e+001, 8.642390e+001, 1.499303e+001, 0.000000e+000, 0.000000e+000, 0.000000e+000, 0.000000e+000
 9.780000e-002, 2.286134e+003,-3.321508e+003, 1.038037e+003, 2.777813e+001, 8.700577e+001, 1.288079e+001, 0.000000e+000, 0.000000e+000, 0.000000e+000, 0.000000e+000
 9.785000e-002, 2.333087e+003,-3.306840e+003, 9.769147e+002, 2.876964e+001, 8.756371e+001, 1.076766e+001, 0.000000e+000, 0.000000e+000, 0.000000e+000, 0.000000e+000
 9.790000e-002, 2.378980e+003,-3.291118e+003, 9.152772e+002, 2.975576e+001, 8.809616e+001, 8.654172e+000, 0.000000e+000, 0.000000e+000, 0.000000e+000, 0.000000e+000
 9.795000e-002, 2.424283e+003,-3.274113e+003, 8.534887e+002, 3.073455e+001, 8.860333e+001, 6.540661e+000, 0.000000e+000, 0.000000e+000, 0.000000e+000, 0.000000e+000
 9.800000e-002, 2.468461e+003,-3.256037e+003, 7.912280e+002, 3.170625e+001, 8.908358e+001, 4.427521e+000, 0.000000e+000, 0.000000e+000, 0.000000e+000, 0.000000e+000
 9.805000e-002, 2.512047e+003,-3.236718e+003, 7.288600e+002, 3.266901e+001, 8.953715e+001, 2.315172e+000, 0.000000e+000, 0.000000e+000, 0.000000e+000, 0.000000e+000
 9.810000e-002, 2.554449e+003,-3.216312e+003, 6.660661e+002, 3.362294e+001, 8.996235e+001, 2.038962e-001, 0.000000e+000, 0.000000e+000, 0.000000e+000, 0.000000e+000
 9.815000e-002, 2.596256e+003,-3.194706e+003, 6.032064e+002, 3.456628e+001, 9.035943e+001,-1.905815e+000, 0.000000e+000, 0.000000e+000, 0.000000e+000, 0.000000e+000
 9.820000e-002, 2.636823e+003,-3.172000e+003, 5.399698e+002, 3.549904e+001, 9.072668e+001,-4.013772e+000, 0.000000e+000, 0.000000e+000, 0.000000e+000, 0.000000e+000
 9.825000e-002, 2.676790e+003,-3.148137e+003, 4.767068e+002, 3.641961e+001, 9.106435e+001,-6.119423e+000, 0.000000e+000, 0.000000e+000, 0.000000e+000, 0.000000e+000
 9.830000e-002, 2.715466e+003,-3.123162e+003, 4.131183e+002, 3.732781e+001, 9.137073e+001,-8.222648e+000, 0.000000e+000, 0.000000e+000, 0.000000e+000, 0.000000e+000
 9.835000e-002, 2.753533e+003,-3.097076e+003, 3.495414e+002, 3.822225e+001, 9.164606e+001,-1.032285e+001, 0.000000e+000, 0.000000e+000, 0.000000e+000, 0.000000e+000
 9.840000e-002, 2.790268e+003,-3.069868e+003, 2.856918e+002, 3.910254e+001, 9.188867e+001,-1.241994e+001, 0.000000e+000, 0.000000e+000, 0.000000e+000, 0.000000e+000
 9.845000e-002, 2.826377e+003,-3.041595e+003, 2.218909e+002, 3.996756e+001, 9.209876e+001,-1.451331e+001, 0.000000e+000, 0.000000e+000, 0.000000e+000, 0.000000e+000
 9.850000e-002, 2.861121e+003,-3.012193e+003, 1.578713e+002, 4.081665e+001, 9.227477e+001,-1.660288e+001, 0.000000e+000, 0.000000e+000, 0.000000e+000, 0.000000e+000
 9.855000e-002, 2.895217e+003,-2.981772e+003, 9.393684e+001, 4.164901e+001, 9.241679e+001,-1.868802e+001, 0.000000e+000, 0.000000e+000, 0.000000e+000, 0.000000e+000
 9.860000e-002, 2.927925e+003,-2.950220e+003, 2.983793e+001, 4.246374e+001, 9.252341e+001,-2.076866e+001, 0.000000e+000, 0.000000e+000, 0.000000e+000, 0.000000e+000
 9.865000e-002, 2.959956e+003,-2.917693e+003,-3.413924e+001, 4.326032e+001, 9.259466e+001,-2.284414e+001, 0.000000e+000, 0.000000e+000, 0.000000e+000, 0.000000e+000
 9.870000e-002, 2.990584e+003,-2.884036e+003,-9.822685e+001, 4.403761e+001, 9.262924e+001,-2.491439e+001, 0.000000e+000, 0.000000e+000, 0.000000e+000, 0.000000e+000
 9.875000e-002, 3.020500e+003,-2.849448e+003,-1.621557e+002, 4.479542e+001, 9.262714e+001,-2.697875e+001, 0.000000e+000, 0.000000e+000, 0.000000e+000, 0.000000e+000
 9.880000e-002, 3.049009e+003,-2.813737e+003,-2.261417e+002, 4.553237e+001, 9.258721e+001,-2.903709e+001, 0.000000e+000, 0.000000e+000, 0.000000e+000, 0.000000e+000
 9.885000e-002, 3.076762e+003,-2.777135e+003,-2.899311e+002, 4.624857e+001, 9.250938e+001,-3.108879e+001, 0.000000e+000, 0.000000e+000, 0.000000e+000, 0.000000e+000
 9.890000e-002, 3.103116e+003,-2.739423e+003,-3.537256e+002, 4.694243e+001, 9.239265e+001,-3.313364e+001, 0.000000e+000, 0.000000e+000, 0.000000e+000, 0.000000e+000
 9.895000e-002, 3.128663e+003,-2.700858e+003,-4.172845e+002, 4.761438e+001, 9.223689e+001,-3.517104e+001, 0.000000e+000, 0.000000e+000, 0.000000e+000, 0.000000e+000
 9.900000e-002, 3.152826e+003,-2.661200e+003,-4.807982e+002, 4.826260e+001, 9.204132e+001,-3.720074e+001, 0.000000e+000, 0.000000e+000, 0.000000e+000, 0.000000e+000
 9.905000e-002, 3.176128e+003,-2.620727e+003,-5.440359e+002, 4.888783e+001, 9.180575e+001,-3.922213e+001, 0.000000e+000, 0.000000e+000, 0.000000e+000, 0.000000e+000
 9.910000e-002, 3.198068e+003,-2.579181e+003,-6.071796e+002, 4.948809e+001, 9.152955e+001,-4.123489e+001, 0.000000e+000, 0.000000e+000, 0.000000e+000, 0.000000e+000
 9.915000e-002, 3.219087e+003,-2.536855e+003,-6.700061e+002, 5.006437e+001, 9.121252e+001,-4.323844e+001, 0.000000e+000, 0.000000e+000, 0.000000e+000, 0.000000e+000
 9.920000e-002, 3.238776e+003,-2.493484e+003,-7.326915e+002, 5.061457e+001, 9.085423e+001,-4.523237e+001, 0.000000e+000, 0.000000e+000, 0.000000e+000, 0.000000e+000
 9.925000e-002, 3.257479e+003,-2.449365e+003,-7.950171e+002, 5.113990e+001, 9.045445e+001,-4.721614e+001, 0.000000e+000, 0.000000e+000, 0.000000e+000, 0.000000e+000
 9.930000e-002, 3.274890e+003,-2.404233e+003,-8.571564e+002, 5.163819e+001, 9.001295e+001,-4.918925e+001, 0.000000e+000, 0.000000e+000, 0.000000e+000, 0.000000e+000
 9.935000e-002, 3.291250e+003,-2.358383e+003,-9.188925e+002, 5.211081e+001, 8.952946e+001,-5.115116e+001, 0.000000e+000, 0.000000e+000, 0.000000e+000, 0.000000e+000
 9.940000e-002, 3.306357e+003,-2.311555e+003,-9.803987e+002, 5.255560e+001, 8.900396e+001,-5.310131e+001, 0.000000e+000, 0.000000e+000, 0.000000e+000, 0.000000e+000
 9.945000e-002, 3.320348e+003,-2.264040e+003,-1.041458e+003, 5.297404e+001, 8.843621e+001,-5.503917e+001, 0.000000e+000, 0.000000e+000, 0.000000e+000, 0.000000e+000
 9.950000e-002, 3.333131e+003,-2.215584e+003,-1.102244e+003, 5.336400e+001, 8.782634e+001,-5.696410e+001, 0.000000e+000, 0.000000e+000, 0.000000e+000, 0.000000e+000
 9.955000e-002, 3.344733e+003,-2.166471e+003,-1.162539e+003, 5.372705e+001, 8.717416e+001,-5.887557e+001, 0.000000e+000, 0.000000e+000, 0.000000e+000, 0.000000e+000
 9.960000e-002, 3.355172e+003,-2.116459e+003,-1.222521e+003, 5.406115e+001, 8.647995e+001,-6.077290e+001, 0.000000e+000, 0.000000e+000, 0.000000e+000, 0.000000e+000
 9.965000e-002, 3.364369e+003,-2.065819e+003,-1.281967e+003, 5.436789e+001, 8.574358e+001,-6.265553e+001, 0.000000e+000, 0.000000e+000, 0.000000e+000, 0.000000e+000
 9.970000e-002, 3.372447e+003,-2.014323e+003,-1.341059e+003, 5.464539e+001, 8.496549e+001,-6.452275e+001, 0.000000e+000, 0.000000e+000, 0.000000e+000, 0.000000e+000
 9.975000e-002, 3.379225e+003,-1.962228e+003,-1.399572e+003, 5.489518e+001, 8.414561e+001,-6.637394e+001, 0.000000e+000, 0.000000e+000, 0.000000e+000, 0.000000e+000
 9.980000e-002, 3.384928e+003,-1.909324e+003,-1.457691e+003, 5.511560e+001, 8.328454e+001,-6.820841e+001, 0.000000e+000, 0.000000e+000, 0.000000e+000, 0.000000e+000
 9.985000e-002, 3.389281e+003,-1.855848e+003,-1.515190e+003, 5.530811e+001, 8.238229e+001,-7.002547e+001, 0.000000e+000, 0.000000e+000, 0.000000e+000, 0.000000e+000
 9.990000e-002, 3.392597e+003,-1.801612e+003,-1.572253e+003, 5.547128e+001, 8.143955e+001,-7.182444e+001, 0.000000e+000, 0.000000e+000, 0.000000e+000, 0.000000e+000
 9.995000e-002, 3.394520e+003,-1.746833e+003,-1.628656e+003, 5.560646e+001, 8.045647e+001,-7.360455e+001, 0.000000e+000, 0.000000e+000, 0.000000e+000, 0.000000e+000
 1.000000e-001, 3.395441e+003,-1.691344e+003,-1.684582e+003, 5.571251e+001, 7.943387e+001,-7.536515e+001, 0.000000e+000, 0.000000e+000, 0.000000e+000, 0.000000e+000
 1.000500e-001, 3.394933e+003,-1.635341e+003,-1.739811e+003, 5.579062e+001, 7.837197e+001,-7.710539e+001, 0.000000e+000, 0.000000e+000, 0.000000e+000, 0.000000e+000
 1.001000e-001, 3.393453e+003,-1.578677e+003,-1.794520e+003, 5.583995e+001, 7.727169e+001,-7.882466e+001, 0.000000e+000, 0.000000e+000, 0.000000e+000, 0.000000e+000
 1.001500e-001, 3.390519e+003,-1.521532e+003,-1.848499e+003, 5.586151e+001, 7.613339e+001,-8.052203e+001, 0.000000e+000, 0.000000e+000, 0.000000e+000, 0.000000e+000
 1.002000e-001, 3.386636e+003,-1.463775e+003,-1.901912e+003, 5.585482e+001, 7.495807e+001,-8.219692e+001, 0.000000e+000, 0.000000e+000, 0.000000e+000, 0.000000e+000
 1.002500e-001, 3.381282e+003,-1.405570e+003,-1.954565e+003, 5.582066e+001, 7.374622e+001,-8.384832e+001, 0.000000e+000, 0.000000e+000, 0.000000e+000, 0.000000e+000
 1.003000e-001, 3.374997e+003,-1.346802e+003,-2.006607e+003, 5.575889e+001, 7.249888e+001,-8.547573e+001, 0.000000e+000, 0.000000e+000, 0.000000e+000, 0.000000e+000
 1.003500e-001, 3.367235e+003,-1.287623e+003,-2.057860e+003, 5.567010e+001, 7.121671e+001,-8.707801e+001, 0.000000e+000, 0.000000e+000, 0.000000e+000, 0.000000e+000
 1.004000e-001, 3.358552e+003,-1.227928e+003,-2.108455e+003, 5.555450e+001, 6.990077e+001,-8.865475e+001, 0.000000e+000, 0.000000e+000, 0.000000e+000, 0.000000e+000
 1.004500e-001, 3.348395e+003,-1.167859e+003,-2.158238e+003, 5.541244e+001, 6.855187e+001,-9.020472e+001, 0.000000e+000, 0.000000e+000, 0.000000e+000, 0.000000e+000
 1.005000e-001, 3.337322e+003,-1.107323e+003,-2.207314e+003, 5.524445e+001, 6.717112e+001,-9.172758e+001, 0.000000e+000, 0.000000e+000, 0.000000e+000, 0.000000e+000
 1.005500e-001, 3.324788e+003,-1.046452e+003,-2.255558e+003, 5.505072e+001, 6.575941e+001,-9.322201e+001, 0.000000e+000, 0.000000e+000, 0.000000e+000, 0.000000e+000
 1.006000e-001, 3.311338e+003,-9.851599e+002,-2.303044e+003, 5.483206e+001, 6.431793e+001,-9.468774e+001, 0.000000e+000, 0.000000e+000, 0.000000e+000, 0.000000e+000
 1.006500e-001, 3.296447e+003,-9.235740e+002,-2.349681e+003, 5.458849e+001, 6.284768e+001,-9.612339e+001, 0.000000e+000, 0.000000e+000, 0.000000e+000, 0.000000e+000
 1.007000e-001, 3.280634e+003,-8.616137e+002,-2.395509e+003, 5.432109e+001, 6.134983e+001,-9.752876e+001, 0.000000e+000, 0.000000e+000, 0.000000e+000, 0.000000e+000
 1.007500e-001, 3.263410e+003,-7.994023e+002,-2.440474e+003, 5.402972e+001, 5.982552e+001,-9.890239e+001, 0.000000e+000, 0.000000e+000, 0.000000e+000, 0.000000e+000
 1.008000e-001, 3.245254e+003,-7.368613e+002,-2.484578e+003, 5.371568e+001, 5.827593e+001,-1.002442e+002, 0.000000e+000, 0.000000e+000, 0.000000e+000, 0.000000e+000
 1.008500e-001, 3.225722e+003,-6.741139e+002,-2.527810e+003, 5.337875e+001, 5.670229e+001,-1.015526e+002, 0.000000e+000, 0.000000e+000, 0.000000e+000, 0.000000e+000
 1.009000e-001, 3.205248e+003,-6.110811e+002,-2.570126e+003, 5.302037e+001, 5.510578e+001,-1.028275e+002, 0.000000e+000, 0.000000e+000, 0.000000e+000, 0.000000e+000
 1.009500e-001, 3.183438e+003,-5.478877e+002,-2.611563e+003, 5.264027e+001, 5.348770e+001,-1.040675e+002, 0.000000e+000, 0.000000e+000, 0.000000e+000, 0.000000e+000
 1.010000e-001, 3.160672e+003,-4.844524e+002,-2.652032e+003, 5.224000e+001, 5.184925e+001,-1.052725e+002, 0.000000e+000, 0.000000e+000, 0.000000e+000, 0.000000e+000
 1.010500e-001, 3.136614e+003,-4.209034e+002,-2.691615e+003, 5.181927e+001, 5.019176e+001,-1.064410e+002, 0.000000e+000, 0.000000e+000, 0.000000e+000, 0.000000e+000
 1.011000e-001, 3.111590e+003,-3.571555e+002,-2.730179e+003, 5.137968e+001, 4.851645e+001,-1.075730e+002, 0.000000e+000, 0.000000e+000, 0.000000e+000, 0.000000e+000
 1.011500e-001, 3.085318e+003,-2.933418e+002,-2.767852e+003, 5.092097e+001, 4.682468e+001,-1.086669e+002, 0.000000e+000, 0.000000e+000, 0.000000e+000, 0.000000e+000
 1.012000e-001, 3.058071e+003,-2.293714e+002,-2.804457e+003, 5.044474e+001, 4.511765e+001,-1.097229e+002, 0.000000e+000, 0.000000e+000, 0.000000e+000, 0.000000e+000
 1.012500e-001, 3.029622e+003,-1.653838e+002,-2.840165e+003, 4.995079e+001, 4.339675e+001,-1.107393e+002, 0.000000e+000, 0.000000e+000, 0.000000e+000, 0.000000e+000
 1.013000e-001, 3.000191e+003,-1.012816e+002,-2.874760e+003, 4.944066e+001, 4.166316e+001,-1.117164e+002, 0.000000e+000, 0.000000e+000, 0.000000e+000, 0.000000e+000
 1.013500e-001, 2.969604e+003,-3.721083e+001,-2.908453e+003, 4.891426e+001, 3.991827e+001,-1.126525e+002, 0.000000e+000, 0.000000e+000, 0.000000e+000, 0.000000e+000
 1.014000e-001, 2.938033e+003, 2.693244e+001,-2.940989e+003, 4.837302e+001, 3.816323e+001,-1.135479e+002, 0.000000e+000, 0.000000e+000, 0.000000e+000, 0.000000e+000
 1.014500e-001, 2.905350e+003, 9.099562e+001,-2.972617e+003, 4.781699e+001, 3.639944e+001,-1.144011e+002, 0.000000e+000, 0.000000e+000, 0.000000e+000, 0.000000e+000
 1.015000e-001, 2.871687e+003, 1.550894e+002,-3.003048e+003, 4.724746e+001, 3.462801e+001,-1.152121e+002, 0.000000e+000, 0.000000e+000, 0.000000e+000, 0.000000e+000
 1.015500e-001, 2.836951e+003, 2.190544e+002,-3.032566e+003, 4.666462e+001, 3.285029e+001,-1.159798e+002, 0.000000e+000, 0.000000e+000, 0.000000e+000, 0.000000e+000
 1.016000e-001, 2.801246e+003, 2.830081e+002,-3.060851e+003, 4.606957e+001, 3.106739e+001,-1.167041e+002, 0.000000e+000, 0.000000e+000, 0.000000e+000, 0.000000e+000
 1.016500e-001, 2.764504e+003, 3.467848e+002,-3.088214e+003, 4.546270e+001, 2.928060e+001,-1.173840e+002, 0.000000e+000, 0.000000e+000, 0.000000e+000, 0.000000e+000
 1.017000e-001, 2.726811e+003, 4.105082e+002,-3.114314e+003, 4.484490e+001, 2.749098e+001,-1.180192e+002, 0.000000e+000, 0.000000e+000, 0.000000e+000, 0.000000e+000
 1.017500e-001, 2.688114e+003, 4.740067e+002,-3.139482e+003, 4.421672e+001, 2.569978e+001,-1.186090e+002, 0.000000e+000, 0.000000e+000, 0.000000e+000, 0.000000e+000
 1.018000e-001, 2.648490e+003, 5.374101e+002,-3.163362e+003, 4.357882e+001, 2.390800e+001,-1.191531e+002, 0.000000e+000, 0.000000e+000, 0.000000e+000, 0.000000e+000
 1.018500e-001, 2.607889e+003, 6.005410e+002,-3.186295e+003, 4.293195e+001, 2.211683e+001,-1.196509e+002, 0.000000e+000, 0.000000e+000, 0.000000e+000, 0.000000e+000
 1.019000e-001, 2.566395e+003, 6.635351e+002,-3.207923e+003, 4.227654e+001, 2.032723e+001,-1.201020e+002, 0.000000e+000, 0.000000e+000, 0.000000e+000, 0.000000e+000
 1.019500e-001, 2.523945e+003, 7.262097e+002,-3.228588e+003, 4.161349e+001, 1.854030e+001,-1.205061e+002, 0.000000e+000, 0.000000e+000, 0.000000e+000, 0.000000e+000
 1.020000e-001, 2.480642e+003, 7.887060e+002,-3.247934e+003, 4.094300e+001, 1.675693e+001,-1.208625e+002, 0.000000e+000, 0.000000e+000, 0.000000e+000, 0.000000e+000
 1.020500e-001, 2.436403e+003, 8.508361e+002,-3.266299e+003, 4.026612e+001, 1.497816e+001,-1.211713e+002, 0.000000e+000, 0.000000e+000, 0.000000e+000, 0.000000e+000
 1.021000e-001, 2.391356e+003, 9.127469e+002,-3.283337e+003, 3.958284e+001, 1.320481e+001,-1.214317e+002, 0.000000e+000, 0.000000e+000, 0.000000e+000, 0.000000e+000
 1.021500e-001, 2.345387e+003, 9.742454e+002,-3.299374e+003, 3.889432e+001, 1.143784e+001,-1.216439e+002, 0.000000e+000, 0.000000e+000, 0.000000e+000, 0.000000e+000
 1.022000e-001, 2.298665e+003, 1.035484e+003,-3.314080e+003, 3.820035e+001, 9.677988e+000,-1.218071e+002, 0.000000e+000, 0.000000e+000, 0.000000e+000, 0.000000e+000
 1.022500e-001, 2.251031e+003, 1.096264e+003,-3.327765e+003, 3.750218e+001, 7.926138e+000,-1.219216e+002, 0.000000e+000, 0.000000e+000, 0.000000e+000, 0.000000e+000
 1.023000e-001, 2.202701e+003, 1.156745e+003,-3.340120e+003, 3.679943e+001, 6.182944e+000,-1.219868e+002, 0.000000e+000, 0.000000e+000, 0.000000e+000, 0.000000e+000
 1.023500e-001, 2.153469e+003, 1.216721e+003,-3.351430e+003, 3.609339e+001, 4.449218e+000,-1.220029e+002, 0.000000e+000, 0.000000e+000, 0.000000e+000, 0.000000e+000
 1.024000e-001, 2.103602e+003, 1.276359e+003,-3.361418e+003, 3.538356e+001, 2.725518e+000,-1.219694e+002, 0.000000e+000, 0.000000e+000, 0.000000e+000, 0.000000e+000
 1.024500e-001, 2.052843e+003, 1.335448e+003,-3.370336e+003, 3.467119e+001, 1.012588e+000,-1.218867e+002, 0.000000e+000, 0.000000e+000, 0.000000e+000, 0.000000e+000
 1.025000e-001, 2.001511e+003, 1.394160e+003,-3.377942e+003, 3.395572e+001,-6.891111e-001,-1.217542e+002, 0.000000e+000, 0.000000e+000, 0.000000e+000, 0.000000e+000
 1.025500e-001, 1.949297e+003, 1.452277e+003,-3.384454e+003, 3.323833e+001,-2.378904e+000,-1.215724e+002, 0.000000e+000, 0.000000e+000, 0.000000e+000, 0.000000e+000
 1.026000e-001, 1.896575e+003, 1.509981e+003,-3.389668e+003, 3.251843e+001,-4.056424e+000,-1.213408e+002, 0.000000e+000, 0.000000e+000, 0.000000e+000, 0.000000e+000
 1.026500e-001, 1.842982e+003, 1.567046e+003,-3.393764e+003, 3.179710e+001,-5.721063e+000,-1.210601e+002, 0.000000e+000, 0.000000e+000, 0.000000e+000, 0.000000e+000
 1.027000e-001, 1.788943e+003, 1.623661e+003,-3.396578e+003, 3.107372e+001,-7.372550e+000,-1.207297e+002, 0.000000e+000, 0.000000e+000, 0.000000e+000, 0.000000e+000
 1.027500e-001, 1.734050e+003, 1.679592e+003,-3.398251e+003, 3.034924e+001,-9.010340e+000,-1.203504e+002, 0.000000e+000, 0.000000e+000, 0.000000e+000, 0.000000e+000
 1.028000e-001, 1.678771e+003, 1.735039e+003,-3.398661e+003, 2.962309e+001,-1.063425e+001,-1.199217e+002, 0.000000e+000, 0.000000e+000, 0.000000e+000, 0.000000e+000
 1.028500e-001, 1.622658e+003, 1.789759e+003,-3.397907e+003, 2.889600e+001,-1.224380e+001,-1.194446e+002, 0.000000e+000, 0.000000e+000, 0.000000e+000, 0.000000e+000
 1.029000e-001, 1.566217e+003, 1.843960e+003,-3.395911e+003, 2.816751e+001,-1.383890e+001,-1.189185e+002, 0.000000e+000, 0.000000e+000, 0.000000e+000, 0.000000e+000
 1.029500e-001, 1.508967e+003, 1.897391e+003,-3.392733e+003, 2.743813e+001,-1.541912e+001,-1.183445e+002, 0.000000e+000, 0.000000e+000, 0.000000e+000, 0.000000e+000
 1.030000e-001, 1.451442e+003, 1.950271e+003,-3.388333e+003, 2.670749e+001,-1.698444e+001,-1.177223e+002, 0.000000e+000, 0.000000e+000, 0.000000e+000, 0.000000e+000
 1.030500e-001, 1.393140e+003, 2.002337e+003,-3.382735e+003, 2.597586e+001,-1.853451e+001,-1.170527e+002, 0.000000e+000, 0.000000e+000, 0.000000e+000, 0.000000e+000
 1.031000e-001, 1.334611e+003, 2.053822e+003,-3.375934e+003, 2.524302e+001,-2.006936e+001,-1.163356e+002, 0.000000e+000, 0.000000e+000, 0.000000e+000, 0.000000e+000
 1.031500e-001, 1.275345e+003, 2.104450e+003,-3.367925e+003, 2.450896e+001,-2.158870e+001,-1.155720e+002, 0.000000e+000, 0.000000e+000, 0.000000e+000, 0.000000e+000
 1.032000e-001, 1.215892e+003, 2.154467e+003,-3.358732e+003, 2.377364e+001,-2.309262e+001,-1.147620e+002, 0.000000e+000, 0.000000e+000, 0.000000e+000, 0.000000e+000
 1.032500e-001, 1.155750e+003, 2.203586e+003,-3.348324e+003, 2.303674e+001,-2.458089e+001,-1.139063e+002, 0.000000e+000, 0.000000e+000, 0.000000e+000, 0.000000e+000
 1.033000e-001, 1.095456e+003, 2.252064e+003,-3.336750e+003, 2.229844e+001,-2.605364e+001,-1.130052e+002, 0.000000e+000, 0.000000e+000, 0.000000e+000, 0.000000e+000
 1.033500e-001, 1.034526e+003, 2.299605e+003,-3.323958e+003, 2.155811e+001,-2.751072e+001,-1.120596e+002, 0.000000e+000, 0.000000e+000, 0.000000e+000, 0.000000e+000
 1.034000e-001, 9.734734e+002, 2.346476e+003,-3.310018e+003, 2.081614e+001,-2.895225e+001,-1.110697e+002, 0.000000e+000, 0.000000e+000, 0.000000e+000, 0.000000e+000
 1.034500e-001, 9.118472e+002, 2.392373e+003,-3.294861e+003, 2.007161e+001,-3.037815e+001,-1.100366e+002, 0.000000e+000, 0.000000e+000, 0.000000e+000, 0.000000e+000
 1.035000e-001, 8.501205e+002, 2.437569e+003,-3.278573e+003, 1.932510e+001,-3.178857e+001,-1.089606e+002, 0.000000e+000, 0.000000e+000, 0.000000e+000, 0.000000e+000
 1.035500e-001, 7.878892e+002, 2.481757e+003,-3.261074e+003, 1.857546e+001,-3.318350e+001,-1.078426e+002, 0.000000e+000, 0.000000e+000, 0.000000e+000, 0.000000e+000
 1.036000e-001, 7.255735e+002, 2.525214e+003,-3.242459e+003, 1.782342e+001,-3.456305e+001,-1.066833e+002, 0.000000e+000, 0.000000e+000, 0.000000e+000, 0.000000e+000
 1.036500e-001, 6.628287e+002, 2.567632e+003,-3.222644e+003, 1.706761e+001,-3.592731e+001,-1.054833e+002, 0.000000e+000, 0.000000e+000, 0.000000e+000, 0.000000e+000
 1.037000e-001, 6.000104e+002, 2.609288e+003,-3.201727e+003, 1.630894e+001,-3.727634e+001,-1.042436e+002, 0.000000e+000, 0.000000e+000, 0.000000e+000, 0.000000e+000
 1.037500e-001, 5.368438e+002, 2.649876e+003,-3.179624e+003, 1.554583e+001,-3.861032e+001,-1.029648e+002, 0.000000e+000, 0.000000e+000, 0.000000e+000, 0.000000e+000
 1.038000e-001, 4.736104e+002, 2.689670e+003,-3.156432e+003, 1.477933e+001,-3.992926e+001,-1.016479e+002, 0.000000e+000, 0.000000e+000, 0.000000e+000, 0.000000e+000
 1.038500e-001, 4.101139e+002, 2.728373e+003,-3.132075e+003, 1.400774e+001,-4.123343e+001,-1.002936e+002, 0.000000e+000, 0.000000e+000, 0.000000e+000, 0.000000e+000
 1.039000e-001, 3.465539e+002, 2.766247e+003,-3.106641e+003, 1.323218e+001,-4.252275e+001,-9.890293e+001, 0.000000e+000, 0.000000e+000, 0.000000e+000, 0.000000e+000
 1.039500e-001, 2.828189e+002, 2.803011e+003,-3.080064e+003, 1.245090e+001,-4.379761e+001,-9.747660e+001, 0.000000e+000, 0.000000e+000, 0.000000e+000, 0.000000e+000
 1.040000e-001, 2.190219e+002, 2.838910e+003,-3.052423e+003, 1.166505e+001,-4.505782e+001,-9.601571e+001, 0.000000e+000, 0.000000e+000, 0.000000e+000, 0.000000e+000
 1.040500e-001, 1.551395e+002, 2.873683e+003,-3.023665e+003, 1.087286e+001,-4.630387e+001,-9.452095e+001, 0.000000e+000, 0.000000e+000, 0.000000e+000, 0.000000e+000
 1.041000e-001, 9.119588e+001, 2.907555e+003,-2.993855e+003, 1.007552e+001,-4.753545e+001,-9.299350e+001, 0.000000e+000, 0.000000e+000, 0.000000e+000, 0.000000e+000
 1.041500e-001, 2.725638e+001, 2.940289e+003,-2.962957e+003, 9.271272e+000,-4.875318e+001,-9.143405e+001, 0.000000e+000, 0.000000e+000, 0.000000e+000, 0.000000e+000
 1.042000e-001,-3.674258e+001, 2.972083e+003,-2.931021e+003, 8.461295e+000,-4.995662e+001,-8.984382e+001, 0.000000e+000, 0.000000e+000, 0.000000e+000, 0.000000e+000
 1.042500e-001,-1.006494e+002, 3.002734e+003,-2.898026e+003, 7.643910e+000,-5.114647e+001,-8.822350e+001, 0.000000e+000, 0.000000e+000, 0.000000e+000, 0.000000e+000
 1.043000e-001,-1.646120e+002, 3.032403e+003,-2.864010e+003, 6.820249e+000,-5.232218e+001,-8.657433e+001, 0.000000e+000, 0.000000e+000, 0.000000e+000, 0.000000e+000
 1.043500e-001,-2.283972e+002, 3.060927e+003,-2.828966e+003, 5.988769e+000,-5.348454e+001,-8.489702e+001, 0.000000e+000, 0.000000e+000, 0.000000e+000, 0.000000e+000
 1.044000e-001,-2.922311e+002, 3.088428e+003,-2.792917e+003, 5.150510e+000,-5.463287e+001,-8.319279e+001, 0.000000e+000, 0.000000e+000, 0.000000e+000, 0.000000e+000
 1.044500e-001,-3.558066e+002, 3.114787e+003,-2.755873e+003, 4.304116e+000,-5.576803e+001,-8.146239e+001, 0.000000e+000, 0.000000e+000, 0.000000e+000, 0.000000e+000
 1.045000e-001,-4.194194e+002, 3.140078e+003,-2.717845e+003, 3.450509e+000,-5.688922e+001,-7.970702e+001, 0.000000e+000, 0.000000e+000, 0.000000e+000, 0.000000e+000
 1.045500e-001,-4.826981e+002, 3.164234e+003,-2.678854e+003, 2.588559e+000,-5.799737e+001,-7.792746e+001, 0.000000e+000, 0.000000e+000, 0.000000e+000, 0.000000e+000
 1.046000e-001,-5.459972e+002, 3.187277e+003,-2.638901e+003, 1.719044e+000,-5.909156e+001,-7.612483e+001, 0.000000e+000, 0.000000e+000, 0.000000e+000, 0.000000e+000
 1.046500e-001,-6.088928e+002, 3.209197e+003,-2.598017e+003, 8.410960e-001,-6.017277e+001,-7.429998e+001, 0.000000e+000, 0.000000e+000, 0.000000e+000, 0.000000e+000
 1.047000e-001,-6.717859e+002, 3.229958e+003,-2.556197e+003,-4.466924e-002,-6.123996e+001,-7.245396e+001, 0.000000e+000, 0.000000e+000, 0.000000e+000, 0.000000e+000
 1.047500e-001,-7.342131e+002, 3.249611e+003,-2.513479e+003,-9.388325e-001,-6.229415e+001,-7.058765e+001, 0.000000e+000, 0.000000e+000, 0.000000e+000, 0.000000e+000
 1.048000e-001,-7.966083e+002, 3.268059e+003,-2.469853e+003,-1.840951e+000,-6.333419e+001,-6.870203e+001, 0.000000e+000, 0.000000e+000, 0.000000e+000, 0.000000e+000
 1.048500e-001,-8.584825e+002, 3.285417e+003,-2.425360e+003,-2.751303e+000,-6.436113e+001,-6.679803e+001, 0.000000e+000, 0.000000e+000, 0.000000e+000, 0.000000e+000
 1.049000e-001,-9.202887e+002, 3.301524e+003,-2.379991e+003,-3.669621e+000,-6.537373e+001,-6.487652e+001, 0.000000e+000, 0.000000e+000, 0.000000e+000, 0.000000e+000
 1.049500e-001,-9.815262e+002, 3.316562e+003,-2.333787e+003,-4.595876e+000,-6.637301e+001,-6.293848e+001, 0.000000e+000, 0.000000e+000, 0.000000e+000, 0.000000e+000
 1.050000e-001,-1.042653e+003, 3.330304e+003,-2.286742e+003,-5.529968e+000,-6.735768e+001,-6.098469e+001, 0.000000e+000, 0.000000e+000, 0.000000e+000, 0.000000e+000
 1.050500e-001,-1.103171e+003, 3.343001e+003,-2.238892e+003,-6.471567e+000,-6.832871e+001,-5.901615e+001, 0.000000e+000, 0.000000e+000, 0.000000e+000, 0.000000e+000
 1.051000e-001,-1.163530e+003, 3.354357e+003,-2.190239e+003,-7.420727e+000,-6.928479e+001,-5.703355e+001, 0.000000e+000, 0.000000e+000, 0.000000e+000, 0.000000e+000
 1.051500e-001,-1.223247e+003, 3.364693e+003,-2.140810e+003,-8.376831e+000,-7.022681e+001,-5.503793e+001, 0.000000e+000, 0.000000e+000, 0.000000e+000, 0.000000e+000
 1.052000e-001,-1.282749e+003, 3.373647e+003,-2.090619e+003,-9.340068e+000,-7.115343e+001,-5.302986e+001, 0.000000e+000, 0.000000e+000, 0.000000e+000, 0.000000e+000
 1.052500e-001,-1.341583e+003, 3.381606e+003,-2.039682e+003,-1.030956e+001,-7.206546e+001,-5.101040e+001, 0.000000e+000, 0.000000e+000, 0.000000e+000, 0.000000e+000
 1.053000e-001,-1.400144e+003, 3.388146e+003,-1.988027e+003,-1.128559e+001,-7.296157e+001,-4.898004e+001, 0.000000e+000, 0.000000e+000, 0.000000e+000, 0.000000e+000
 1.053500e-001,-1.458015e+003, 3.393714e+003,-1.935654e+003,-1.226706e+001,-7.384244e+001,-4.693983e+001, 0.000000e+000, 0.000000e+000, 0.000000e+000, 0.000000e+000
 1.054000e-001,-1.515549e+003, 3.397830e+003,-1.882609e+003,-1.325433e+001,-7.470678e+001,-4.489020e+001, 0.000000e+000, 0.000000e+000, 0.000000e+000, 0.000000e+000
 1.054500e-001,-1.572378e+003, 3.400998e+003,-1.828875e+003,-1.424609e+001,-7.555511e+001,-4.283218e+001, 0.000000e+000, 0.000000e+000, 0.000000e+000, 0.000000e+000
 1.055000e-001,-1.628803e+003, 3.402685e+003,-1.774517e+003,-1.524276e+001,-7.638622e+001,-4.076611e+001, 0.000000e+000, 0.000000e+000, 0.000000e+000, 0.000000e+000
 1.055500e-001,-1.684511e+003, 3.403446e+003,-1.719498e+003,-1.624288e+001,-7.720044e+001,-3.869302e+001, 0.000000e+000, 0.000000e+000, 0.000000e+000, 0.000000e+000
 1.056000e-001,-1.739748e+003, 3.402701e+003,-1.663905e+003,-1.724685e+001,-7.799663e+001,-3.661320e+001, 0.000000e+000, 0.000000e+000, 0.000000e+000, 0.000000e+000
 1.056500e-001,-1.794257e+003, 3.401051e+003,-1.607680e+003,-1.825311e+001,-7.877496e+001,-3.452761e+001, 0.000000e+000, 0.000000e+000, 0.000000e+000, 0.000000e+000
 1.057000e-001,-1.848227e+003, 3.397877e+003,-1.550932e+003,-1.926203e+001,-7.953438e+001,-3.243652e+001, 0.000000e+000, 0.000000e+000, 0.000000e+000, 0.000000e+000
 1.057500e-001,-1.901460e+003, 3.393815e+003,-1.493582e+003,-2.027199e+001,-8.027486e+001,-3.034083e+001, 0.000000e+000, 0.000000e+000, 0.000000e+000, 0.000000e+000
 1.058000e-001,-1.954088e+003, 3.388219e+003,-1.435760e+003,-2.128330e+001,-8.099543e+001,-2.824079e+001, 0.000000e+000, 0.000000e+000, 0.000000e+000, 0.000000e+000
 1.058500e-001,-2.005970e+003, 3.381748e+003,-1.377368e+003,-2.229430e+001,-8.169588e+001,-2.613724e+001, 0.000000e+000, 0.000000e+000, 0.000000e+000, 0.000000e+000
 1.059000e-001,-2.057182e+003, 3.373738e+003,-1.318553e+003,-2.330520e+001,-8.237538e+001,-2.403040e+001, 0.000000e+000, 0.000000e+000, 0.000000e+000, 0.000000e+000
 1.059500e-001,-2.107640e+003, 3.364864e+003,-1.259203e+003,-2.431440e+001,-8.303349e+001,-2.192106e+001, 0.000000e+000, 0.000000e+000, 0.000000e+000, 0.000000e+000
 1.060000e-001,-2.157366e+003, 3.354452e+003,-1.199480e+003,-2.532194e+001,-8.366950e+001,-1.980943e+001, 0.000000e+000, 0.000000e+000, 0.000000e+000, 0.000000e+000
 1.060500e-001,-2.206325e+003, 3.343185e+003,-1.139257e+003,-2.632629e+001,-8.428276e+001,-1.769621e+001, 0.000000e+000, 0.000000e+000, 0.000000e+000, 0.000000e+000
 1.061000e-001,-2.254497e+003, 3.330389e+003,-1.078711e+003,-2.732736e+001,-8.487273e+001,-1.558164e+001, 0.000000e+000, 0.000000e+000, 0.000000e+000, 0.000000e+000
 1.061500e-001,-2.301887e+003, 3.316741e+003,-1.017702e+003,-2.832370e+001,-8.543852e+001,-1.346632e+001, 0.000000e+000, 0.000000e+000, 0.000000e+000, 0.000000e+000
 1.062000e-001,-2.348438e+003, 3.301580e+003,-9.564176e+002,-2.931506e+001,-8.597974e+001,-1.135054e+001, 0.000000e+000, 0.000000e+000, 0.000000e+000, 0.000000e+000
 1.062500e-001,-2.394191e+003, 3.285568e+003,-8.947113e+002,-3.030011e+001,-8.649532e+001,-9.234796e+000, 0.000000e+000, 0.000000e+000, 0.000000e+000, 0.000000e+000
 1.063000e-001,-2.439059e+003, 3.268066e+003,-8.327753e+002,-3.127842e+001,-8.698499e+001,-7.119410e+000, 0.000000e+000, 0.000000e+000, 0.000000e+000, 0.000000e+000
 1.063500e-001,-2.483106e+003, 3.249709e+003,-7.704602e+002,-3.224881e+001,-8.744751e+001,-5.004795e+000, 0.000000e+000, 0.000000e+000, 0.000000e+000, 0.000000e+000
 1.064000e-001,-2.526229e+003, 3.229892e+003,-7.079601e+002,-3.321067e+001,-8.788275e+001,-2.891320e+000, 0.000000e+000, 0.000000e+000, 0.000000e+000, 0.000000e+000
 1.064500e-001,-2.568506e+003, 3.209214e+003,-6.451261e+002,-3.416299e+001,-8.828930e+001,-7.793127e-001, 0.000000e+000, 0.000000e+000, 0.000000e+000, 0.000000e+000
 1.065000e-001,-2.609825e+003, 3.187112e+003,-5.821502e+002,-3.510498e+001,-8.866717e+001, 1.330809e+000, 0.000000e+000, 0.000000e+000, 0.000000e+000, 0.000000e+000
 1.065500e-001,-2.650271e+003, 3.164140e+003,-5.188875e+002,-3.603579e+001,-8.901481e+001, 3.438796e+000, 0.000000e+000, 0.000000e+000, 0.000000e+000, 0.000000e+000
 1.066000e-001,-2.689730e+003, 3.139785e+003,-4.555245e+002,-3.695447e+001,-8.933234e+001, 5.544179e+000, 0.000000e+000, 0.000000e+000, 0.000000e+000, 0.000000e+000
 1.066500e-001,-2.728284e+003, 3.114551e+003,-3.919240e+002,-3.786033e+001,-8.961811e+001, 7.646775e+000, 0.000000e+000, 0.000000e+000, 0.000000e+000, 0.000000e+000
 1.067000e-001,-2.765829e+003, 3.087979e+003,-3.282632e+002,-3.875230e+001,-8.987235e+001, 9.746067e+000, 0.000000e+000, 0.000000e+000, 0.000000e+000, 0.000000e+000
 1.067500e-001,-2.802434e+003, 3.060517e+003,-2.644159e+002,-3.962983e+001,-9.009335e+001, 1.184192e+001, 0.000000e+000, 0.000000e+000, 0.000000e+000, 0.000000e+000
 1.068000e-001,-2.838014e+003, 3.031765e+003,-2.005474e+002,-4.049174e+001,-9.028139e+001, 1.393378e+001, 0.000000e+000, 0.000000e+000, 0.000000e+000, 0.000000e+000
 1.068500e-001,-2.872616e+003, 3.002114e+003,-1.365445e+002,-4.133762e+001,-9.043474e+001, 1.602155e+001, 0.000000e+000, 0.000000e+000, 0.000000e+000, 0.000000e+000
 1.069000e-001,-2.906182e+003, 2.971225e+003,-7.255843e+001,-4.216622e+001,-9.055378e+001, 1.810462e+001, 0.000000e+000, 0.000000e+000, 0.000000e+000, 0.000000e+000
 1.069500e-001,-2.938731e+003, 2.939426e+003,-8.491049e+000,-4.297724e+001,-9.063673e+001, 2.018293e+001, 0.000000e+000, 0.000000e+000, 0.000000e+000, 0.000000e+000
 1.070000e-001,-2.970235e+003, 2.906444e+003, 5.552211e+001,-4.376938e+001,-9.068407e+001, 2.225584e+001, 0.000000e+000, 0.000000e+000, 0.000000e+000, 0.000000e+000
 1.070500e-001,-3.000684e+003, 2.872542e+003, 1.195630e+002,-4.454244e+001,-9.069402e+001, 2.432328e+001, 0.000000e+000, 0.000000e+000, 0.000000e+000, 0.000000e+000
 1.071000e-001,-3.030082e+003, 2.837514e+003, 1.835126e+002,-4.529513e+001,-9.066711e+001, 2.638460e+001, 0.000000e+000, 0.000000e+000, 0.000000e+000, 0.000000e+000
 1.071500e-001,-3.058386e+003, 2.801558e+003, 2.474363e+002,-4.602730e+001,-9.060163e+001, 2.843970e+001, 0.000000e+000, 0.000000e+000, 0.000000e+000, 0.000000e+000
 1.072000e-001,-3.085635e+003, 2.764535e+003, 3.112316e+002,-4.673771e+001,-9.049814e+001, 3.048792e+001, 0.000000e+000, 0.000000e+000, 0.000000e+000, 0.000000e+000
 1.072500e-001,-3.111754e+003, 2.726576e+003, 3.749479e+002,-4.742623e+001,-9.035503e+001, 3.252914e+001, 0.000000e+000, 0.000000e+000, 0.000000e+000, 0.000000e+000
 1.073000e-001,-3.136816e+003, 2.687609e+003, 4.384984e+002,-4.809170e+001,-9.017285e+001, 3.456269e+001, 0.000000e+000, 0.000000e+000, 0.000000e+000, 0.000000e+000
 1.073500e-001,-3.160713e+003, 2.647704e+003, 5.019176e+002,-4.873401e+001,-8.995015e+001, 3.658839e+001, 0.000000e+000, 0.000000e+000, 0.000000e+000, 0.000000e+000
 1.074000e-001,-3.183549e+003, 2.606849e+003, 5.651328e+002,-4.935212e+001,-8.968748e+001, 3.860558e+001, 0.000000e+000, 0.000000e+000, 0.000000e+000, 0.000000e+000
 1.074500e-001,-3.205191e+003, 2.565055e+003, 6.281660e+002,-4.994589e+001,-8.938352e+001, 4.061402e+001, 0.000000e+000, 0.000000e+000, 0.000000e+000, 0.000000e+000
 1.075000e-001,-3.225768e+003, 2.522369e+003, 6.909560e+002,-5.051443e+001,-8.903885e+001, 4.261307e+001, 0.000000e+000, 0.000000e+000, 0.000000e+000, 0.000000e+000
 1.075500e-001,-3.245125e+003, 2.478749e+003, 7.535146e+002,-5.105756e+001,-8.865230e+001, 4.460240e+001, 0.000000e+000, 0.000000e+000, 0.000000e+000, 0.000000e+000
 1.076000e-001,-3.263410e+003, 2.434292e+003, 8.157901e+002,-5.157456e+001,-8.822444e+001, 4.658138e+001, 0.000000e+000, 0.000000e+000, 0.000000e+000, 0.000000e+000
 1.076500e-001,-3.280456e+003, 2.388910e+003, 8.777866e+002,-5.206521e+001,-8.775431e+001, 4.854963e+001, 0.000000e+000, 0.000000e+000, 0.000000e+000, 0.000000e+000
 1.077000e-001,-3.296422e+003, 2.342745e+003, 9.394589e+002,-5.252897e+001,-8.724247e+001, 5.050651e+001, 0.000000e+000, 0.000000e+000, 0.000000e+000, 0.000000e+000
 1.077500e-001,-3.311132e+003, 2.295667e+003, 1.000807e+003,-5.296556e+001,-8.668816e+001, 5.245155e+001, 0.000000e+000, 0.000000e+000, 0.000000e+000, 0.000000e+000
 1.078000e-001,-3.324753e+003, 2.247859e+003, 1.061788e+003,-5.337466e+001,-8.609194e+001, 5.438416e+001, 0.000000e+000, 0.000000e+000, 0.000000e+000, 0.000000e+000
 1.078500e-001,-3.337109e+003, 2.199155e+003, 1.122401e+003,-5.375590e+001,-8.545325e+001, 5.630377e+001, 0.000000e+000, 0.000000e+000, 0.000000e+000, 0.000000e+000
 1.079000e-001,-3.348363e+003, 2.149772e+003, 1.182604e+003,-5.410917e+001,-8.477265e+001, 5.820980e+001, 0.000000e+000, 0.000000e+000, 0.000000e+000, 0.000000e+000
 1.079500e-001,-3.358349e+003, 2.099515e+003, 1.242398e+003,-5.443405e+001,-8.404981e+001, 6.010159e+001, 0.000000e+000, 0.000000e+000, 0.000000e+000, 0.000000e+000
 1.080000e-001,-3.367217e+003, 2.048626e+003, 1.301738e+003,-5.473064e+001,-8.328527e+001, 6.197858e+001, 0.000000e+000, 0.000000e+000, 0.000000e+000, 0.000000e+000
 1.080500e-001,-3.374818e+003, 1.996889e+003, 1.360629e+003,-5.499845e+001,-8.247893e+001, 6.384006e+001, 0.000000e+000, 0.000000e+000, 0.000000e+000, 0.000000e+000
 1.081000e-001,-3.381285e+003, 1.944566e+003, 1.419021e+003,-5.523778e+001,-8.163133e+001, 6.568545e+001, 0.000000e+000, 0.000000e+000, 0.000000e+000, 0.000000e+000
 1.081500e-001,-3.386493e+003, 1.891425e+003, 1.476926e+003,-5.544810e+001,-8.074258e+001, 6.751397e+001, 0.000000e+000, 0.000000e+000, 0.000000e+000, 0.000000e+000
 1.082000e-001,-3.390548e+003, 1.837743e+003, 1.534288e+003,-5.562990e+001,-7.981326e+001, 6.932505e+001, 0.000000e+000, 0.000000e+000, 0.000000e+000, 0.000000e+000
 1.082500e-001,-3.393355e+003, 1.783277e+003, 1.591126e+003,-5.578262e+001,-7.884366e+001, 7.111785e+001, 0.000000e+000, 0.000000e+000, 0.000000e+000, 0.000000e+000
 1.083000e-001,-3.394989e+003, 1.728312e+003, 1.647376e+003,-5.590691e+001,-7.783437e+001, 7.289180e+001, 0.000000e+000, 0.000000e+000, 0.000000e+000, 0.000000e+000
 1.083500e-001,-3.395393e+003, 1.672600e+003, 1.703067e+003,-5.600220e+001,-7.678590e+001, 7.464602e+001, 0.000000e+000, 0.000000e+000, 0.000000e+000, 0.000000e+000
 1.084000e-001,-3.394602e+003, 1.616430e+003, 1.758127e+003,-5.606929e+001,-7.569885e+001, 7.637990e+001, 0.000000e+000, 0.000000e+000, 0.000000e+000, 0.000000e+000
 1.084500e-001,-3.392601e+003, 1.559553e+003, 1.812592e+003,-5.610764e+001,-7.457393e+001, 7.809256e+001, 0.000000e+000, 0.000000e+000, 0.000000e+000, 0.000000e+000
 1.085000e-001,-3.389386e+003, 1.502258e+003, 1.866384e+003,-5.611814e+001,-7.341176e+001, 7.978334e+001, 0.000000e+000, 0.000000e+000, 0.000000e+000, 0.000000e+000
 1.085500e-001,-3.384982e+003, 1.444301e+003, 1.919545e+003,-5.610030e+001,-7.221322e+001, 8.145137e+001, 0.000000e+000, 0.000000e+000, 0.000000e+000, 0.000000e+000
 1.086000e-001,-3.379346e+003, 1.385962e+003, 1.971994e+003,-5.605509e+001,-7.097897e+001, 8.309595e+001, 0.000000e+000, 0.000000e+000, 0.000000e+000, 0.000000e+000
 1.086500e-001,-3.372545e+003, 1.327007e+003, 2.023776e+003,-5.598211e+001,-6.971004e+001, 8.471620e+001, 0.000000e+000, 0.000000e+000, 0.000000e+000, 0.000000e+000
 1.087000e-001,-3.364496e+003, 1.267708e+003, 2.074808e+003,-5.588234e+001,-6.840715e+001, 8.631137e+001, 0.000000e+000, 0.000000e+000, 0.000000e+000, 0.000000e+000
 1.087500e-001,-3.355306e+003, 1.207842e+003, 2.125138e+003,-5.575552e+001,-6.707143e+001, 8.788065e+001, 0.000000e+000, 0.000000e+000, 0.000000e+000, 0.000000e+000
 1.088000e-001,-3.344856e+003, 1.147667e+003, 2.174681e+003,-5.560262e+001,-6.570367e+001, 8.942319e+001, 0.000000e+000, 0.000000e+000, 0.000000e+000, 0.000000e+000
 1.088500e-001,-3.333288e+003, 1.086975e+003, 2.223487e+003,-5.542352e+001,-6.430510e+001, 9.093824e+001, 0.000000e+000, 0.000000e+000, 0.000000e+000, 0.000000e+000
 1.089000e-001,-3.320453e+003, 1.026012e+003, 2.271473e+003,-5.521915e+001,-6.287658e+001, 9.242487e+001, 0.000000e+000, 0.000000e+000, 0.000000e+000, 0.000000e+000
 1.089500e-001,-3.306521e+003, 9.645807e+002, 2.318684e+003,-5.498956e+001,-6.141941e+001, 9.388240e+001, 0.000000e+000, 0.000000e+000, 0.000000e+000, 0.000000e+000
 1.090000e-001,-3.291320e+003, 9.029160e+002, 2.365047e+003,-5.473561e+001,-5.993451e+001, 9.530983e+001, 0.000000e+000, 0.000000e+000, 0.000000e+000, 0.000000e+000
 1.090500e-001,-3.275042e+003, 8.408338e+002, 2.410594e+003,-5.445754e+001,-5.842325e+001, 9.670657e+001, 0.000000e+000, 0.000000e+000, 0.000000e+000, 0.000000e+000
 1.091000e-001,-3.257498e+003, 7.785558e+002, 2.455269e+003,-5.415612e+001,-5.688661e+001, 9.807150e+001, 0.000000e+000, 0.000000e+000, 0.000000e+000, 0.000000e+000
 1.091500e-001,-3.238895e+003, 7.159113e+002, 2.499088e+003,-5.383178e+001,-5.532600e+001, 9.940416e+001, 0.000000e+000, 0.000000e+000, 0.000000e+000, 0.000000e+000
 1.092000e-001,-3.219034e+003, 6.531091e+002, 2.542013e+003,-5.348518e+001,-5.374245e+001, 1.007033e+002, 0.000000e+000, 0.000000e+000, 0.000000e+000, 0.000000e+000
 1.092500e-001,-3.198129e+003, 5.899913e+002, 2.584040e+003,-5.311693e+001,-5.213741e+001, 1.019687e+002, 0.000000e+000, 0.000000e+000, 0.000000e+000, 0.000000e+000
 1.093000e-001,-3.175982e+003, 5.267548e+002, 2.625156e+003,-5.272760e+001,-5.051194e+001, 1.031988e+002, 0.000000e+000, 0.000000e+000, 0.000000e+000, 0.000000e+000
 1.093500e-001,-3.152802e+003, 4.632533e+002, 2.665329e+003,-5.231799e+001,-4.886750e+001, 1.043936e+002, 0.000000e+000, 0.000000e+000, 0.000000e+000, 0.000000e+000
 1.094000e-001,-3.128403e+003, 3.996729e+002, 2.704579e+003,-5.188853e+001,-4.720522e+001, 1.055517e+002, 0.000000e+000, 0.000000e+000, 0.000000e+000, 0.000000e+000
 1.094500e-001,-3.102979e+003, 3.358776e+002, 2.742841e+003,-5.144020e+001,-4.552652e+001, 1.066728e+002, 0.000000e+000, 0.000000e+000, 0.000000e+000, 0.000000e+000
 1.095000e-001,-3.076363e+003, 2.720440e+002, 2.780171e+003,-5.097332e+001,-4.383257e+001, 1.077556e+002, 0.000000e+000, 0.000000e+000, 0.000000e+000, 0.000000e+000
 1.095500e-001,-3.048729e+003, 2.080449e+002, 2.816465e+003,-5.048901e+001,-4.212479e+001, 1.088000e+002, 0.000000e+000, 0.000000e+000, 0.000000e+000, 0.000000e+000
 1.096000e-001,-3.019937e+003, 1.440492e+002, 2.851823e+003,-4.998748e+001,-4.040434e+001, 1.098045e+002, 0.000000e+000, 0.000000e+000, 0.000000e+000, 0.000000e+000
 1.096500e-001,-2.990131e+003, 7.993661e+001, 2.886098e+003,-4.947001e+001,-3.867262e+001, 1.107693e+002, 0.000000e+000, 0.000000e+000, 0.000000e+000, 0.000000e+000
 1.097000e-001,-2.959205e+003, 1.586986e+001, 2.919433e+003,-4.893669e+001,-3.693080e+001, 1.116928e+002, 0.000000e+000, 0.000000e+000, 0.000000e+000, 0.000000e+000
 1.097500e-001,-2.927267e+003,-4.826597e+001, 2.951639e+003,-4.838889e+001,-3.518024e+001, 1.125750e+002, 0.000000e+000, 0.000000e+000, 0.000000e+000, 0.000000e+000
 1.098000e-001,-2.894252e+003,-1.123128e+002, 2.982906e+003,-4.782664e+001,-3.342211e+001, 1.134147e+002, 0.000000e+000, 0.000000e+000, 0.000000e+000, 0.000000e+000
 1.098500e-001,-2.860227e+003,-1.763816e+002, 3.012997e+003,-4.725137e+001,-3.165770e+001, 1.142118e+002, 0.000000e+000, 0.000000e+000, 0.000000e+000, 0.000000e+000
 1.099000e-001,-2.825171e+003,-2.403177e+002, 3.042150e+003,-4.666304e+001,-2.988818e+001, 1.149651e+002, 0.000000e+000, 0.000000e+000, 0.000000e+000, 0.000000e+000
 1.099500e-001,-2.789107e+003,-3.042295e+002, 3.070083e+003,-4.606312e+001,-2.811478e+001, 1.156746e+002, 0.000000e+000, 0.000000e+000, 0.000000e+000, 0.000000e+000
 1.100000e-001,-2.752061e+003,-3.679644e+002, 3.097081e+003,-4.545153e+001,-2.633863e+001, 1.163391e+002, 0.000000e+000, 0.000000e+000, 0.000000e+000, 0.000000e+000
 1.100500e-001,-2.714010e+003,-4.316293e+002, 3.122816e+003,-4.482972e+001,-2.456090e+001, 1.169587e+002, 0.000000e+000, 0.000000e+000, 0.000000e+000, 0.000000e+000
 1.101000e-001,-2.675026e+003,-4.950731e+002, 3.147619e+003,-4.419762e+001,-2.278269e+001, 1.175321e+002, 0.000000e+000, 0.000000e+000, 0.000000e+000, 0.000000e+000
 1.101500e-001,-2.635043e+003,-5.584017e+002, 3.171120e+003,-4.355661e+001,-2.100508e+001, 1.180597e+002, 0.000000e+000, 0.000000e+000, 0.000000e+000, 0.000000e+000
 1.102000e-001,-2.594177e+003,-6.214649e+002, 3.193694e+003,-4.290663e+001,-1.922911e+001, 1.185402e+002, 0.000000e+000, 0.000000e+000, 0.000000e+000, 0.000000e+000
 1.102500e-001,-2.552320e+003,-6.843683e+002, 3.214928e+003,-4.224899e+001,-1.745582e+001, 1.189738e+002, 0.000000e+000, 0.000000e+000, 0.000000e+000, 0.000000e+000
 1.103000e-001,-2.509628e+003,-7.469622e+002, 3.235237e+003,-4.158365e+001,-1.568618e+001, 1.193595e+002, 0.000000e+000, 0.000000e+000, 0.000000e+000, 0.000000e+000
 1.103500e-001,-2.465959e+003,-8.093522e+002, 3.254175e+003,-4.091179e+001,-1.392112e+001, 1.196975e+002, 0.000000e+000, 0.000000e+000, 0.000000e+000, 0.000000e+000
 1.104000e-001,-2.421502e+003,-8.713888e+002, 3.272189e+003,-4.023346e+001,-1.216157e+001, 1.199869e+002, 0.000000e+000, 0.000000e+000, 0.000000e+000, 0.000000e+000
 1.104500e-001,-2.376085e+003,-9.331778e+002, 3.288806e+003,-3.954964e+001,-1.040839e+001, 1.202279e+002, 0.000000e+000, 0.000000e+000, 0.000000e+000, 0.000000e+000
 1.105000e-001,-2.329925e+003,-9.945700e+002, 3.304498e+003,-3.886047e+001,-8.662399e+000, 1.204198e+002, 0.000000e+000, 0.000000e+000, 0.000000e+000, 0.000000e+000
 1.105500e-001,-2.282828e+003,-1.055671e+003, 3.318770e+003,-3.816676e+001,-6.924396e+000, 1.205627e+002, 0.000000e+000, 0.000000e+000, 0.000000e+000, 0.000000e+000
 1.106000e-001,-2.235029e+003,-1.116333e+003, 3.332114e+003,-3.746874e+001,-5.195120e+000, 1.206560e+002, 0.000000e+000, 0.000000e+000, 0.000000e+000, 0.000000e+000
 1.106500e-001,-2.186321e+003,-1.176661e+003, 3.344023e+003,-3.676699e+001,-3.475285e+000, 1.206998e+002, 0.000000e+000, 0.000000e+000, 0.000000e+000, 0.000000e+000
 1.107000e-001,-2.136950e+003,-1.236507e+003, 3.354999e+003,-3.606186e+001,-1.765547e+000, 1.206939e+002, 0.000000e+000, 0.000000e+000, 0.000000e+000, 0.000000e+000
 1.107500e-001,-2.086704e+003,-1.295977e+003, 3.364530e+003,-3.535370e+001,-6.653886e-002, 1.206381e+002, 0.000000e+000, 0.000000e+000, 0.000000e+000, 0.000000e+000
 1.108000e-001,-2.035829e+003,-1.354924e+003, 3.373119e+003,-3.464296e+001, 1.621170e+000, 1.205324e+002, 0.000000e+000, 0.000000e+000, 0.000000e+000, 0.000000e+000
 1.108500e-001,-1.984120e+003,-1.413452e+003, 3.380259e+003,-3.392976e+001, 3.297025e+000, 1.203767e+002, 0.000000e+000, 0.000000e+000, 0.000000e+000, 0.000000e+000
 1.109000e-001,-1.931813e+003,-1.471417e+003, 3.386446e+003,-3.321466e+001, 4.960543e+000, 1.201712e+002, 0.000000e+000, 0.000000e+000, 0.000000e+000, 0.000000e+000
 1.109500e-001,-1.878717e+003,-1.528922e+003, 3.391188e+003,-3.249757e+001, 6.611246e+000, 1.199156e+002, 0.000000e+000, 0.000000e+000, 0.000000e+000, 0.000000e+000
 1.110000e-001,-1.825050e+003,-1.585823e+003, 3.394960e+003,-3.177910e+001, 8.248735e+000, 1.196103e+002, 0.000000e+000, 0.000000e+000, 0.000000e+000, 0.000000e+000
 1.110500e-001,-1.770647e+003,-1.642223e+003, 3.397298e+003,-3.105897e+001, 9.872609e+000, 1.192551e+002, 0.000000e+000, 0.000000e+000, 0.000000e+000, 0.000000e+000
 1.111000e-001,-1.715696e+003,-1.697981e+003, 3.398650e+003,-3.033787e+001, 1.148255e+001, 1.188507e+002, 0.000000e+000, 0.000000e+000, 0.000000e+000, 0.000000e+000
 1.111500e-001,-1.660064e+003,-1.753198e+003, 3.398581e+003,-2.961530e+001, 1.307822e+001, 1.183965e+002, 0.000000e+000, 0.000000e+000, 0.000000e+000, 0.000000e+000
 1.112000e-001,-1.603906e+003,-1.807735e+003, 3.397507e+003,-2.889202e+001, 1.465938e+001, 1.178936e+002, 0.000000e+000, 0.000000e+000, 0.000000e+000, 0.000000e+000
 1.112500e-001,-1.547129e+003,-1.861691e+003, 3.395033e+003,-2.816736e+001, 1.622578e+001, 1.173414e+002, 0.000000e+000, 0.000000e+000, 0.000000e+000, 0.000000e+000
 1.113000e-001,-1.489843e+003,-1.914929e+003, 3.391532e+003,-2.744209e+001, 1.777723e+001, 1.167411e+002, 0.000000e+000, 0.000000e+000, 0.000000e+000, 0.000000e+000
 1.113500e-001,-1.432002e+003,-1.967549e+003, 3.386658e+003,-2.671544e+001, 1.931355e+001, 1.160922e+002, 0.000000e+000, 0.000000e+000, 0.000000e+000, 0.000000e+000
 1.114000e-001,-1.373671e+003,-2.019414e+003, 3.380733e+003,-2.598814e+001, 2.083461e+001, 1.153959e+002, 0.000000e+000, 0.000000e+000, 0.000000e+000, 0.000000e+000
 1.114500e-001,-1.314850e+003,-2.070623e+003, 3.373467e+003,-2.525932e+001, 2.234029e+001, 1.146517e+002, 0.000000e+000, 0.000000e+000, 0.000000e+000, 0.000000e+000
 1.115000e-001,-1.255556e+003,-2.121041e+003, 3.365124e+003,-2.452970e+001, 2.383052e+001, 1.138611e+002, 0.000000e+000, 0.000000e+000, 0.000000e+000, 0.000000e+000
 1.115500e-001,-1.195840e+003,-2.170768e+003, 3.355476e+003,-2.379833e+001, 2.530524e+001, 1.130236e+002, 0.000000e+000, 0.000000e+000, 0.000000e+000, 0.000000e+000
 1.116000e-001,-1.135669e+003,-2.219669e+003, 3.344726e+003,-2.306587e+001, 2.676443e+001, 1.121406e+002, 0.000000e+000, 0.000000e+000, 0.000000e+000, 0.000000e+000
 1.116500e-001,-1.075142e+003,-2.267843e+003, 3.332709e+003,-2.233136e+001, 2.820807e+001, 1.112119e+002, 0.000000e+000, 0.000000e+000, 0.000000e+000, 0.000000e+000
 1.117000e-001,-1.014182e+003,-2.315157e+003, 3.319568e+003,-2.159536e+001, 2.963618e+001, 1.102389e+002, 0.000000e+000, 0.000000e+000, 0.000000e+000, 0.000000e+000
 1.117500e-001,-9.529303e+002,-2.361710e+003, 3.305199e+003,-2.085692e+001, 3.104877e+001, 1.092213e+002, 0.000000e+000, 0.000000e+000, 0.000000e+000, 0.000000e+000
 1.118000e-001,-8.912682e+002,-2.407372e+003, 3.289683e+003,-2.011648e+001, 3.244593e+001, 1.081607e+002, 0.000000e+000, 0.000000e+000, 0.000000e+000, 0.000000e+000
 1.118500e-001,-8.293784e+002,-2.452239e+003, 3.272983e+003,-1.937316e+001, 3.382770e+001, 1.070570e+002, 0.000000e+000, 0.000000e+000, 0.000000e+000, 0.000000e+000
 1.119000e-001,-7.671044e+002,-2.496182e+003, 3.255115e+003,-1.862726e+001, 3.519417e+001, 1.059117e+002, 0.000000e+000, 0.000000e+000, 0.000000e+000, 0.000000e+000
 1.119500e-001,-7.046630e+002,-2.539299e+003, 3.236105e+003,-1.787798e+001, 3.654541e+001, 1.047247e+002, 0.000000e+000, 0.000000e+000, 0.000000e+000, 0.000000e+000
 1.120000e-001,-6.418677e+002,-2.581462e+003, 3.215911e+003,-1.712547e+001, 3.788155e+001, 1.034976e+002, 0.000000e+000, 0.000000e+000, 0.000000e+000, 0.000000e+000
 1.120500e-001,-5.789619e+002,-2.622767e+003, 3.194617e+003,-1.636905e+001, 3.920267e+001, 1.022305e+002, 0.000000e+000, 0.000000e+000, 0.000000e+000, 0.000000e+000
 1.121000e-001,-5.157372e+002,-2.663092e+003, 3.172126e+003,-1.560869e+001, 4.050894e+001, 1.009249e+002, 0.000000e+000, 0.000000e+000, 0.000000e+000, 0.000000e+000
 1.121500e-001,-4.524543e+002,-2.702526e+003, 3.148578e+003,-1.484387e+001, 4.180040e+001, 9.958100e+001, 0.000000e+000, 0.000000e+000, 0.000000e+000, 0.000000e+000
 1.122000e-001,-3.888924e+002,-2.740954e+003, 3.123823e+003,-1.407440e+001, 4.307728e+001, 9.820037e+001, 0.000000e+000, 0.000000e+000, 0.000000e+000, 0.000000e+000
 1.122500e-001,-3.253203e+002,-2.778462e+003, 3.098052e+003,-1.329990e+001, 4.433959e+001, 9.678315e+001, 0.000000e+000, 0.000000e+000, 0.000000e+000, 0.000000e+000
 1.123000e-001,-2.615138e+002,-2.814939e+003, 3.071069e+003,-1.252003e+001, 4.558758e+001, 9.533099e+001, 0.000000e+000, 0.000000e+000, 0.000000e+000, 0.000000e+000
 1.123500e-001,-1.977406e+002,-2.850466e+003, 3.043110e+003,-1.173456e+001, 4.682125e+001, 9.384414e+001, 0.000000e+000, 0.000000e+000, 0.000000e+000, 0.000000e+000
 1.124000e-001,-1.337823e+002,-2.884940e+003, 3.013939e+003,-1.094302e+001, 4.804086e+001, 9.232417e+001, 0.000000e+000, 0.000000e+000, 0.000000e+000, 0.000000e+000
 1.124500e-001,-6.989623e+001,-2.918436e+003, 2.983831e+003,-1.014536e+001, 4.924637e+001, 9.077148e+001, 0.000000e+000, 0.000000e+000, 0.000000e+000, 0.000000e+000
 1.125000e-001,-5.879022e+000,-2.950859e+003, 2.952515e+003,-9.340954e+000, 5.043808e+001, 8.918754e+001, 0.000000e+000, 0.000000e+000, 0.000000e+000, 0.000000e+000
 1.125500e-001, 5.803138e+001,-2.982274e+003, 2.920298e+003,-8.529921e+000, 5.161587e+001, 8.757288e+001, 0.000000e+000, 0.000000e+000, 0.000000e+000, 0.000000e+000
 1.126000e-001, 1.220150e+002,-3.012601e+003, 2.886884e+003,-7.711544e+000, 5.278009e+001, 8.592886e+001, 0.000000e+000, 0.000000e+000, 0.000000e+000, 0.000000e+000
 1.126500e-001, 1.858610e+002,-3.041889e+003, 2.852602e+003,-6.886088e+000, 5.393055e+001, 8.425618e+001, 0.000000e+000, 0.000000e+000, 0.000000e+000, 0.000000e+000
 1.127000e-001, 2.497191e+002,-3.070076e+003, 2.817140e+003,-6.052767e+000, 5.506762e+001, 8.255605e+001, 0.000000e+000, 0.000000e+000, 0.000000e+000, 0.000000e+000
 1.127500e-001, 3.134118e+002,-3.097195e+003, 2.780839e+003,-5.211979e+000, 5.619104e+001, 8.082931e+001, 0.000000e+000, 0.000000e+000, 0.000000e+000, 0.000000e+000
 1.128000e-001, 3.770531e+002,-3.123203e+003, 2.743381e+003,-4.362902e+000, 5.730122e+001, 7.907706e+001, 0.000000e+000, 0.000000e+000, 0.000000e+000, 0.000000e+000
 1.128500e-001, 4.405034e+002,-3.148112e+003, 2.705113e+003,-3.506046e+000, 5.839778e+001, 7.730025e+001, 0.000000e+000, 0.000000e+000, 0.000000e+000, 0.000000e+000
 1.129000e-001, 5.038373e+002,-3.171905e+003, 2.665714e+003,-2.640591e+000, 5.948118e+001, 7.549986e+001, 0.000000e+000, 0.000000e+000, 0.000000e+000, 0.000000e+000
 1.129500e-001, 5.669563e+002,-3.194568e+003, 2.625531e+003,-1.767136e+000, 6.055095e+001, 7.367694e+001, 0.000000e+000, 0.000000e+000, 0.000000e+000, 0.000000e+000
 1.130000e-001, 6.298934e+002,-3.216112e+003, 2.584249e+003,-8.849001e-001, 6.160756e+001, 7.183235e+001, 0.000000e+000, 0.000000e+000, 0.000000e+000, 0.000000e+000
 1.130500e-001, 6.925922e+002,-3.236494e+003, 2.542207e+003, 5.456257e-003, 6.265046e+001, 6.996725e+001, 0.000000e+000, 0.000000e+000, 0.000000e+000, 0.000000e+000
 1.131000e-001, 7.550441e+002,-3.255758e+003, 2.499102e+003, 9.046379e-001, 6.368012e+001, 6.808236e+001, 0.000000e+000, 0.000000e+000, 0.000000e+000, 0.000000e+000
 1.131500e-001, 8.172339e+002,-3.273830e+003, 2.455262e+003, 1.811949e+000, 6.469591e+001, 6.617890e+001, 0.000000e+000, 0.000000e+000, 0.000000e+000, 0.000000e+000
 1.132000e-001, 8.791134e+002,-3.290786e+003, 2.410397e+003, 2.727982e+000, 6.569830e+001, 6.425751e+001, 0.000000e+000, 0.000000e+000, 0.000000e+000, 0.000000e+000
 1.132500e-001, 9.407060e+002,-3.306520e+003, 2.364819e+003, 3.652034e+000, 6.668656e+001, 6.231946e+001, 0.000000e+000, 0.000000e+000, 0.000000e+000, 0.000000e+000
 1.133000e-001, 1.001927e+003,-3.321146e+003, 2.318260e+003, 4.584553e+000, 6.766119e+001, 6.036528e+001, 0.000000e+000, 0.000000e+000, 0.000000e+000, 0.000000e+000
 1.133500e-001, 1.062835e+003,-3.334518e+003, 2.271009e+003, 5.524850e+000, 6.862135e+001, 5.839625e+001, 0.000000e+000, 0.000000e+000, 0.000000e+000, 0.000000e+000
 1.134000e-001, 1.123313e+003,-3.346791e+003, 2.222822e+003, 6.473205e+000, 6.956752e+001, 5.641285e+001, 0.000000e+000, 0.000000e+000, 0.000000e+000, 0.000000e+000
 1.134500e-001, 1.183448e+003,-3.357781e+003, 2.173967e+003, 7.428965e+000, 7.049879e+001, 5.441634e+001, 0.000000e+000, 0.000000e+000, 0.000000e+000, 0.000000e+000
 1.135000e-001, 1.243100e+003,-3.367684e+003, 2.124222e+003, 8.392220e+000, 7.141562e+001, 5.240715e+001, 0.000000e+000, 0.000000e+000, 0.000000e+000, 0.000000e+000
 1.135500e-001, 1.302377e+003,-3.376275e+003, 2.073831e+003, 9.362366e+000, 7.231704e+001, 5.038651e+001, 0.000000e+000, 0.000000e+000, 0.000000e+000, 0.000000e+000
 1.136000e-001, 1.361121e+003,-3.383793e+003, 2.022600e+003, 1.033929e+001, 7.320345e+001, 4.835479e+001, 0.000000e+000, 0.000000e+000, 0.000000e+000, 0.000000e+000
 1.136500e-001, 1.419454e+003,-3.389972e+003, 1.970747e+003, 1.132246e+001, 7.407384e+001, 4.631319e+001, 0.000000e+000, 0.000000e+000, 0.000000e+000, 0.000000e+000
 1.137000e-001, 1.477210e+003,-3.395093e+003, 1.918102e+003, 1.231154e+001, 7.492855e+001, 4.426205e+001, 0.000000e+000, 0.000000e+000, 0.000000e+000, 0.000000e+000
 1.137500e-001, 1.534515e+003,-3.398851e+003, 1.864861e+003, 1.330608e+001, 7.576654e+001, 4.220250e+001, 0.000000e+000, 0.000000e+000, 0.000000e+000, 0.000000e+000
 1.138000e-001, 1.591203e+003,-3.401566e+003, 1.810878e+003, 1.430553e+001, 7.658807e+001, 4.013486e+001, 0.000000e+000, 0.000000e+000, 0.000000e+000, 0.000000e+000
 1.138500e-001, 1.647399e+003,-3.402896e+003, 1.756327e+003, 1.530949e+001, 7.739207e+001, 3.806018e+001, 0.000000e+000, 0.000000e+000, 0.000000e+000, 0.000000e+000
 1.139000e-001, 1.702941e+003,-3.403202e+003, 1.701082e+003, 1.631725e+001, 7.817872e+001, 3.597879e+001, 0.000000e+000, 0.000000e+000, 0.000000e+000, 0.000000e+000
 1.139500e-001, 1.757946e+003,-3.402102e+003, 1.645299e+003, 1.732845e+001, 7.894696e+001, 3.389162e+001, 0.000000e+000, 0.000000e+000, 0.000000e+000, 0.000000e+000
 1.140000e-001, 1.812267e+003,-3.399995e+003, 1.588871e+003, 1.834220e+001, 7.969685e+001, 3.179901e+001, 0.000000e+000, 0.000000e+000, 0.000000e+000, 0.000000e+000
 1.140500e-001, 1.866002e+003,-3.396467e+003, 1.531938e+003, 1.935820e+001, 8.042737e+001, 2.970181e+001, 0.000000e+000, 0.000000e+000, 0.000000e+000, 0.000000e+000
 1.141000e-001, 1.919026e+003,-3.391948e+003, 1.474407e+003, 2.037540e+001, 8.113844e+001, 2.760037e+001, 0.000000e+000, 0.000000e+000, 0.000000e+000, 0.000000e+000
 1.141500e-001, 1.971415e+003,-3.385998e+003, 1.416405e+003, 2.139353e+001, 8.182907e+001, 2.549543e+001, 0.000000e+000, 0.000000e+000, 0.000000e+000, 0.000000e+000
 1.142000e-001, 2.023068e+003,-3.379072e+003, 1.357853e+003, 2.241142e+001, 8.249907e+001, 2.338735e+001, 0.000000e+000, 0.000000e+000, 0.000000e+000, 0.000000e+000
 1.142500e-001, 2.074036e+003,-3.370707e+003, 1.298867e+003, 2.342881e+001, 8.314749e+001, 2.127676e+001, 0.000000e+000, 0.000000e+000, 0.000000e+000, 0.000000e+000
 1.143000e-001, 2.124248e+003,-3.361382e+003, 1.239376e+003, 2.444444e+001, 8.377400e+001, 1.916408e+001, 0.000000e+000, 0.000000e+000, 0.000000e+000, 0.000000e+000
 1.143500e-001, 2.173722e+003,-3.350616e+003, 1.179492e+003, 2.545804e+001, 8.437773e+001, 1.704980e+001, 0.000000e+000, 0.000000e+000, 0.000000e+000, 0.000000e+000
 1.144000e-001, 2.222420e+003,-3.338902e+003, 1.119146e+003, 2.646831e+001, 8.495820e+001, 1.493438e+001, 0.000000e+000, 0.000000e+000, 0.000000e+000, 0.000000e+000
 1.144500e-001, 2.270332e+003,-3.325751e+003, 1.058449e+003, 2.747494e+001, 8.551463e+001, 1.281821e+001, 0.000000e+000, 0.000000e+000, 0.000000e+000, 0.000000e+000
 1.145000e-001, 2.317448e+003,-3.311662e+003, 9.973339e+002, 2.847660e+001, 8.604636e+001, 1.070178e+001, 0.000000e+000, 0.000000e+000, 0.000000e+000, 0.000000e+000
 1.145500e-001, 2.363729e+003,-3.296146e+003, 9.359137e+002, 2.947294e+001, 8.655275e+001, 8.585396e+000, 0.000000e+000, 0.000000e+000, 0.000000e+000, 0.000000e+000
 1.146000e-001, 2.409197e+003,-3.279700e+003, 8.741152e+002, 3.046265e+001, 8.703297e+001, 6.469554e+000, 0.000000e+000, 0.000000e+000, 0.000000e+000, 0.000000e+000
 1.146500e-001, 2.453783e+003,-3.261843e+003, 8.120592e+002, 3.144531e+001, 8.748648e+001, 4.354503e+000, 0.000000e+000, 0.000000e+000, 0.000000e+000, 0.000000e+000
 1.147000e-001, 2.497536e+003,-3.243061e+003, 7.496652e+002, 3.241966e+001, 8.791233e+001, 2.240752e+000, 0.000000e+000, 0.000000e+000, 0.000000e+000, 0.000000e+000
 1.147500e-001, 2.540366e+003,-3.222888e+003, 6.870626e+002, 3.338518e+001, 8.831007e+001, 1.284876e-001, 0.000000e+000, 0.000000e+000, 0.000000e+000, 0.000000e+000
 1.148000e-001, 2.582341e+003,-3.201795e+003, 6.241614e+002, 3.434072e+001, 8.867863e+001,-1.981763e+000, 0.000000e+000, 0.000000e+000, 0.000000e+000, 0.000000e+000
 1.148500e-001, 2.623355e+003,-3.179336e+003, 5.611020e+002, 3.528563e+001, 8.901769e+001,-4.089861e+000, 0.000000e+000, 0.000000e+000, 0.000000e+000, 0.000000e+000
 1.149000e-001, 2.663491e+003,-3.155960e+003, 4.977827e+002, 3.621888e+001, 8.932603e+001,-6.195267e+000, 0.000000e+000, 0.000000e+000, 0.000000e+000, 0.000000e+000
 1.149500e-001, 2.702634e+003,-3.131249e+003, 4.343567e+002, 3.713971e+001, 8.960347e+001,-8.297874e+000, 0.000000e+000, 0.000000e+000, 0.000000e+000, 0.000000e+000
 1.150000e-001, 2.740871e+003,-3.105621e+003, 3.707092e+002, 3.804723e+001, 8.984869e+001,-1.039714e+001, 0.000000e+000, 0.000000e+000, 0.000000e+000, 0.000000e+000
 1.150500e-001, 2.778088e+003,-3.078695e+003, 3.070068e+002, 3.894056e+001, 9.006161e+001,-1.249296e+001, 0.000000e+000, 0.000000e+000, 0.000000e+000, 0.000000e+000
 1.151000e-001, 2.814371e+003,-3.050849e+003, 2.431215e+002, 3.981896e+001, 9.024085e+001,-1.458480e+001, 0.000000e+000, 0.000000e+000, 0.000000e+000, 0.000000e+000
 1.151500e-001, 2.849611e+003,-3.021747e+003, 1.792332e+002, 4.068142e+001, 9.038644e+001,-1.667256e+001, 0.000000e+000, 0.000000e+000, 0.000000e+000, 0.000000e+000
 1.152000e-001, 2.883885e+003,-2.991723e+003, 1.152009e+002, 4.152739e+001, 9.049693e+001,-1.875570e+001, 0.000000e+000, 0.000000e+000, 0.000000e+000, 0.000000e+000
 1.152500e-001, 2.917101e+003,-2.960487e+003, 5.121731e+001, 4.235573e+001, 9.057248e+001,-2.083410e+001, 0.000000e+000, 0.000000e+000, 0.000000e+000, 0.000000e+000
 1.153000e-001, 2.949314e+003,-2.928327e+003,-1.287107e+001, 4.316607e+001, 9.061158e+001,-2.290723e+001, 0.000000e+000, 0.000000e+000, 0.000000e+000, 0.000000e+000
 1.153500e-001, 2.980460e+003,-2.895002e+003,-7.685945e+001, 4.395715e+001, 9.061450e+001,-2.497495e+001, 0.000000e+000, 0.000000e+000, 0.000000e+000, 0.000000e+000
 1.154000e-001, 3.010566e+003,-2.860750e+003,-1.409126e+002, 4.472879e+001, 9.057974e+001,-2.703673e+001, 0.000000e+000, 0.000000e+000, 0.000000e+000, 0.000000e+000
 1.154500e-001, 3.039600e+003,-2.825386e+003,-2.048156e+002, 4.547964e+001, 9.050765e+001,-2.909238e+001, 0.000000e+000, 0.000000e+000, 0.000000e+000, 0.000000e+000
 1.155000e-001, 3.067552e+003,-2.789092e+003,-2.687425e+002, 4.620967e+001, 9.039677e+001,-3.114141e+001, 0.000000e+000, 0.000000e+000, 0.000000e+000, 0.000000e+000
 1.155500e-001, 3.094433e+003,-2.751738e+003,-3.324701e+002, 4.691748e+001, 9.024751e+001,-3.318355e+001, 0.000000e+000, 0.000000e+000, 0.000000e+000, 0.000000e+000
 1.156000e-001, 3.120191e+003,-2.713453e+003,-3.961796e+002, 4.760319e+001, 9.005846e+001,-3.521833e+001, 0.000000e+000, 0.000000e+000, 0.000000e+000, 0.000000e+000
 1.156500e-001, 3.144882e+003,-2.674164e+003,-4.596423e+002, 4.826536e+001, 8.983012e+001,-3.724541e+001, 0.000000e+000, 0.000000e+000, 0.000000e+000, 0.000000e+000
 1.157000e-001, 3.168407e+003,-2.633944e+003,-5.230438e+002, 4.890423e+001, 8.956116e+001,-3.926436e+001, 0.000000e+000, 0.000000e+000, 0.000000e+000, 0.000000e+000
 1.157500e-001, 3.190872e+003,-2.592775e+003,-5.861525e+002, 4.951837e+001, 8.925213e+001,-4.127476e+001, 0.000000e+000, 0.000000e+000, 0.000000e+000, 0.000000e+000
 1.158000e-001, 3.212130e+003,-2.550678e+003,-6.491558e+002, 5.010811e+001, 8.890182e+001,-4.327617e+001, 0.000000e+000, 0.000000e+000, 0.000000e+000, 0.000000e+000
 1.158500e-001, 3.232338e+003,-2.507689e+003,-7.118220e+002, 5.067207e+001, 8.851081e+001,-4.526812e+001, 0.000000e+000, 0.000000e+000, 0.000000e+000, 0.000000e+000
 1.159000e-001, 3.251297e+003,-2.463776e+003,-7.743373e+002, 5.121064e+001, 8.807804e+001,-4.725018e+001, 0.000000e+000, 0.000000e+000, 0.000000e+000, 0.000000e+000
 1.159500e-001, 3.269219e+003,-2.419028e+003,-8.364733e+002, 5.172252e+001, 8.760414e+001,-4.922179e+001, 0.000000e+000, 0.000000e+000, 0.000000e+000, 0.000000e+000
 1.160000e-001, 3.285852e+003,-2.373364e+003,-8.984117e+002, 5.220814e+001, 8.708818e+001,-5.118255e+001, 0.000000e+000, 0.000000e+000, 0.000000e+000, 0.000000e+000
 1.160500e-001, 3.301460e+003,-2.326919e+003,-9.599305e+002, 5.266630e+001, 8.653082e+001,-5.313181e+001, 0.000000e+000, 0.000000e+000, 0.000000e+000, 0.000000e+000
 1.161000e-001, 3.315744e+003,-2.279571e+003,-1.021204e+003, 5.309745e+001, 8.593134e+001,-5.506918e+001, 0.000000e+000, 0.000000e+000, 0.000000e+000, 0.000000e+000
 1.161500e-001, 3.329014e+003,-2.231497e+003,-1.082019e+003, 5.350055e+001, 8.529038e+001,-5.699392e+001, 0.000000e+000, 0.000000e+000, 0.000000e+000, 0.000000e+000
 1.162000e-001, 3.340929e+003,-2.182534e+003,-1.142541e+003, 5.387601e+001, 8.460743e+001,-5.890566e+001, 0.000000e+000, 0.000000e+000, 0.000000e+000, 0.000000e+000
 1.162500e-001, 3.351841e+003,-2.132898e+003,-1.202568e+003, 5.422296e+001, 8.388316e+001,-6.080359e+001, 0.000000e+000, 0.000000e+000, 0.000000e+000, 0.000000e+000
 1.163000e-001, 3.361371e+003,-2.082393e+003,-1.262252e+003, 5.454178e+001, 8.311724e+001,-6.268733e+001, 0.000000e+000, 0.000000e+000, 0.000000e+000, 0.000000e+000
 1.163500e-001, 3.369905e+003,-2.031265e+003,-1.321406e+003, 5.483181e+001, 8.231036e+001,-6.455600e+001, 0.000000e+000, 0.000000e+000, 0.000000e+000, 0.000000e+000
 1.164000e-001, 3.377038e+003,-1.979292e+003,-1.380167e+003, 5.509335e+001, 8.146240e+001,-6.640923e+001, 0.000000e+000, 0.000000e+000, 0.000000e+000, 0.000000e+000
 1.164500e-001, 3.383180e+003,-1.926746e+003,-1.438366e+003, 5.532597e+001, 8.057407e+001,-6.824606e+001, 0.000000e+000, 0.000000e+000, 0.000000e+000, 0.000000e+000
 1.165000e-001, 3.387907e+003,-1.873381e+003,-1.496121e+003, 5.552989e+001, 7.964544e+001,-7.006612e+001, 0.000000e+000, 0.000000e+000, 0.000000e+000, 0.000000e+000
 1.165500e-001, 3.391645e+003,-1.819490e+003,-1.553282e+003, 5.570492e+001, 7.867725e+001,-7.186839e+001, 0.000000e+000, 0.000000e+000, 0.000000e+000, 0.000000e+000
 1.166000e-001, 3.393961e+003,-1.764812e+003,-1.609951e+003, 5.585117e+001, 7.766975e+001,-7.365249e+001, 0.000000e+000, 0.000000e+000, 0.000000e+000, 0.000000e+000
 1.166500e-001, 3.395287e+003,-1.709653e+003,-1.665994e+003, 5.596872e+001, 7.662371e+001,-7.541736e+001, 0.000000e+000, 0.000000e+000, 0.000000e+000, 0.000000e+000
 1.167000e-001, 3.395190e+003,-1.653742e+003,-1.721495e+003, 5.605755e+001, 7.553959e+001,-7.716261e+001, 0.000000e+000, 0.000000e+000, 0.000000e+000, 0.000000e+000
 1.167500e-001, 3.394097e+003,-1.597393e+003,-1.776342e+003, 5.611802e+001, 7.441817e+001,-7.888712e+001, 0.000000e+000, 0.000000e+000, 0.000000e+000, 0.000000e+000
 1.168000e-001, 3.391591e+003,-1.540330e+003,-1.830597e+003, 5.615000e+001, 7.326007e+001,-8.059049e+001, 0.000000e+000, 0.000000e+000, 0.000000e+000, 0.000000e+000
 1.168500e-001, 3.388078e+003,-1.482873e+003,-1.884171e+003, 5.615408e+001, 7.206612e+001,-8.227158e+001, 0.000000e+000, 0.000000e+000, 0.000000e+000, 0.000000e+000
 1.169000e-001, 3.383166e+003,-1.424741e+003,-1.937102e+003, 5.613004e+001, 7.083711e+001,-8.392996e+001, 0.000000e+000, 0.000000e+000, 0.000000e+000, 0.000000e+000
 1.169500e-001, 3.377236e+003,-1.366256e+003,-1.989327e+003, 5.607870e+001, 6.957389e+001,-8.556446e+001, 0.000000e+000, 0.000000e+000, 0.000000e+000, 0.000000e+000
 1.170000e-001, 3.369927e+003,-1.307140e+003,-2.040861e+003, 5.599975e+001, 6.827740e+001,-8.717467e+001, 0.000000e+000, 0.000000e+000, 0.000000e+000, 0.000000e+000
 1.170500e-001, 3.361584e+003,-1.247711e+003,-2.091664e+003, 5.589423e+001, 6.694851e+001,-8.875936e+001, 0.000000e+000, 0.000000e+000, 0.000000e+000, 0.000000e+000
 1.171000e-001, 3.351890e+003,-1.187696e+003,-2.141727e+003, 5.576176e+001, 6.558830e+001,-9.031812e+001, 0.000000e+000, 0.000000e+000, 0.000000e+000, 0.000000e+000
 1.171500e-001, 3.341145e+003,-1.127409e+003,-2.191036e+003, 5.560357e+001, 6.419771e+001,-9.184971e+001, 0.000000e+000, 0.000000e+000, 0.000000e+000, 0.000000e+000
 1.172000e-001, 3.329080e+003,-1.066581e+003,-2.239558e+003, 5.541920e+001, 6.277788e+001,-9.335371e+001, 0.000000e+000, 0.000000e+000, 0.000000e+000, 0.000000e+000
 1.172500e-001, 3.315945e+003,-1.005521e+003,-2.287303e+003, 5.521007e+001, 6.132981e+001,-9.482888e+001, 0.000000e+000, 0.000000e+000, 0.000000e+000, 0.000000e+000
 1.173000e-001, 3.301528e+003,-9.439673e+002,-2.334214e+003, 5.497569e+001, 5.985473e+001,-9.627479e+001, 0.000000e+000, 0.000000e+000, 0.000000e+000, 0.000000e+000
 1.173500e-001, 3.286021e+003,-8.822220e+002,-2.380329e+003, 5.471757e+001, 5.835368e+001,-9.769018e+001, 0.000000e+000, 0.000000e+000, 0.000000e+000, 0.000000e+000
 1.174000e-001, 3.269272e+003,-8.200311e+002,-2.425564e+003, 5.443525e+001, 5.682796e+001,-9.907465e+001, 0.000000e+000, 0.000000e+000, 0.000000e+000, 0.000000e+000
 1.174500e-001, 3.251413e+003,-7.576891e+002,-2.469982e+003, 5.413032e+001, 5.527865e+001,-1.004269e+002, 0.000000e+000, 0.000000e+000, 0.000000e+000, 0.000000e+000
 1.175000e-001, 3.232356e+003,-6.949490e+002,-2.513477e+003, 5.380233e+001, 5.370708e+001,-1.017466e+002, 0.000000e+000, 0.000000e+000, 0.000000e+000, 0.000000e+000
 1.175500e-001, 3.212171e+003,-6.320995e+002,-2.556136e+003, 5.345293e+001, 5.211438e+001,-1.030324e+002, 0.000000e+000, 0.000000e+000, 0.000000e+000, 0.000000e+000
 1.176000e-001, 3.190831e+003,-5.688994e+002,-2.597828e+003, 5.308173e+001, 5.050190e+001,-1.042840e+002, 0.000000e+000, 0.000000e+000, 0.000000e+000, 0.000000e+000
 1.176500e-001, 3.168349e+003,-5.056323e+002,-2.638668e+003, 5.269037e+001, 4.887083e+001,-1.055000e+002, 0.000000e+000, 0.000000e+000, 0.000000e+000, 0.000000e+000
 1.177000e-001, 3.144757e+003,-4.420616e+002,-2.678499e+003, 5.227853e+001, 4.722249e+001,-1.066803e+002, 0.000000e+000, 0.000000e+000, 0.000000e+000, 0.000000e+000
 1.177500e-001, 3.120010e+003,-3.784674e+002,-2.717462e+003, 5.184784e+001, 4.555812e+001,-1.078234e+002, 0.000000e+000, 0.000000e+000, 0.000000e+000, 0.000000e+000
 1.178000e-001, 3.094198e+003,-3.146158e+002,-2.755374e+003, 5.139807e+001, 4.387902e+001,-1.089290e+002, 0.000000e+000, 0.000000e+000, 0.000000e+000, 0.000000e+000
 1.178500e-001, 3.067222e+003,-2.507853e+002,-2.792406e+003, 5.093078e+001, 4.218646e+001,-1.099960e+002, 0.000000e+000, 0.000000e+000, 0.000000e+000, 0.000000e+000
 1.179000e-001, 3.039224e+003,-1.867427e+002,-2.828345e+003, 5.044587e+001, 4.048170e+001,-1.110240e+002, 0.000000e+000, 0.000000e+000, 0.000000e+000, 0.000000e+000
 1.179500e-001, 3.010060e+003,-1.227670e+002,-2.863393e+003, 4.994479e+001, 3.876604e+001,-1.120119e+002, 0.000000e+000, 0.000000e+000, 0.000000e+000, 0.000000e+000
 1.180000e-001, 2.979915e+003,-5.862354e+001,-2.897309e+003, 4.942758e+001, 3.704070e+001,-1.129593e+002, 0.000000e+000, 0.000000e+000, 0.000000e+000, 0.000000e+000
 1.180500e-001, 2.948605e+003, 5.406317e+000,-2.930322e+003, 4.889557e+001, 3.530696e+001,-1.138651e+002, 0.000000e+000, 0.000000e+000, 0.000000e+000, 0.000000e+000
 1.181000e-001, 2.916354e+003, 6.956046e+001,-2.962166e+003, 4.834893e+001, 3.356600e+001,-1.147290e+002, 0.000000e+000, 0.000000e+000, 0.000000e+000, 0.000000e+000
 1.181500e-001, 2.882946e+003, 1.335535e+002,-2.993097e+003, 4.778885e+001, 3.181911e+001,-1.155500e+002, 0.000000e+000, 0.000000e+000, 0.000000e+000, 0.000000e+000
 1.182000e-001, 2.848633e+003, 1.976282e+002,-3.022824e+003, 4.721564e+001, 3.006739e+001,-1.163277e+002, 0.000000e+000, 0.000000e+000, 0.000000e+000, 0.000000e+000
 1.182500e-001, 2.813176e+003, 2.614938e+002,-3.051631e+003, 4.663034e+001, 2.831211e+001,-1.170612e+002, 0.000000e+000, 0.000000e+000, 0.000000e+000, 0.000000e+000
 1.183000e-001, 2.776848e+003, 3.253991e+002,-3.079198e+003, 4.603338e+001, 2.655432e+001,-1.177503e+002, 0.000000e+000, 0.000000e+000, 0.000000e+000, 0.000000e+000
 1.183500e-001, 2.739394e+003, 3.890470e+002,-3.105838e+003, 4.542566e+001, 2.479524e+001,-1.183940e+002, 0.000000e+000, 0.000000e+000, 0.000000e+000, 0.000000e+000
 1.184000e-001, 2.701102e+003, 4.526930e+002,-3.131206e+003, 4.480770e+001, 2.303585e+001,-1.189921e+002, 0.000000e+000, 0.000000e+000, 0.000000e+000, 0.000000e+000
 1.184500e-001, 2.661706e+003, 5.160335e+002,-3.155641e+003, 4.418026e+001, 2.127733e+001,-1.195437e+002, 0.000000e+000, 0.000000e+000, 0.000000e+000, 0.000000e+000
 1.185000e-001, 2.621502e+003, 5.793308e+002,-3.178773e+003, 4.354396e+001, 1.952060e+001,-1.200487e+002, 0.000000e+000, 0.000000e+000, 0.000000e+000, 0.000000e+000
 1.185500e-001, 2.580225e+003, 6.422748e+002,-3.200968e+003, 4.289940e+001, 1.776675e+001,-1.205062e+002, 0.000000e+000, 0.000000e+000, 0.000000e+000, 0.000000e+000
 1.186000e-001, 2.538166e+003, 7.051343e+002,-3.221833e+003, 4.224728e+001, 1.601665e+001,-1.209162e+002, 0.000000e+000, 0.000000e+000, 0.000000e+000, 0.000000e+000
 1.186500e-001, 2.495066e+003, 7.675937e+002,-3.241755e+003, 4.158806e+001, 1.427132e+001,-1.212779e+002, 0.000000e+000, 0.000000e+000, 0.000000e+000, 0.000000e+000
 1.187000e-001, 2.451210e+003, 8.299267e+002,-3.260322e+003, 4.092249e+001, 1.253156e+001,-1.215912e+002, 0.000000e+000, 0.000000e+000, 0.000000e+000, 0.000000e+000
 1.187500e-001, 2.406351e+003, 8.918141e+002,-3.277942e+003, 4.025090e+001, 1.079828e+001,-1.218556e+002, 0.000000e+000, 0.000000e+000, 0.000000e+000, 0.000000e+000
 1.188000e-001, 2.360762e+003, 9.535328e+002,-3.294185e+003, 3.957407e+001, 9.072261e+000,-1.220709e+002, 0.000000e+000, 0.000000e+000, 0.000000e+000, 0.000000e+000
 1.188500e-001, 2.314209e+003, 1.014762e+003,-3.309477e+003, 3.889221e+001, 7.354272e+000,-1.222367e+002, 0.000000e+000, 0.000000e+000, 0.000000e+000, 0.000000e+000
 1.189000e-001, 2.266952e+003, 1.075779e+003,-3.323373e+003, 3.820609e+001, 5.645063e+000,-1.223529e+002, 0.000000e+000, 0.000000e+000, 0.000000e+000, 0.000000e+000
 1.189500e-001, 2.218773e+003, 1.136265e+003,-3.336314e+003, 3.751584e+001, 3.945278e+000,-1.224191e+002, 0.000000e+000, 0.000000e+000, 0.000000e+000, 0.000000e+000
 1.190000e-001, 2.169914e+003, 1.196494e+003,-3.347844e+003, 3.682219e+001, 2.255637e+000,-1.224353e+002, 0.000000e+000, 0.000000e+000, 0.000000e+000, 0.000000e+000
 1.190500e-001, 2.120178e+003, 1.256152e+003,-3.358414e+003, 3.612520e+001, 5.766435e-001,-1.224014e+002, 0.000000e+000, 0.000000e+000, 0.000000e+000, 0.000000e+000
 1.191000e-001, 2.069789e+003, 1.315508e+003,-3.367562e+003, 3.542553e+001,-1.091002e+000,-1.223171e+002, 0.000000e+000, 0.000000e+000, 0.000000e+000, 0.000000e+000
 1.191500e-001, 2.018567e+003, 1.374255e+003,-3.375743e+003, 3.472321e+001,-2.746944e+000,-1.221826e+002, 0.000000e+000, 0.000000e+000, 0.000000e+000, 0.000000e+000
 1.192000e-001, 1.966721e+003, 1.432654e+003,-3.382497e+003, 3.401878e+001,-4.390494e+000,-1.219977e+002, 0.000000e+000, 0.000000e+000, 0.000000e+000, 0.000000e+000
 1.192500e-001, 1.914086e+003, 1.490410e+003,-3.388278e+003, 3.331226e+001,-6.021446e+000,-1.217624e+002, 0.000000e+000, 0.000000e+000, 0.000000e+000, 0.000000e+000
 1.193000e-001, 1.860859e+003, 1.547768e+003,-3.392627e+003, 3.260408e+001,-7.639119e+000,-1.214769e+002, 0.000000e+000, 0.000000e+000, 0.000000e+000, 0.000000e+000
 1.193500e-001, 1.806886e+003, 1.604452e+003,-3.395997e+003, 3.189424e+001,-9.243455e+000,-1.211413e+002, 0.000000e+000, 0.000000e+000, 0.000000e+000, 0.000000e+000
 1.194000e-001, 1.752355e+003, 1.660688e+003,-3.397937e+003, 3.118302e+001,-1.083378e+001,-1.207555e+002, 0.000000e+000, 0.000000e+000, 0.000000e+000, 0.000000e+000
 1.194500e-001, 1.697120e+003, 1.716221e+003,-3.398888e+003, 3.047046e+001,-1.241018e+001,-1.203201e+002, 0.000000e+000, 0.000000e+000, 0.000000e+000, 0.000000e+000
 1.195000e-001, 1.641366e+003, 1.771256e+003,-3.398418e+003, 2.975669e+001,-1.397198e+001,-1.198349e+002, 0.000000e+000, 0.000000e+000, 0.000000e+000, 0.000000e+000
 1.195500e-001, 1.584948e+003, 1.825562e+003,-3.396947e+003, 2.904175e+001,-1.551940e+001,-1.193005e+002, 0.000000e+000, 0.000000e+000, 0.000000e+000, 0.000000e+000
 1.196000e-001, 1.528051e+003, 1.879317e+003,-3.394067e+003, 2.832562e+001,-1.705178e+001,-1.187168e+002, 0.000000e+000, 0.000000e+000, 0.000000e+000, 0.000000e+000
 1.196500e-001, 1.470529e+003, 1.932318e+003,-3.390175e+003, 2.760837e+001,-1.856945e+001,-1.180846e+002, 0.000000e+000, 0.000000e+000, 0.000000e+000, 0.000000e+000
 1.197000e-001, 1.412573e+003, 1.984718e+003,-3.384890e+003, 2.688983e+001,-2.007176e+001,-1.174038e+002, 0.000000e+000, 0.000000e+000, 0.000000e+000, 0.000000e+000
 1.197500e-001, 1.354030e+003, 2.036342e+003,-3.378580e+003, 2.617010e+001,-2.155916e+001,-1.166754e+002, 0.000000e+000, 0.000000e+000, 0.000000e+000, 0.000000e+000
 1.198000e-001, 1.295098e+003, 2.087311e+003,-3.370898e+003, 2.544886e+001,-2.303101e+001,-1.158992e+002, 0.000000e+000, 0.000000e+000, 0.000000e+000, 0.000000e+000
 1.198500e-001, 1.235616e+003, 2.137486e+003,-3.362177e+003, 2.472623e+001,-2.448783e+001,-1.150763e+002, 0.000000e+000, 0.000000e+000, 0.000000e+000, 0.000000e+000
 1.199000e-001, 1.175796e+003, 2.186951e+003,-3.352110e+003, 2.400177e+001,-2.592900e+001,-1.142066e+002, 0.000000e+000, 0.000000e+000, 0.000000e+000, 0.000000e+000
 1.199500e-001, 1.115458e+003, 2.235606e+003,-3.340989e+003, 2.327561e+001,-2.735514e+001,-1.132914e+002, 0.000000e+000, 0.000000e+000, 0.000000e+000, 0.000000e+000
 1.200000e-001, 1.054835e+003, 2.283499e+003,-3.328552e+003, 2.254722e+001,-2.876563e+001,-1.123305e+002, 0.000000e+000, 0.000000e+000, 0.000000e+000, 0.000000e+000
 1.200500e-001, 9.937283e+002, 2.330566e+003,-3.315045e+003, 2.181672e+001,-3.016114e+001,-1.113254e+002, 0.000000e+000, 0.000000e+000, 0.000000e+000, 0.000000e+000
 1.201000e-001, 9.323911e+002, 2.376818e+003,-3.300255e+003, 2.108349e+001,-3.154108e+001,-1.102758e+002, 0.000000e+000, 0.000000e+000, 0.000000e+000, 0.000000e+000
 1.201500e-001, 8.706014e+002, 2.422229e+003,-3.284380e+003, 2.034766e+001,-3.290616e+001,-1.091833e+002, 0.000000e+000, 0.000000e+000, 0.000000e+000, 0.000000e+000
 1.202000e-001, 8.086376e+002, 2.466775e+003,-3.267259e+003, 1.960855e+001,-3.425583e+001,-1.080479e+002, 0.000000e+000, 0.000000e+000, 0.000000e+000, 0.000000e+000
 1.202500e-001, 7.462534e+002, 2.510468e+003,-3.249037e+003, 1.886628e+001,-3.559079e+001,-1.068710e+002, 0.000000e+000, 0.000000e+000, 0.000000e+000, 0.000000e+000
 1.203000e-001, 6.837515e+002, 2.553245e+003,-3.229610e+003, 1.812012e+001,-3.691054e+001,-1.056527e+002, 0.000000e+000, 0.000000e+000, 0.000000e+000, 0.000000e+000
 1.203500e-001, 6.208620e+002, 2.595155e+003,-3.209066e+003, 1.737017e+001,-3.821579e+001,-1.043946e+002, 0.000000e+000, 0.000000e+000, 0.000000e+000, 0.000000e+000
 1.204000e-001, 5.579108e+002, 2.636103e+003,-3.187360e+003, 1.661573e+001,-3.950606e+001,-1.030967e+002, 0.000000e+000, 0.000000e+000, 0.000000e+000, 0.000000e+000
 1.204500e-001, 4.946061e+002, 2.676172e+003,-3.164523e+003, 1.585681e+001,-4.078205e+001,-1.017607e+002, 0.000000e+000, 0.000000e+000, 0.000000e+000, 0.000000e+000
 1.205000e-001, 4.312946e+002, 2.715233e+003,-3.140568e+003, 1.509277e+001,-4.204332e+001,-1.003866e+002, 0.000000e+000, 0.000000e+000, 0.000000e+000, 0.000000e+000
 1.205500e-001, 3.676657e+002, 2.753402e+003,-3.115471e+003, 1.432356e+001,-4.329053e+001,-9.897627e+001, 0.000000e+000, 0.000000e+000, 0.000000e+000, 0.000000e+000
 1.206000e-001, 3.040828e+002, 2.790521e+003,-3.089301e+003, 1.354862e+001,-4.452330e+001,-9.752965e+001, 0.000000e+000, 0.000000e+000, 0.000000e+000, 0.000000e+000
 1.206500e-001, 2.402213e+002, 2.826736e+003,-3.061980e+003, 1.276780e+001,-4.574222e+001,-9.604862e+001, 0.000000e+000, 0.000000e+000, 0.000000e+000, 0.000000e+000
 1.207000e-001, 1.764560e+002, 2.861861e+003,-3.033631e+003, 1.198066e+001,-4.694696e+001,-9.453323e+001, 0.000000e+000, 0.000000e+000, 0.000000e+000, 0.000000e+000
 1.207500e-001, 1.124540e+002, 2.896069e+003,-3.004125e+003, 1.118696e+001,-4.813806e+001,-9.298534e+001, 0.000000e+000, 0.000000e+000, 0.000000e+000, 0.000000e+000
 1.208000e-001, 4.859508e+001, 2.929150e+003,-2.973637e+003, 1.038639e+001,-4.931523e+001,-9.140507e+001, 0.000000e+000, 0.000000e+000, 0.000000e+000, 0.000000e+000
 1.208500e-001,-1.545502e+001, 2.961302e+003,-2.941988e+003, 9.578616e+000,-5.047893e+001,-8.979423e+001, 0.000000e+000, 0.000000e+000, 0.000000e+000, 0.000000e+000
 1.209000e-001,-7.931895e+001, 2.992293e+003,-2.909404e+003, 8.763475e+000,-5.162892e+001,-8.815305e+001, 0.000000e+000, 0.000000e+000, 0.000000e+000, 0.000000e+000
 1.209500e-001,-1.433246e+002, 3.022341e+003,-2.875659e+003, 7.940541e+000,-5.276556e+001,-8.648325e+001, 0.000000e+000, 0.000000e+000, 0.000000e+000, 0.000000e+000
 1.210000e-001,-2.071052e+002, 3.051198e+003,-2.841023e+003, 7.109823e+000,-5.388868e+001,-8.478519e+001, 0.000000e+000, 0.000000e+000, 0.000000e+000, 0.000000e+000
 1.210500e-001,-2.709740e+002, 3.079098e+003,-2.805231e+003, 6.270796e+000,-5.499854e+001,-8.306049e+001, 0.000000e+000, 0.000000e+000, 0.000000e+000, 0.000000e+000
 1.211000e-001,-3.345831e+002, 3.105781e+003,-2.768592e+003, 5.423655e+000,-5.609500e+001,-8.130960e+001, 0.000000e+000, 0.000000e+000, 0.000000e+000, 0.000000e+000
 1.211500e-001,-3.982230e+002, 3.131492e+003,-2.730806e+003, 4.567780e+000,-5.717823e+001,-7.953404e+001, 0.000000e+000, 0.000000e+000, 0.000000e+000, 0.000000e+000
 1.212000e-001,-4.615728e+002, 3.155964e+003,-2.692214e+003, 3.703558e+000,-5.824812e+001,-7.773438e+001, 0.000000e+000, 0.000000e+000, 0.000000e+000, 0.000000e+000
 1.212500e-001,-5.248921e+002, 3.179448e+003,-2.652490e+003, 2.830290e+000,-5.930474e+001,-7.591200e+001, 0.000000e+000, 0.000000e+000, 0.000000e+000, 0.000000e+000
 1.213000e-001,-5.878951e+002, 3.201673e+003,-2.611998e+003, 1.948549e+000,-6.034801e+001,-7.406758e+001, 0.000000e+000, 0.000000e+000, 0.000000e+000, 0.000000e+000
 1.213500e-001,-6.508030e+002, 3.222895e+003,-2.570394e+003, 1.057573e+000,-6.137792e+001,-7.220239e+001, 0.000000e+000, 0.000000e+000, 0.000000e+000, 0.000000e+000
 1.214000e-001,-7.133722e+002, 3.242842e+003,-2.528060e+003, 1.581140e-001,-6.239438e+001,-7.031718e+001, 0.000000e+000, 0.000000e+000, 0.000000e+000, 0.000000e+000
 1.214500e-001,-7.757786e+002, 3.261771e+003,-2.484638e+003,-7.506293e-001,-6.339730e+001,-6.841310e+001, 0.000000e+000, 0.000000e+000, 0.000000e+000, 0.000000e+000
 1.215000e-001,-8.378273e+002, 3.279410e+003,-2.440520e+003,-1.667745e+000,-6.438658e+001,-6.649100e+001, 0.000000e+000, 0.000000e+000, 0.000000e+000, 0.000000e+000
 1.215500e-001,-8.996432e+002, 3.296019e+003,-2.395343e+003,-2.594046e+000,-6.536207e+001,-6.455186e+001, 0.000000e+000, 0.000000e+000, 0.000000e+000, 0.000000e+000
 1.216000e-001,-9.610851e+002, 3.311326e+003,-2.349503e+003,-3.528481e+000,-6.632365e+001,-6.259662e+001, 0.000000e+000, 0.000000e+000, 0.000000e+000, 0.000000e+000
 1.216500e-001,-1.022223e+003, 3.325588e+003,-2.302638e+003,-4.471849e+000,-6.727108e+001,-6.062614e+001, 0.000000e+000, 0.000000e+000, 0.000000e+000, 0.000000e+000
 1.217000e-001,-1.082972e+003, 3.338540e+003,-2.255141e+003,-5.422980e+000,-6.820423e+001,-5.864143e+001, 0.000000e+000, 0.000000e+000, 0.000000e+000, 0.000000e+000
 1.217500e-001,-1.143346e+003, 3.350435e+003,-2.206656e+003,-6.382633e+000,-6.912280e+001,-5.664320e+001, 0.000000e+000, 0.000000e+000, 0.000000e+000, 0.000000e+000
 1.218000e-001,-1.203318e+003, 3.361014e+003,-2.157568e+003,-7.349546e+000,-7.002661e+001,-5.463251e+001, 0.000000e+000, 0.000000e+000, 0.000000e+000, 0.000000e+000
 1.218500e-001,-1.262842e+003, 3.370524e+003,-2.107534e+003,-8.324406e+000,-7.091531e+001,-5.260996e+001, 0.000000e+000, 0.000000e+000, 0.000000e+000, 0.000000e+000
 1.219000e-001,-1.321952e+003, 3.378712e+003,-2.056925e+003,-9.305893e+000,-7.178867e+001,-5.057664e+001, 0.000000e+000, 0.000000e+000, 0.000000e+000, 0.000000e+000
 1.219500e-001,-1.380544e+003, 3.385823e+003,-2.005415e+003,-1.029459e+001,-7.264629e+001,-4.853301e+001, 0.000000e+000, 0.000000e+000, 0.000000e+000, 0.000000e+000
 1.220000e-001,-1.438708e+003, 3.391609e+003,-1.953356e+003,-1.128915e+001,-7.348791e+001,-4.648022e+001, 0.000000e+000, 0.000000e+000, 0.000000e+000, 0.000000e+000
 1.220500e-001,-1.496286e+003, 3.396309e+003,-1.900445e+003,-1.229003e+001,-7.431306e+001,-4.441862e+001, 0.000000e+000, 0.000000e+000, 0.000000e+000, 0.000000e+000
 1.221000e-001,-1.553422e+003, 3.399683e+003,-1.847011e+003,-1.329589e+001,-7.512141e+001,-4.234934e+001, 0.000000e+000, 0.000000e+000, 0.000000e+000, 0.000000e+000
 1.221500e-001,-1.609906e+003, 3.401966e+003,-1.792775e+003,-1.430702e+001,-7.591249e+001,-4.027265e+001, 0.000000e+000, 0.000000e+000, 0.000000e+000, 0.000000e+000
 1.222000e-001,-1.665932e+003, 3.402922e+003,-1.738042e+003,-1.532211e+001,-7.668588e+001,-3.818968e+001, 0.000000e+000, 0.000000e+000, 0.000000e+000, 0.000000e+000
 1.222500e-001,-1.721245e+003, 3.402784e+003,-1.682560e+003,-1.634129e+001,-7.744109e+001,-3.610061e+001, 0.000000e+000, 0.000000e+000, 0.000000e+000, 0.000000e+000
 1.223000e-001,-1.776081e+003, 3.401319e+003,-1.626606e+003,-1.736331e+001,-7.817764e+001,-3.400655e+001, 0.000000e+000, 0.000000e+000, 0.000000e+000, 0.000000e+000
 1.223500e-001,-1.830147e+003, 3.398759e+003,-1.569957e+003,-1.838810e+001,-7.889498e+001,-3.190762e+001, 0.000000e+000, 0.000000e+000, 0.000000e+000, 0.000000e+000
 1.224000e-001,-1.883713e+003, 3.394875e+003,-1.512863e+003,-1.941450e+001,-7.959261e+001,-2.980487e+001, 0.000000e+000, 0.000000e+000, 0.000000e+000, 0.000000e+000
 1.224500e-001,-1.936458e+003, 3.389896e+003,-1.455128e+003,-2.044223e+001,-8.026994e+001,-2.769841e+001, 0.000000e+000, 0.000000e+000, 0.000000e+000, 0.000000e+000
 1.225000e-001,-1.988677e+003, 3.383597e+003,-1.396975e+003,-2.147023e+001,-8.092639e+001,-2.558921e+001, 0.000000e+000, 0.000000e+000, 0.000000e+000, 0.000000e+000
 1.225500e-001,-2.040029e+003, 3.376206e+003,-1.338237e+003,-2.249804e+001,-8.156139e+001,-2.347735e+001, 0.000000e+000, 0.000000e+000, 0.000000e+000, 0.000000e+000
 1.226000e-001,-2.090825e+003, 3.367499e+003,-1.279111e+003,-2.352469e+001,-8.217427e+001,-2.136375e+001, 0.000000e+000, 0.000000e+000, 0.000000e+000, 0.000000e+000
 1.226500e-001,-2.140713e+003, 3.357707e+003,-1.219452e+003,-2.454953e+001,-8.276444e+001,-1.924847e+001, 0.000000e+000, 0.000000e+000, 0.000000e+000, 0.000000e+000
 1.227000e-001,-2.190013e+003, 3.346604e+003,-1.159437e+003,-2.557171e+001,-8.333123e+001,-1.713235e+001, 0.000000e+000, 0.000000e+000, 0.000000e+000, 0.000000e+000
 1.227500e-001,-2.238370e+003, 3.334423e+003,-1.098943e+003,-2.659038e+001,-8.387398e+001,-1.501547e+001, 0.000000e+000, 0.000000e+000, 0.000000e+000, 0.000000e+000
 1.228000e-001,-2.286101e+003, 3.320938e+003,-1.038125e+003,-2.760484e+001,-8.439199e+001,-1.289855e+001, 0.000000e+000, 0.000000e+000, 0.000000e+000, 0.000000e+000
 1.228500e-001,-2.332860e+003, 3.306386e+003,-9.768812e+002,-2.861403e+001,-8.488461e+001,-1.078173e+001, 0.000000e+000, 0.000000e+000, 0.000000e+000, 0.000000e+000
 1.229000e-001,-2.378954e+003, 3.290539e+003,-9.153494e+002,-2.961739e+001,-8.535110e+001,-8.665618e+000, 0.000000e+000, 0.000000e+000, 0.000000e+000, 0.000000e+000
 1.229500e-001,-2.424052e+003, 3.273635e+003,-8.534418e+002,-3.061371e+001,-8.579079e+001,-6.550385e+000, 0.000000e+000, 0.000000e+000, 0.000000e+000, 0.000000e+000
 1.230000e-001,-2.468440e+003, 3.255447e+003,-7.912848e+002,-3.160253e+001,-8.620293e+001,-4.436563e+000, 0.000000e+000, 0.000000e+000, 0.000000e+000, 0.000000e+000
 1.230500e-001,-2.511814e+003, 3.236215e+003,-7.288010e+002,-3.258253e+001,-8.658683e+001,-2.324352e+000, 0.000000e+000, 0.000000e+000, 0.000000e+000, 0.000000e+000
 1.231000e-001,-2.554433e+003, 3.215712e+003,-6.661084e+002,-3.355333e+001,-8.694176e+001,-2.141935e-001, 0.000000e+000, 0.000000e+000, 0.000000e+000, 0.000000e+000
 1.231500e-001,-2.596023e+003, 3.194178e+003,-6.031362e+002,-3.451352e+001,-8.726700e+001, 1.893657e+000, 0.000000e+000, 0.000000e+000, 0.000000e+000, 0.000000e+000
 1.232000e-001,-2.636812e+003, 3.171390e+003,-5.399985e+002,-3.546281e+001,-8.756185e+001, 3.998845e+000, 0.000000e+000, 0.000000e+000, 0.000000e+000, 0.000000e+000
 1.232500e-001,-2.676559e+003, 3.147584e+003,-4.766267e+002,-3.639971e+001,-8.782555e+001, 6.101062e+000, 0.000000e+000, 0.000000e+000, 0.000000e+000, 0.000000e+000
 1.233000e-001,-2.715458e+003, 3.122543e+003,-4.131347e+002,-3.732401e+001,-8.805747e+001, 8.200028e+000, 0.000000e+000, 0.000000e+000, 0.000000e+000, 0.000000e+000
 1.233500e-001,-2.753307e+003, 3.096500e+003,-3.494525e+002,-3.823419e+001,-8.825681e+001, 1.029538e+001, 0.000000e+000, 0.000000e+000, 0.000000e+000, 0.000000e+000
 1.234000e-001,-2.790261e+003, 3.069241e+003,-2.856973e+002,-3.913008e+001,-8.842300e+001, 1.238691e+001, 0.000000e+000, 0.000000e+000, 0.000000e+000, 0.000000e+000
 1.234500e-001,-2.826158e+003, 3.040995e+003,-2.217944e+002,-4.001016e+001,-8.855523e+001, 1.447419e+001, 0.000000e+000, 0.000000e+000, 0.000000e+000, 0.000000e+000
 1.235000e-001,-2.861115e+003, 3.011559e+003,-1.578674e+002,-4.087429e+001,-8.865300e+001, 1.655705e+001, 0.000000e+000, 0.000000e+000, 0.000000e+000, 0.000000e+000
 1.235500e-001,-2.895009e+003, 2.981151e+003,-9.383370e+001,-4.172100e+001,-8.871547e+001, 1.863505e+001, 0.000000e+000, 0.000000e+000, 0.000000e+000, 0.000000e+000
 1.236000e-001,-2.927918e+003, 2.949580e+003,-2.982619e+001,-4.255013e+001,-8.874225e+001, 2.070803e+001, 0.000000e+000, 0.000000e+000, 0.000000e+000, 0.000000e+000
 1.236500e-001,-2.959759e+003, 2.917052e+003, 3.424786e+001,-4.336031e+001,-8.873249e+001, 2.277550e+001, 0.000000e+000, 0.000000e+000, 0.000000e+000, 0.000000e+000
 1.237000e-001,-2.990575e+003, 2.883393e+003, 9.824473e+001,-4.415135e+001,-8.868588e+001, 2.483733e+001, 0.000000e+000, 0.000000e+000, 0.000000e+000, 0.000000e+000
 1.237500e-001,-3.020317e+003, 2.848791e+003, 1.622687e+002,-4.492197e+001,-8.860159e+001, 2.689299e+001, 0.000000e+000, 0.000000e+000, 0.000000e+000, 0.000000e+000
 1.238000e-001,-3.048996e+003, 2.813091e+003, 2.261640e+002,-4.567198e+001,-8.847941e+001, 2.894234e+001, 0.000000e+000, 0.000000e+000, 0.000000e+000, 0.000000e+000
 1.238500e-001,-3.076594e+003, 2.776464e+003, 2.900475e+002,-4.640022e+001,-8.831850e+001, 3.098483e+001, 0.000000e+000, 0.000000e+000, 0.000000e+000, 0.000000e+000
 1.239000e-001,-3.103097e+003, 2.738777e+003, 3.537508e+002,-4.710644e+001,-8.811881e+001, 3.302030e+001, 0.000000e+000, 0.000000e+000, 0.000000e+000, 0.000000e+000
 1.239500e-001,-3.128512e+003, 2.700177e+003, 4.174032e+002,-4.778963e+001,-8.787949e+001, 3.504818e+001, 0.000000e+000, 0.000000e+000, 0.000000e+000, 0.000000e+000
 1.240000e-001,-3.152801e+003, 2.660556e+003, 4.808246e+002,-4.844952e+001,-8.760061e+001, 3.706828e+001, 0.000000e+000, 0.000000e+000, 0.000000e+000, 0.000000e+000
 1.240500e-001,-3.175993e+003, 2.620038e+003, 5.441559e+002,-4.908524e+001,-8.728136e+001, 3.908000e+001, 0.000000e+000, 0.000000e+000, 0.000000e+000, 0.000000e+000
 1.241000e-001,-3.198036e+003, 2.578542e+003, 6.072059e+002,-4.969646e+001,-8.692193e+001, 4.108311e+001, 0.000000e+000, 0.000000e+000, 0.000000e+000, 0.000000e+000
 1.241500e-001,-3.218970e+003, 2.536164e+003, 6.701263e+002,-5.028251e+001,-8.652157e+001, 4.307701e+001, 0.000000e+000, 0.000000e+000, 0.000000e+000, 0.000000e+000
 1.242000e-001,-3.238735e+003, 2.492853e+003, 7.327163e+002,-5.084298e+001,-8.608057e+001, 4.506141e+001, 0.000000e+000, 0.000000e+000, 0.000000e+000, 0.000000e+000
 1.242500e-001,-3.257380e+003, 2.448675e+003, 7.951366e+002,-5.137739e+001,-8.559824e+001, 4.703569e+001, 0.000000e+000, 0.000000e+000, 0.000000e+000, 0.000000e+000
 1.243000e-001,-3.274841e+003, 2.403611e+003, 8.571788e+002,-5.188530e+001,-8.507501e+001, 4.899950e+001, 0.000000e+000, 0.000000e+000, 0.000000e+000, 0.000000e+000
 1.243500e-001,-3.291168e+003, 2.357698e+003, 9.190102e+002,-5.236637e+001,-8.451028e+001, 5.095224e+001, 0.000000e+000, 0.000000e+000, 0.000000e+000, 0.000000e+000
 1.244000e-001,-3.306300e+003, 2.310947e+003, 9.804178e+002,-5.282016e+001,-8.390456e+001, 5.289346e+001, 0.000000e+000, 0.000000e+000, 0.000000e+000, 0.000000e+000
 1.244500e-001,-3.320283e+003, 2.263364e+003, 1.041573e+003,-5.324648e+001,-8.325735e+001, 5.482257e+001, 0.000000e+000, 0.000000e+000, 0.000000e+000, 0.000000e+000
 1.245000e-001,-3.333066e+003, 2.214994e+003, 1.102259e+003,-5.364487e+001,-8.256927e+001, 5.673903e+001, 0.000000e+000, 0.000000e+000, 0.000000e+000, 0.000000e+000
 1.245500e-001,-3.344683e+003, 2.165810e+003, 1.162651e+003,-5.401530e+001,-8.183994e+001, 5.864229e+001, 0.000000e+000, 0.000000e+000, 0.000000e+000, 0.000000e+000
 1.246000e-001,-3.355099e+003, 2.115890e+003, 1.222532e+003,-5.435730e+001,-8.107008e+001, 6.053169e+001, 0.000000e+000, 0.000000e+000, 0.000000e+000, 0.000000e+000
 1.246500e-001,-3.364333e+003, 2.065176e+003, 1.282074e+003,-5.467099e+001,-8.025940e+001, 6.240670e+001, 0.000000e+000, 0.000000e+000, 0.000000e+000, 0.000000e+000
 1.247000e-001,-3.372366e+003, 2.013778e+003, 1.341066e+003,-5.495592e+001,-7.940873e+001, 6.426659e+001, 0.000000e+000, 0.000000e+000, 0.000000e+000, 0.000000e+000
 1.247500e-001,-3.379201e+003, 1.961608e+003, 1.399674e+003,-5.521231e+001,-7.851791e+001, 6.611083e+001, 0.000000e+000, 0.000000e+000, 0.000000e+000, 0.000000e+000
 1.248000e-001,-3.384841e+003, 1.908806e+003, 1.457694e+003,-5.543977e+001,-7.758785e+001, 6.793861e+001, 0.000000e+000, 0.000000e+000, 0.000000e+000, 0.000000e+000
 1.248500e-001,-3.389267e+003, 1.855255e+003, 1.515285e+003,-5.563861e+001,-7.661855e+001, 6.974940e+001, 0.000000e+000, 0.000000e+000, 0.000000e+000, 0.000000e+000
 1.249000e-001,-3.392504e+003, 1.801125e+003, 1.572253e+003,-5.580851e+001,-7.561094e+001, 7.154230e+001, 0.000000e+000, 0.000000e+000, 0.000000e+000, 0.000000e+000
 1.249500e-001,-3.394515e+003, 1.746272e+003, 1.628745e+003,-5.594984e+001,-7.456519e+001, 7.331683e+001, 0.000000e+000, 0.000000e+000, 0.000000e+000, 0.000000e+000
 1.250000e-001,-3.395342e+003, 1.690891e+003, 1.684580e+003,-5.606238e+001,-7.348232e+001, 7.507201e+001, 0.000000e+000, 0.000000e+000, 0.000000e+000, 0.000000e+000
 1.250500e-001,-3.394934e+003, 1.634815e+003, 1.739892e+003,-5.614654e+001,-7.236262e+001, 7.680732e+001, 0.000000e+000, 0.000000e+000, 0.000000e+000, 0.000000e+000
 1.251000e-001,-3.393351e+003, 1.578262e+003, 1.794517e+003,-5.620221e+001,-7.120714e+001, 7.852176e+001, 0.000000e+000, 0.000000e+000, 0.000000e+000, 0.000000e+000
 1.251500e-001,-3.390524e+003, 1.521045e+003, 1.848572e+003,-5.622984e+001,-7.001635e+001, 8.021481e+001, 0.000000e+000, 0.000000e+000, 0.000000e+000, 0.000000e+000
 1.252000e-001,-3.386530e+003, 1.463401e+003, 1.901909e+003,-5.622943e+001,-6.879134e+001, 8.188540e+001, 0.000000e+000, 0.000000e+000, 0.000000e+000, 0.000000e+000
 1.252500e-001,-3.381290e+003, 1.405126e+003, 1.954630e+003,-5.620143e+001,-6.753272e+001, 8.353303e+001, 0.000000e+000, 0.000000e+000, 0.000000e+000, 0.000000e+000
 1.253000e-001,-3.374888e+003, 1.346472e+003, 2.006605e+003,-5.614600e+001,-6.624161e+001, 8.515657e+001, 0.000000e+000, 0.000000e+000, 0.000000e+000, 0.000000e+000
 1.253500e-001,-3.367242e+003, 1.287224e+003, 2.057917e+003,-5.606356e+001,-6.491875e+001, 8.675552e+001, 0.000000e+000, 0.000000e+000, 0.000000e+000, 0.000000e+000
 1.254000e-001,-3.358440e+003, 1.227644e+003, 2.108457e+003,-5.595445e+001,-6.356530e+001, 8.832874e+001, 0.000000e+000, 0.000000e+000, 0.000000e+000, 0.000000e+000
 1.254500e-001,-3.348400e+003, 1.167508e+003, 2.158288e+003,-5.581902e+001,-6.218213e+001, 8.987570e+001, 0.000000e+000, 0.000000e+000, 0.000000e+000, 0.000000e+000
 1.255000e-001,-3.337209e+003, 1.107087e+003, 2.207321e+003,-5.565779e+001,-6.077041e+001, 9.139524e+001, 0.000000e+000, 0.000000e+000, 0.000000e+000, 0.000000e+000
 1.255500e-001,-3.324789e+003, 1.046150e+003, 2.255600e+003,-5.547108e+001,-5.933113e+001, 9.288686e+001, 0.000000e+000, 0.000000e+000, 0.000000e+000, 0.000000e+000
 1.256000e-001,-3.311222e+003, 9.849737e+002, 2.303057e+003,-5.525955e+001,-5.786546e+001, 9.434933e+001, 0.000000e+000, 0.000000e+000, 0.000000e+000, 0.000000e+000
 1.256500e-001,-3.296442e+003, 9.233237e+002, 2.349716e+003,-5.502348e+001,-5.637452e+001, 9.578220e+001, 0.000000e+000, 0.000000e+000, 0.000000e+000, 0.000000e+000
 1.257000e-001,-3.280517e+003, 8.614789e+002, 2.395530e+003,-5.476368e+001,-5.485947e+001, 9.718423e+001, 0.000000e+000, 0.000000e+000, 0.000000e+000, 0.000000e+000
 1.257500e-001,-3.263398e+003, 7.992045e+002, 2.440503e+003,-5.448037e+001,-5.332151e+001, 9.855493e+001, 0.000000e+000, 0.000000e+000, 0.000000e+000, 0.000000e+000
 1.258000e-001,-3.245135e+003, 7.367789e+002, 2.484610e+003,-5.417453e+001,-5.176183e+001, 9.989310e+001, 0.000000e+000, 0.000000e+000, 0.000000e+000, 0.000000e+000
 1.258500e-001,-3.225703e+003, 6.739693e+002, 2.527833e+003,-5.384633e+001,-5.018167e+001, 1.011982e+002, 0.000000e+000, 0.000000e+000, 0.000000e+000, 0.000000e+000
 1.259000e-001,-3.205126e+003, 6.110516e+002, 2.570170e+003,-5.349684e+001,-4.858223e+001, 1.024692e+002, 0.000000e+000, 0.000000e+000, 0.000000e+000, 0.000000e+000
 1.259500e-001,-3.183409e+003, 5.477964e+002, 2.611582e+003,-5.312622e+001,-4.696480e+001, 1.037054e+002, 0.000000e+000, 0.000000e+000, 0.000000e+000, 0.000000e+000
 1.260000e-001,-3.160547e+003, 4.844758e+002, 2.652089e+003,-5.273563e+001,-4.533057e+001, 1.049058e+002, 0.000000e+000, 0.000000e+000, 0.000000e+000, 0.000000e+000
 1.260500e-001,-3.136576e+003, 4.208653e+002, 2.691631e+003,-5.232520e+001,-4.368086e+001, 1.060698e+002, 0.000000e+000, 0.000000e+000, 0.000000e+000, 0.000000e+000
 1.261000e-001,-3.111460e+003, 3.572314e+002, 2.730251e+003,-5.189619e+001,-4.201685e+001, 1.071963e+002, 0.000000e+000, 0.000000e+000, 0.000000e+000, 0.000000e+000
 1.261500e-001,-3.085271e+003, 2.933559e+002, 2.767867e+003,-5.144868e+001,-4.033989e+001, 1.082849e+002, 0.000000e+000, 0.000000e+000, 0.000000e+000, 0.000000e+000
 1.262000e-001,-3.057936e+003, 2.294992e+002, 2.804545e+003,-5.098399e+001,-3.865113e+001, 1.093343e+002, 0.000000e+000, 0.000000e+000, 0.000000e+000, 0.000000e+000
 1.262500e-001,-3.029565e+003, 1.654489e+002, 2.840181e+003,-5.050221e+001,-3.695191e+001, 1.103443e+002, 0.000000e+000, 0.000000e+000, 0.000000e+000, 0.000000e+000
 1.263000e-001,-3.000051e+003, 1.014599e+002, 2.874866e+003,-5.000465e+001,-3.524336e+001, 1.113137e+002, 0.000000e+000, 0.000000e+000, 0.000000e+000, 0.000000e+000
 1.263500e-001,-2.969537e+003, 3.732539e+001, 2.908471e+003,-4.949145e+001,-3.352681e+001, 1.122421e+002, 0.000000e+000, 0.000000e+000, 0.000000e+000, 0.000000e+000
 1.264000e-001,-2.937886e+003,-2.670536e+001, 2.941113e+003,-4.896387e+001,-3.180335e+001, 1.131284e+002, 0.000000e+000, 0.000000e+000, 0.000000e+000, 0.000000e+000
 1.264500e-001,-2.905274e+003,-9.083374e+001, 2.972639e+003,-4.842211e+001,-3.007428e+001, 1.139724e+002, 0.000000e+000, 0.000000e+000, 0.000000e+000, 0.000000e+000
 1.265000e-001,-2.871531e+003,-1.548155e+002, 3.003191e+003,-4.786736e+001,-2.834068e+001, 1.147729e+002, 0.000000e+000, 0.000000e+000, 0.000000e+000, 0.000000e+000
 1.265500e-001,-2.836866e+003,-2.188476e+002, 3.032594e+003,-4.729988e+001,-2.660376e+001, 1.155297e+002, 0.000000e+000, 0.000000e+000, 0.000000e+000, 0.000000e+000
 1.266000e-001,-2.801081e+003,-2.826898e+002, 3.061014e+003,-4.672078e+001,-2.486459e+001, 1.162417e+002, 0.000000e+000, 0.000000e+000, 0.000000e+000, 0.000000e+000
 1.266500e-001,-2.764411e+003,-3.465357e+002, 3.088250e+003,-4.613036e+001,-2.312432e+001, 1.169088e+002, 0.000000e+000, 0.000000e+000, 0.000000e+000, 0.000000e+000
 1.267000e-001,-2.726637e+003,-4.101482e+002, 3.114497e+003,-4.552965e+001,-2.138396e+001, 1.175300e+002, 0.000000e+000, 0.000000e+000, 0.000000e+000, 0.000000e+000
 1.267500e-001,-2.688013e+003,-4.737184e+002, 3.139527e+003,-4.491902e+001,-1.964458e+001, 1.181052e+002, 0.000000e+000, 0.000000e+000, 0.000000e+000, 0.000000e+000
 1.268000e-001,-2.648306e+003,-5.370112e+002, 3.163564e+003,-4.429934e+001,-1.790718e+001, 1.186333e+002, 0.000000e+000, 0.000000e+000, 0.000000e+000, 0.000000e+000
 1.268500e-001,-2.607782e+003,-6.002166e+002, 3.186353e+003,-4.367110e+001,-1.617274e+001, 1.191143e+002, 0.000000e+000, 0.000000e+000, 0.000000e+000, 0.000000e+000
 1.269000e-001,-2.566200e+003,-6.631006e+002, 3.208145e+003,-4.303499e+001,-1.444218e+001, 1.195474e+002, 0.000000e+000, 0.000000e+000, 0.000000e+000, 0.000000e+000
 1.269500e-001,-2.523833e+003,-7.258526e+002, 3.228659e+003,-4.239158e+001,-1.271641e+001, 1.199325e+002, 0.000000e+000, 0.000000e+000, 0.000000e+000, 0.000000e+000
 1.270000e-001,-2.480438e+003,-7.882393e+002, 3.248175e+003,-4.174140e+001,-1.099629e+001, 1.202688e+002, 0.000000e+000, 0.000000e+000, 0.000000e+000, 0.000000e+000
 1.270500e-001,-2.436285e+003,-8.504498e+002, 3.266385e+003,-4.108512e+001,-9.282665e+000, 1.205563e+002, 0.000000e+000, 0.000000e+000, 0.000000e+000, 0.000000e+000
 1.271000e-001,-2.391142e+003,-9.122515e+002, 3.283596e+003,-4.042307e+001,-7.576300e+000, 1.207944e+002, 0.000000e+000, 0.000000e+000, 0.000000e+000, 0.000000e+000
 1.271500e-001,-2.345267e+003,-9.738332e+002, 3.299476e+003,-3.975600e+001,-5.877961e+000, 1.209830e+002, 0.000000e+000, 0.000000e+000, 0.000000e+000, 0.000000e+000
 1.272000e-001,-2.298441e+003,-1.034963e+003, 3.314358e+003,-3.908407e+001,-4.188340e+000, 1.211216e+002, 0.000000e+000, 0.000000e+000, 0.000000e+000, 0.000000e+000
 1.272500e-001,-2.250907e+003,-1.095830e+003, 3.327883e+003,-3.840810e+001,-2.508133e+000, 1.212104e+002, 0.000000e+000, 0.000000e+000, 0.000000e+000, 0.000000e+000
 1.273000e-001,-2.202469e+003,-1.156203e+003, 3.340416e+003,-3.772805e+001,-8.379308e-001, 1.212486e+002, 0.000000e+000, 0.000000e+000, 0.000000e+000, 0.000000e+000
 1.273500e-001,-2.153344e+003,-1.216268e+003, 3.351567e+003,-3.704480e+001, 8.216233e-001, 1.212367e+002, 0.000000e+000, 0.000000e+000, 0.000000e+000, 0.000000e+000
 1.274000e-001,-2.103364e+003,-1.275799e+003, 3.361730e+003,-3.635816e+001, 2.470051e+000, 1.211740e+002, 0.000000e+000, 0.000000e+000, 0.000000e+000, 0.000000e+000
 1.274500e-001,-2.052716e+003,-1.334979e+003, 3.370491e+003,-3.566904e+001, 4.106752e+000, 1.210609e+002, 0.000000e+000, 0.000000e+000, 0.000000e+000, 0.000000e+000
 1.275000e-001,-2.001269e+003,-1.393586e+003, 3.378270e+003,-3.497708e+001, 5.731369e+000, 1.208970e+002, 0.000000e+000, 0.000000e+000, 0.000000e+000, 0.000000e+000
 1.275500e-001,-1.949170e+003,-1.451795e+003, 3.384629e+003,-3.428321e+001, 7.343333e+000, 1.206826e+002, 0.000000e+000, 0.000000e+000, 0.000000e+000, 0.000000e+000
 1.276000e-001,-1.896330e+003,-1.509396e+003, 3.390010e+003,-3.358694e+001, 8.942412e+000, 1.204175e+002, 0.000000e+000, 0.000000e+000, 0.000000e+000, 0.000000e+000
 1.276500e-001,-1.842855e+003,-1.566554e+003, 3.393958e+003,-3.288918e+001, 1.052806e+001, 1.201020e+002, 0.000000e+000, 0.000000e+000, 0.000000e+000, 0.000000e+000
 1.277000e-001,-1.788699e+003,-1.623069e+003, 3.396933e+003,-3.218933e+001, 1.210018e+001, 1.197360e+002, 0.000000e+000, 0.000000e+000, 0.000000e+000, 0.000000e+000
 1.277500e-001,-1.733924e+003,-1.679094e+003, 3.398463e+003,-3.148828e+001, 1.365823e+001, 1.193199e+002, 0.000000e+000, 0.000000e+000, 0.000000e+000, 0.000000e+000
 1.278000e-001,-1.678530e+003,-1.734443e+003, 3.399027e+003,-3.078532e+001, 1.520225e+001, 1.188536e+002, 0.000000e+000, 0.000000e+000, 0.000000e+000, 0.000000e+000
 1.278500e-001,-1.622533e+003,-1.789255e+003, 3.398138e+003,-3.008129e+001, 1.673171e+001, 1.183377e+002, 0.000000e+000, 0.000000e+000, 0.000000e+000, 0.000000e+000
 1.279000e-001,-1.565981e+003,-1.843364e+003, 3.396288e+003,-2.937543e+001, 1.824676e+001, 1.177723e+002, 0.000000e+000, 0.000000e+000, 0.000000e+000, 0.000000e+000
 1.279500e-001,-1.508845e+003,-1.896885e+003, 3.392982e+003,-2.866849e+001, 1.974687e+001, 1.171578e+002, 0.000000e+000, 0.000000e+000, 0.000000e+000, 0.000000e+000
 1.280000e-001,-1.451215e+003,-1.949677e+003, 3.388718e+003,-2.795967e+001, 2.123234e+001, 1.164944e+002, 0.000000e+000, 0.000000e+000, 0.000000e+000, 0.000000e+000
 1.280500e-001,-1.393021e+003,-2.001830e+003, 3.383000e+003,-2.724963e+001, 2.270261e+001, 1.157827e+002, 0.000000e+000, 0.000000e+000, 0.000000e+000, 0.000000e+000
 1.281000e-001,-1.334397e+003,-2.053232e+003, 3.376327e+003,-2.653755e+001, 2.415810e+001, 1.150231e+002, 0.000000e+000, 0.000000e+000, 0.000000e+000, 0.000000e+000
 1.281500e-001,-1.275229e+003,-2.103944e+003, 3.368206e+003,-2.582398e+001, 2.559823e+001, 1.142160e+002, 0.000000e+000, 0.000000e+000, 0.000000e+000, 0.000000e+000
 1.282000e-001,-1.215693e+003,-2.153884e+003, 3.359131e+003,-2.510813e+001, 2.702355e+001, 1.133620e+002, 0.000000e+000, 0.000000e+000, 0.000000e+000, 0.000000e+000
 1.282500e-001,-1.155638e+003,-2.203082e+003, 3.348619e+003,-2.439039e+001, 2.843346e+001, 1.124615e+002, 0.000000e+000, 0.000000e+000, 0.000000e+000, 0.000000e+000
 1.283000e-001,-1.095274e+003,-2.251491e+003, 3.337153e+003,-2.367002e+001, 2.982858e+001, 1.115154e+002, 0.000000e+000, 0.000000e+000, 0.000000e+000, 0.000000e+000
 1.283500e-001,-1.034419e+003,-2.299104e+003, 3.324266e+003,-2.294729e+001, 3.120832e+001, 1.105240e+002, 0.000000e+000, 0.000000e+000, 0.000000e+000, 0.000000e+000
 1.284000e-001,-9.733118e+002,-2.345914e+003, 3.310423e+003,-2.222150e+001, 3.257339e+001, 1.094882e+002, 0.000000e+000, 0.000000e+000, 0.000000e+000, 0.000000e+000
 1.284500e-001,-9.117460e+002,-2.391875e+003, 3.295181e+003,-2.149277e+001, 3.392318e+001, 1.084085e+002, 0.000000e+000, 0.000000e+000, 0.000000e+000, 0.000000e+000
 1.285000e-001,-8.499818e+002,-2.437020e+003, 3.278979e+003,-2.076050e+001, 3.525844e+001, 1.072859e+002, 0.000000e+000, 0.000000e+000, 0.000000e+000, 0.000000e+000
 1.285500e-001,-7.877943e+002,-2.481263e+003, 3.261403e+003,-2.002465e+001, 3.657857e+001, 1.061207e+002, 0.000000e+000, 0.000000e+000, 0.000000e+000, 0.000000e+000
 1.286000e-001,-7.254596e+002,-2.524680e+003, 3.242864e+003,-1.928471e+001, 3.788437e+001, 1.049143e+002, 0.000000e+000, 0.000000e+000, 0.000000e+000, 0.000000e+000
 1.286500e-001,-6.627408e+002,-2.567142e+003, 3.222981e+003,-1.854051e+001, 3.917524e+001, 1.036668e+002, 0.000000e+000, 0.000000e+000, 0.000000e+000, 0.000000e+000
 1.287000e-001,-5.999230e+002,-2.608769e+003, 3.202128e+003,-1.779163e+001, 4.045200e+001, 1.023798e+002, 0.000000e+000, 0.000000e+000, 0.000000e+000, 0.000000e+000
 1.287500e-001,-5.367639e+002,-2.649390e+003, 3.179967e+003,-1.703778e+001, 4.171404e+001, 1.010534e+002, 0.000000e+000, 0.000000e+000, 0.000000e+000, 0.000000e+000
 1.288000e-001,-4.735509e+002,-2.689167e+003, 3.156830e+003,-1.627865e+001, 4.296220e+001, 9.968932e+001, 0.000000e+000, 0.000000e+000, 0.000000e+000, 0.000000e+000
 1.288500e-001,-4.100428e+002,-2.727889e+003, 3.132423e+003,-1.551383e+001, 4.419590e+001, 9.828755e+001, 0.000000e+000, 0.000000e+000, 0.000000e+000, 0.000000e+000
 1.289000e-001,-3.465232e+002,-2.765760e+003, 3.107032e+003,-1.474309e+001, 4.541593e+001, 9.684992e+001, 0.000000e+000, 0.000000e+000, 0.000000e+000, 0.000000e+000
 1.289500e-001,-2.827574e+002,-2.802529e+003, 3.080414e+003,-1.396598e+001, 4.662174e+001, 9.537650e+001, 0.000000e+000, 0.000000e+000, 0.000000e+000, 0.000000e+000
 1.290000e-001,-2.190204e+002,-2.838439e+003, 3.052806e+003,-1.318234e+001, 4.781409e+001, 9.386914e+001, 0.000000e+000, 0.000000e+000, 0.000000e+000, 0.000000e+000
 1.290500e-001,-1.550883e+002,-2.873203e+003, 3.024016e+003,-1.239165e+001, 4.899246e+001, 9.232791e+001, 0.000000e+000, 0.000000e+000, 0.000000e+000, 0.000000e+000
 1.291000e-001,-9.122347e+001,-2.907100e+003, 2.994228e+003,-1.159386e+001, 5.015754e+001, 9.075473e+001, 0.000000e+000, 0.000000e+000, 0.000000e+000, 0.000000e+000
 1.291500e-001,-2.721632e+001,-2.939810e+003, 2.963307e+003,-1.078841e+001, 5.130887e+001, 8.914966e+001, 0.000000e+000, 0.000000e+000, 0.000000e+000, 0.000000e+000
 1.292000e-001, 3.668634e+001,-2.971644e+003, 2.931382e+003,-9.975300e+000, 5.244703e+001, 8.751465e+001, 0.000000e+000, 0.000000e+000, 0.000000e+000, 0.000000e+000
 1.292500e-001, 1.006776e+002,-3.002254e+003, 2.898374e+003,-9.153995e+000, 5.357164e+001, 8.584978e+001, 0.000000e+000, 0.000000e+000, 0.000000e+000, 0.000000e+000
 1.293000e-001, 1.645280e+002,-3.031978e+003, 2.864357e+003,-8.324551e+000, 5.468316e+001, 8.415700e+001, 0.000000e+000, 0.000000e+000, 0.000000e+000, 0.000000e+000
 1.293500e-001, 2.284130e+002,-3.060446e+003, 2.829310e+003,-7.486460e+000, 5.578128e+001, 8.243642e+001, 0.000000e+000, 0.000000e+000, 0.000000e+000, 0.000000e+000
 1.294000e-001, 2.921206e+002,-3.088016e+003, 2.793250e+003,-6.639819e+000, 5.686632e+001, 8.068997e+001, 0.000000e+000, 0.000000e+000, 0.000000e+000, 0.000000e+000
 1.294500e-001, 3.558095e+002,-3.114302e+003, 2.756212e+003,-5.784186e+000, 5.793808e+001, 7.891779e+001, 0.000000e+000, 0.000000e+000, 0.000000e+000, 0.000000e+000
 1.295000e-001, 4.192841e+002,-3.139676e+003, 2.718161e+003,-4.919683e+000, 5.899671e+001, 7.712178e+001, 0.000000e+000, 0.000000e+000, 0.000000e+000, 0.000000e+000
 1.295500e-001, 4.826877e+002,-3.163744e+003, 2.679186e+003,-4.045959e+000, 6.004208e+001, 7.530209e+001, 0.000000e+000, 0.000000e+000, 0.000000e+000, 0.000000e+000
 1.296000e-001, 5.458391e+002,-3.186885e+003, 2.639199e+003,-3.163146e+000, 6.107422e+001, 7.346059e+001, 0.000000e+000, 0.000000e+000, 0.000000e+000, 0.000000e+000
 1.296500e-001, 6.088690e+002,-3.208702e+003, 2.598341e+003,-2.271013e+000, 6.209307e+001, 7.159747e+001, 0.000000e+000, 0.000000e+000, 0.000000e+000, 0.000000e+000
 1.297000e-001, 6.716071e+002,-3.229573e+003, 2.556476e+003,-1.369690e+000, 6.309848e+001, 6.971450e+001, 0.000000e+000, 0.000000e+000, 0.000000e+000, 0.000000e+000
 1.297500e-001, 7.341757e+002,-3.249109e+003, 2.513793e+003,-4.590810e-001, 6.409048e+001, 6.781194e+001, 0.000000e+000, 0.000000e+000, 0.000000e+000, 0.000000e+000
 1.298000e-001, 7.964112e+002,-3.267679e+003, 2.470112e+003, 4.606915e-001, 6.506878e+001, 6.589146e+001, 0.000000e+000, 0.000000e+000, 0.000000e+000, 0.000000e+000
 1.298500e-001, 8.584318e+002,-3.284906e+003, 2.425664e+003, 1.389573e+000, 6.603347e+001, 6.395335e+001, 0.000000e+000, 0.000000e+000, 0.000000e+000, 0.000000e+000
 1.299000e-001, 9.200758e+002,-3.301147e+003, 2.380230e+003, 2.327456e+000, 6.698408e+001, 6.199919e+001, 0.000000e+000, 0.000000e+000, 0.000000e+000, 0.000000e+000
 1.299500e-001, 9.814625e+002,-3.316042e+003, 2.334079e+003, 3.274127e+000, 6.792079e+001, 6.002933e+001, 0.000000e+000, 0.000000e+000, 0.000000e+000, 0.000000e+000
 1.300000e-001, 1.042427e+003,-3.329927e+003, 2.286959e+003, 4.229493e+000, 6.884298e+001, 5.804522e+001, 0.000000e+000, 0.000000e+000, 0.000000e+000, 0.000000e+000
 1.300500e-001, 1.103095e+003,-3.342469e+003, 2.239170e+003, 5.193179e+000, 6.975087e+001, 5.604726e+001, 0.000000e+000, 0.000000e+000, 0.000000e+000, 0.000000e+000
 1.301000e-001, 1.163293e+003,-3.353977e+003, 2.190434e+003, 6.165107e+000, 7.064369e+001, 5.403676e+001, 0.000000e+000, 0.000000e+000, 0.000000e+000, 0.000000e+000
 1.301500e-001, 1.223159e+003,-3.364149e+003, 2.141074e+003, 7.144743e+000, 7.152173e+001, 5.201420e+001, 0.000000e+000, 0.000000e+000, 0.000000e+000, 0.000000e+000
 1.302000e-001, 1.282505e+003,-3.373261e+003, 2.090792e+003, 8.132016e+000, 7.238406e+001, 4.998072e+001, 0.000000e+000, 0.000000e+000, 0.000000e+000, 0.000000e+000
 1.302500e-001, 1.341484e+003,-3.381050e+003, 2.039932e+003, 9.126245e+000, 7.323101e+001, 4.793689e+001, 0.000000e+000, 0.000000e+000, 0.000000e+000, 0.000000e+000
 1.303000e-001, 1.399894e+003,-3.387751e+003, 1.988178e+003, 1.012735e+001, 7.406153e+001, 4.588368e+001, 0.000000e+000, 0.000000e+000, 0.000000e+000, 0.000000e+000
 1.303500e-001, 1.457906e+003,-3.393144e+003, 1.935888e+003, 1.113453e+001, 7.487596e+001, 4.382170e+001, 0.000000e+000, 0.000000e+000, 0.000000e+000, 0.000000e+000
 1.304000e-001, 1.515296e+003,-3.397423e+003, 1.882738e+003, 1.214769e+001, 7.567316e+001, 4.175182e+001, 0.000000e+000, 0.000000e+000, 0.000000e+000, 0.000000e+000
 1.304500e-001, 1.572260e+003,-3.400413e+003, 1.829093e+003, 1.316589e+001, 7.645345e+001, 3.967466e+001, 0.000000e+000, 0.000000e+000, 0.000000e+000, 0.000000e+000
 1.305000e-001, 1.628549e+003,-3.402263e+003, 1.774624e+003, 1.418902e+001, 7.721562e+001, 3.759094e+001, 0.000000e+000, 0.000000e+000, 0.000000e+000, 0.000000e+000
 1.305500e-001, 1.684386e+003,-3.402845e+003, 1.719699e+003, 1.521607e+001, 7.795997e+001, 3.550135e+001, 0.000000e+000, 0.000000e+000, 0.000000e+000, 0.000000e+000
 1.306000e-001, 1.739495e+003,-3.402262e+003, 1.663991e+003, 1.624686e+001, 7.868521e+001, 3.340648e+001, 0.000000e+000, 0.000000e+000, 0.000000e+000, 0.000000e+000
 1.306500e-001, 1.794125e+003,-3.400434e+003, 1.607864e+003, 1.728031e+001, 7.939162e+001, 3.130702e+001, 0.000000e+000, 0.000000e+000, 0.000000e+000, 0.000000e+000
 1.307000e-001, 1.847976e+003,-3.397419e+003, 1.550998e+003, 1.831620e+001, 8.007787e+001, 2.920345e+001, 0.000000e+000, 0.000000e+000, 0.000000e+000, 0.000000e+000
 1.307500e-001, 1.901324e+003,-3.393182e+003, 1.493748e+003, 1.935341e+001, 8.074419e+001, 2.709649e+001, 0.000000e+000, 0.000000e+000, 0.000000e+000, 0.000000e+000
 1.308000e-001, 1.953842e+003,-3.387739e+003, 1.435806e+003, 2.039162e+001, 8.138921e+001, 2.498649e+001, 0.000000e+000, 0.000000e+000, 0.000000e+000, 0.000000e+000
 1.308500e-001, 2.005831e+003,-3.381098e+003, 1.377516e+003, 2.142973e+001, 8.201311e+001, 2.287420e+001, 0.000000e+000, 0.000000e+000, 0.000000e+000, 0.000000e+000
 1.309000e-001, 2.056943e+003,-3.373233e+003, 1.318581e+003, 2.246729e+001, 8.261453e+001, 2.075987e+001, 0.000000e+000, 0.000000e+000, 0.000000e+000, 0.000000e+000
 1.309500e-001, 2.107498e+003,-3.364197e+003, 1.259334e+003, 2.350325e+001, 8.319354e+001, 1.864423e+001, 0.000000e+000, 0.000000e+000, 0.000000e+000, 0.000000e+000
 1.310000e-001, 2.157133e+003,-3.353922e+003, 1.199491e+003, 2.453705e+001, 8.374885e+001, 1.652748e+001, 0.000000e+000, 0.000000e+000, 0.000000e+000, 0.000000e+000
 1.310500e-001, 2.206183e+003,-3.342501e+003, 1.139370e+003, 2.556767e+001, 8.428040e+001, 1.441032e+001, 0.000000e+000, 0.000000e+000, 0.000000e+000, 0.000000e+000
 1.311000e-001, 2.254272e+003,-3.329832e+003, 1.078706e+003, 2.659444e+001, 8.478695e+001, 1.229289e+001, 0.000000e+000, 0.000000e+000, 0.000000e+000, 0.000000e+000
 1.311500e-001, 2.301745e+003,-3.316041e+003, 1.017798e+003, 2.761642e+001, 8.526835e+001, 1.017589e+001, 0.000000e+000, 0.000000e+000, 0.000000e+000, 0.000000e+000
 1.312000e-001, 2.348223e+003,-3.300996e+003, 9.563984e+002, 2.863279e+001, 8.572343e+001, 8.059390e+000, 0.000000e+000, 0.000000e+000, 0.000000e+000, 0.000000e+000
 1.312500e-001, 2.394051e+003,-3.284853e+003, 8.947901e+002, 2.964272e+001, 8.615194e+001, 5.944061e+000, 0.000000e+000, 0.000000e+000, 0.000000e+000, 0.000000e+000
 1.313000e-001, 2.438852e+003,-3.267454e+003, 8.327431e+002, 3.064524e+001, 8.655277e+001, 3.829967e+000, 0.000000e+000, 0.000000e+000, 0.000000e+000, 0.000000e+000
 1.313500e-001, 2.482968e+003,-3.248979e+003, 7.705229e+002, 3.163967e+001, 8.692556e+001, 1.717727e+000, 0.000000e+000, 0.000000e+000, 0.000000e+000, 0.000000e+000
 1.314000e-001, 2.526032e+003,-3.229252e+003, 7.079164e+002, 3.262486e+001, 8.726933e+001,-3.925983e-001, 0.000000e+000, 0.000000e+000, 0.000000e+000, 0.000000e+000
 1.314500e-001, 2.568371e+003,-3.208470e+003, 6.451735e+002, 3.360029e+001, 8.758359e+001,-2.500433e+000, 0.000000e+000, 0.000000e+000, 0.000000e+000, 0.000000e+000
 1.315000e-001, 2.609639e+003,-3.186445e+003, 5.820964e+002, 3.456467e+001, 8.786746e+001,-4.605711e+000, 0.000000e+000, 0.000000e+000, 0.000000e+000, 0.000000e+000
 1.315500e-001, 2.650139e+003,-3.163384e+003, 5.189206e+002, 3.551760e+001, 8.812038e+001,-6.707903e+000, 0.000000e+000, 0.000000e+000, 0.000000e+000, 0.000000e+000
 1.316000e-001, 2.689554e+003,-3.139092e+003, 4.554621e+002, 3.645769e+001, 8.834158e+001,-8.806919e+000, 0.000000e+000, 0.000000e+000, 0.000000e+000, 0.000000e+000
 1.316500e-001, 2.728156e+003,-3.113783e+003, 3.919440e+002, 3.738467e+001, 8.853040e+001,-1.090228e+001, 0.000000e+000, 0.000000e+000, 0.000000e+000, 0.000000e+000
 1.317000e-001, 2.765664e+003,-3.087261e+003, 3.281937e+002, 3.829704e+001, 8.868619e+001,-1.299386e+001, 0.000000e+000, 0.000000e+000, 0.000000e+000, 0.000000e+000
 1.317500e-001, 2.802310e+003,-3.059739e+003, 2.644243e+002, 3.919468e+001, 8.880821e+001,-1.508122e+001, 0.000000e+000, 0.000000e+000, 0.000000e+000, 0.000000e+000
 1.318000e-001, 2.837859e+003,-3.031027e+003, 2.004720e+002, 4.007597e+001, 8.889597e+001,-1.716421e+001, 0.000000e+000, 0.000000e+000, 0.000000e+000, 0.000000e+000
 1.318500e-001, 2.872496e+003,-3.001329e+003, 1.365425e+002, 4.094096e+001, 8.894865e+001,-1.924242e+001, 0.000000e+000, 0.000000e+000, 0.000000e+000, 0.000000e+000
 1.319000e-001, 2.906037e+003,-2.970467e+003, 7.247846e+001, 4.178794e+001, 8.896588e+001,-2.131565e+001, 0.000000e+000, 0.000000e+000, 0.000000e+000, 0.000000e+000
 1.319500e-001, 2.938614e+003,-2.938635e+003, 8.480299e+000, 4.261709e+001, 8.894682e+001,-2.338354e+001, 0.000000e+000, 0.000000e+000, 0.000000e+000, 0.000000e+000
 1.320000e-001, 2.970101e+003,-2.905670e+003,-5.560547e+001, 4.342665e+001, 8.889119e+001,-2.544581e+001, 0.000000e+000, 0.000000e+000, 0.000000e+000, 0.000000e+000
 1.320500e-001, 3.000570e+003,-2.871749e+003,-1.195809e+002, 4.421691e+001, 8.879816e+001,-2.750214e+001, 0.000000e+000, 0.000000e+000, 0.000000e+000, 0.000000e+000
 1.321000e-001, 3.029957e+003,-2.836729e+003,-1.835982e+002, 4.498609e+001, 8.866757e+001,-2.955221e+001, 0.000000e+000, 0.000000e+000, 0.000000e+000, 0.000000e+000
 1.321500e-001, 3.058274e+003,-2.800765e+003,-2.474597e+002, 4.573458e+001, 8.849857e+001,-3.159571e+001, 0.000000e+000, 0.000000e+000, 0.000000e+000, 0.000000e+000
 1.322000e-001, 3.085520e+003,-2.763741e+003,-3.113186e+002, 4.646062e+001, 8.829115e+001,-3.363226e+001, 0.000000e+000, 0.000000e+000, 0.000000e+000, 0.000000e+000
 1.322500e-001, 3.111644e+003,-2.725786e+003,-3.749753e+002, 4.716465e+001, 8.804446e+001,-3.566154e+001, 0.000000e+000, 0.000000e+000, 0.000000e+000, 0.000000e+000
 1.323000e-001, 3.136710e+003,-2.686812e+003,-4.385859e+002, 4.784498e+001, 8.775862e+001,-3.768315e+001, 0.000000e+000, 0.000000e+000, 0.000000e+000, 0.000000e+000
 1.323500e-001, 3.160604e+003,-2.646920e+003,-5.019474e+002, 4.850207e+001, 8.743281e+001,-3.969675e+001, 0.000000e+000, 0.000000e+000, 0.000000e+000, 0.000000e+000
 1.324000e-001, 3.183453e+003,-2.606052e+003,-5.652202e+002, 4.913432e+001, 8.706725e+001,-4.170189e+001, 0.000000e+000, 0.000000e+000, 0.000000e+000, 0.000000e+000
 1.324500e-001, 3.205082e+003,-2.564281e+003,-6.281966e+002, 4.974223e+001, 8.666119e+001,-4.369823e+001, 0.000000e+000, 0.000000e+000, 0.000000e+000, 0.000000e+000
 1.325000e-001, 3.225680e+003,-2.521579e+003,-6.910425e+002, 5.032429e+001, 8.621497e+001,-4.568525e+001, 0.000000e+000, 0.000000e+000, 0.000000e+000, 0.000000e+000
 1.325500e-001, 3.245014e+003,-2.477988e+003,-7.535447e+002, 5.088100e+001, 8.572790e+001,-4.766260e+001, 0.000000e+000, 0.000000e+000, 0.000000e+000, 0.000000e+000
 1.326000e-001, 3.263331e+003,-2.433514e+003,-8.158752e+002, 5.141101e+001, 8.520042e+001,-4.962971e+001, 0.000000e+000, 0.000000e+000, 0.000000e+000, 0.000000e+000
 1.326500e-001, 3.280343e+003,-2.388166e+003,-8.778151e+002, 5.191479e+001, 8.463194e+001,-5.158620e+001, 0.000000e+000, 0.000000e+000, 0.000000e+000, 0.000000e+000
 1.327000e-001, 3.296350e+003,-2.341983e+003,-9.395422e+002, 5.239114e+001, 8.402299e+001,-5.353148e+001, 0.000000e+000, 0.000000e+000, 0.000000e+000, 0.000000e+000
 1.327500e-001, 3.311017e+003,-2.294944e+003,-1.000833e+003, 5.284050e+001, 8.337311e+001,-5.546509e+001, 0.000000e+000, 0.000000e+000, 0.000000e+000, 0.000000e+000
 1.328000e-001, 3.324688e+003,-2.247119e+003,-1.061869e+003, 5.326188e+001, 8.268289e+001,-5.738644e+001, 0.000000e+000, 0.000000e+000, 0.000000e+000, 0.000000e+000
 1.328500e-001, 3.336990e+003,-2.198457e+003,-1.122423e+003, 5.365564e+001, 8.195200e+001,-5.929502e+001, 0.000000e+000, 0.000000e+000, 0.000000e+000, 0.000000e+000
 1.329000e-001, 3.348304e+003,-2.149059e+003,-1.182683e+003, 5.402100e+001, 8.118111e+001,-6.119020e+001, 0.000000e+000, 0.000000e+000, 0.000000e+000, 0.000000e+000
 1.329500e-001, 3.358225e+003,-2.098844e+003,-1.242417e+003, 5.435825e+001, 8.037002e+001,-6.307141e+001, 0.000000e+000, 0.000000e+000, 0.000000e+000, 0.000000e+000
 1.330000e-001, 3.367163e+003,-2.047944e+003,-1.301814e+003, 5.466684e+001, 7.951949e+001,-6.493801e+001, 0.000000e+000, 0.000000e+000, 0.000000e+000, 0.000000e+000
 1.330500e-001, 3.374690e+003,-1.996250e+003,-1.360643e+003, 5.494696e+001, 7.862944e+001,-6.678938e+001, 0.000000e+000, 0.000000e+000, 0.000000e+000, 0.000000e+000
 1.331000e-001, 3.381236e+003,-1.943921e+003,-1.419094e+003, 5.519833e+001, 7.770072e+001,-6.862486e+001, 0.000000e+000, 0.000000e+000, 0.000000e+000, 0.000000e+000
 1.331500e-001, 3.386360e+003,-1.890823e+003,-1.476937e+003, 5.542103e+001, 7.673337e+001,-7.044373e+001, 0.000000e+000, 0.000000e+000, 0.000000e+000, 0.000000e+000
 1.332000e-001, 3.390501e+003,-1.837140e+003,-1.534359e+003, 5.561501e+001, 7.572830e+001,-7.224538e+001, 0.000000e+000, 0.000000e+000, 0.000000e+000, 0.000000e+000
 1.332500e-001, 3.393216e+003,-1.782714e+003,-1.591133e+003, 5.578027e+001, 7.468572e+001,-7.402898e+001, 0.000000e+000, 0.000000e+000, 0.000000e+000, 0.000000e+000
 1.333000e-001, 3.394944e+003,-1.727753e+003,-1.647444e+003, 5.591699e+001, 7.360660e+001,-7.579395e+001, 0.000000e+000, 0.000000e+000, 0.000000e+000, 0.000000e+000
 1.333500e-001, 3.395247e+003,-1.672080e+003,-1.703072e+003, 5.602511e+001, 7.249126e+001,-7.753938e+001, 0.000000e+000, 0.000000e+000, 0.000000e+000, 0.000000e+000
 1.334000e-001, 3.394557e+003,-1.615920e+003,-1.758192e+003, 5.610499e+001, 7.134074e+001,-7.926467e+001, 0.000000e+000, 0.000000e+000, 0.000000e+000, 0.000000e+000
 1.334500e-001, 3.392449e+003,-1.559079e+003,-1.812595e+003, 5.615654e+001, 7.015550e+001,-8.096887e+001, 0.000000e+000, 0.000000e+000, 0.000000e+000, 0.000000e+000
 1.335000e-001, 3.389340e+003,-1.501801e+003,-1.866446e+003, 5.618029e+001, 6.893664e+001,-8.265141e+001, 0.000000e+000, 0.000000e+000, 0.000000e+000, 0.000000e+000
 1.335500e-001, 3.384824e+003,-1.443875e+003,-1.919548e+003, 5.617613e+001, 6.768474e+001,-8.431123e+001, 0.000000e+000, 0.000000e+000, 0.000000e+000, 0.000000e+000
 1.336000e-001, 3.379297e+003,-1.385560e+003,-1.972053e+003, 5.614476e+001, 6.640092e+001,-8.594778e+001, 0.000000e+000, 0.000000e+000, 0.000000e+000, 0.000000e+000
 1.336500e-001, 3.372380e+003,-1.326633e+003,-2.023780e+003, 5.608603e+001, 6.508592e+001,-8.755997e+001, 0.000000e+000, 0.000000e+000, 0.000000e+000, 0.000000e+000
 1.337000e-001, 3.364443e+003,-1.267364e+003,-2.074864e+003, 5.600079e+001, 6.374088e+001,-8.914727e+001, 0.000000e+000, 0.000000e+000, 0.000000e+000, 0.000000e+000
 1.337500e-001, 3.355136e+003,-1.207520e+003,-2.125145e+003, 5.588887e+001, 6.236666e+001,-9.070849e+001, 0.000000e+000, 0.000000e+000, 0.000000e+000, 0.000000e+000
 1.338000e-001, 3.344797e+003,-1.147382e+003,-2.174735e+003, 5.575127e+001, 6.096441e+001,-9.224316e+001, 0.000000e+000, 0.000000e+000, 0.000000e+000, 0.000000e+000
 1.338500e-001, 3.333112e+003,-1.086709e+003,-2.223498e+003, 5.558784e+001, 5.953511e+001,-9.375003e+001, 0.000000e+000, 0.000000e+000, 0.000000e+000, 0.000000e+000
 1.339000e-001, 3.320385e+003,-1.025787e+003,-2.271524e+003, 5.539963e+001, 5.807993e+001,-9.522866e+001, 0.000000e+000, 0.000000e+000, 0.000000e+000, 0.000000e+000
 1.339500e-001, 3.306340e+003,-9.643708e+002,-2.318702e+003, 5.518655e+001, 5.659995e+001,-9.667775e+001, 0.000000e+000, 0.000000e+000, 0.000000e+000, 0.000000e+000
 1.340000e-001, 3.291243e+003,-9.027512e+002,-2.365095e+003, 5.494971e+001, 5.509633e+001,-9.809690e+001, 0.000000e+000, 0.000000e+000, 0.000000e+000, 0.000000e+000
 1.340500e-001, 3.274856e+003,-8.406813e+002,-2.410621e+003, 5.468907e+001, 5.357024e+001,-9.948476e+001, 0.000000e+000, 0.000000e+000, 0.000000e+000, 0.000000e+000
 1.341000e-001, 3.257410e+003,-7.784515e+002,-2.455316e+003, 5.440578e+001, 5.202285e+001,-1.008410e+002, 0.000000e+000, 0.000000e+000, 0.000000e+000, 0.000000e+000
 1.341500e-001, 3.238703e+003,-7.158165e+002,-2.499126e+003, 5.409985e+001, 5.045539e+001,-1.021642e+002, 0.000000e+000, 0.000000e+000, 0.000000e+000, 0.000000e+000
 1.342000e-001, 3.218934e+003,-6.530645e+002,-2.542058e+003, 5.377246e+001, 4.886902e+001,-1.034540e+002, 0.000000e+000, 0.000000e+000, 0.000000e+000, 0.000000e+000
 1.342500e-001, 3.197933e+003,-5.899543e+002,-2.584091e+003, 5.342369e+001, 4.726505e+001,-1.047091e+002, 0.000000e+000, 0.000000e+000, 0.000000e+000, 0.000000e+000
 1.343000e-001, 3.175869e+003,-5.267688e+002,-2.625199e+003, 5.305470e+001, 4.564458e+001,-1.059292e+002, 0.000000e+000, 0.000000e+000, 0.000000e+000, 0.000000e+000
 1.343500e-001, 3.152603e+003,-4.632736e+002,-2.665396e+003, 5.266566e+001, 4.400900e+001,-1.071129e+002, 0.000000e+000, 0.000000e+000, 0.000000e+000, 0.000000e+000
 1.344000e-001, 3.128275e+003,-3.997437e+002,-2.704622e+003, 5.225771e+001, 4.235938e+001,-1.082599e+002, 0.000000e+000, 0.000000e+000, 0.000000e+000, 0.000000e+000
 1.344500e-001, 3.102776e+003,-3.359542e+002,-2.742925e+003, 5.183110e+001, 4.069711e+001,-1.093688e+002, 0.000000e+000, 0.000000e+000, 0.000000e+000, 0.000000e+000
 1.345000e-001, 3.076221e+003,-2.721693e+002,-2.780213e+003, 5.138690e+001, 3.902324e+001,-1.104394e+002, 0.000000e+000, 0.000000e+000, 0.000000e+000, 0.000000e+000
 1.345500e-001, 3.048523e+003,-2.081766e+002,-2.816569e+003, 5.092548e+001, 3.733921e+001,-1.114704e+002, 0.000000e+000, 0.000000e+000, 0.000000e+000, 0.000000e+000
 1.346000e-001, 3.019780e+003,-1.442264e+002,-2.851866e+003, 5.044784e+001, 3.564598e+001,-1.124615e+002, 0.000000e+000, 0.000000e+000, 0.000000e+000, 0.000000e+000
 1.346500e-001, 2.989922e+003,-8.012154e+001,-2.886222e+003, 4.995442e+001, 3.394502e+001,-1.134114e+002, 0.000000e+000, 0.000000e+000, 0.000000e+000, 0.000000e+000
 1.347000e-001, 2.959031e+003,-1.609578e+001,-2.919478e+003, 4.944617e+001, 3.223721e+001,-1.143200e+002, 0.000000e+000, 0.000000e+000, 0.000000e+000, 0.000000e+000
 1.347500e-001, 2.927055e+003, 4.802989e+001,-2.951785e+003, 4.892359e+001, 3.052404e+001,-1.151860e+002, 0.000000e+000, 0.000000e+000, 0.000000e+000, 0.000000e+000
 1.348000e-001, 2.894063e+003, 1.120415e+002,-2.982952e+003, 4.838755e+001, 2.880631e+001,-1.160092e+002, 0.000000e+000, 0.000000e+000, 0.000000e+000, 0.000000e+000
 1.348500e-001, 2.860012e+003, 1.760969e+002,-3.013165e+003, 4.783863e+001, 2.708552e+001,-1.167884e+002, 0.000000e+000, 0.000000e+000, 0.000000e+000, 0.000000e+000
 1.349000e-001, 2.824968e+003, 2.400048e+002,-3.042200e+003, 4.727761e+001, 2.536236e+001,-1.175235e+002, 0.000000e+000, 0.000000e+000, 0.000000e+000, 0.000000e+000
 1.349500e-001, 2.788891e+003, 3.038988e+002,-3.070274e+003, 4.670512e+001, 2.363835e+001,-1.182134e+002, 0.000000e+000, 0.000000e+000, 0.000000e+000, 0.000000e+000
 1.350000e-001, 2.751844e+003, 3.676137e+002,-3.097135e+003, 4.612185e+001, 2.191406e+001,-1.188579e+002, 0.000000e+000, 0.000000e+000, 0.000000e+000, 0.000000e+000
 1.350500e-001, 2.713791e+003, 4.312558e+002,-3.123031e+003, 4.552848e+001, 2.019100e+001,-1.194560e+002, 0.000000e+000, 0.000000e+000, 0.000000e+000, 0.000000e+000
 1.351000e-001, 2.674796e+003, 4.946887e+002,-3.147679e+003, 4.492563e+001, 1.846965e+001,-1.200077e+002, 0.000000e+000, 0.000000e+000, 0.000000e+000, 0.000000e+000
 1.351500e-001, 2.634822e+003, 5.579887e+002,-3.171359e+003, 4.431396e+001, 1.675150e+001,-1.205118e+002, 0.000000e+000, 0.000000e+000, 0.000000e+000, 0.000000e+000
 1.352000e-001, 2.593936e+003, 6.210509e+002,-3.193760e+003, 4.369405e+001, 1.503689e+001,-1.209685e+002, 0.000000e+000, 0.000000e+000, 0.000000e+000, 0.000000e+000
 1.352500e-001, 2.552097e+003, 6.839193e+002,-3.215189e+003, 4.306653e+001, 1.332731e+001,-1.213768e+002, 0.000000e+000, 0.000000e+000, 0.000000e+000, 0.000000e+000
 1.353000e-001, 2.509378e+003, 7.465229e+002,-3.235312e+003, 4.243192e+001, 1.162299e+001,-1.217367e+002, 0.000000e+000, 0.000000e+000, 0.000000e+000, 0.000000e+000
 1.353500e-001, 2.465735e+003, 8.088706e+002,-3.254458e+003, 4.179083e+001, 9.925367e+000,-1.220475e+002, 0.000000e+000, 0.000000e+000, 0.000000e+000, 0.000000e+000
 1.354000e-001, 2.421245e+003, 8.709283e+002,-3.272273e+003, 4.114373e+001, 8.234578e+000,-1.223091e+002, 0.000000e+000, 0.000000e+000, 0.000000e+000, 0.000000e+000
 1.354500e-001, 2.375860e+003, 9.326673e+002,-3.289109e+003, 4.049116e+001, 6.552007e+000,-1.225208e+002, 0.000000e+000, 0.000000e+000, 0.000000e+000, 0.000000e+000
 1.355000e-001, 2.329663e+003, 9.940923e+002,-3.304592e+003, 3.983355e+001, 4.877686e+000,-1.226828e+002, 0.000000e+000, 0.000000e+000, 0.000000e+000, 0.000000e+000
 1.355500e-001, 2.282602e+003, 1.055136e+003,-3.319093e+003, 3.917138e+001, 3.212949e+000,-1.227945e+002, 0.000000e+000, 0.000000e+000, 0.000000e+000, 0.000000e+000
 1.356000e-001, 2.234764e+003, 1.115842e+003,-3.332221e+003, 3.850503e+001, 1.557726e+000,-1.228559e+002, 0.000000e+000, 0.000000e+000, 0.000000e+000, 0.000000e+000
 1.356500e-001, 2.186096e+003, 1.176104e+003,-3.344364e+003, 3.783489e+001,-8.670808e-002,-1.228667e+002, 0.000000e+000, 0.000000e+000, 0.000000e+000, 0.000000e+000
 1.357000e-001, 2.136684e+003, 1.236007e+003,-3.355119e+003, 3.716133e+001,-1.720517e+000,-1.228268e+002, 0.000000e+000, 0.000000e+000, 0.000000e+000, 0.000000e+000
 1.357500e-001, 2.086480e+003, 1.295402e+003,-3.364886e+003, 3.648463e+001,-3.342492e+000,-1.227361e+002, 0.000000e+000, 0.000000e+000, 0.000000e+000, 0.000000e+000
 1.358000e-001, 2.035566e+003, 1.354418e+003,-3.373252e+003, 3.580514e+001,-4.952880e+000,-1.225946e+002, 0.000000e+000, 0.000000e+000, 0.000000e+000, 0.000000e+000
 1.358500e-001, 1.983898e+003, 1.412863e+003,-3.380629e+003, 3.512302e+001,-6.550550e+000,-1.224023e+002, 0.000000e+000, 0.000000e+000, 0.000000e+000, 0.000000e+000
 1.359000e-001, 1.931555e+003, 1.470908e+003,-3.386595e+003, 3.443859e+001,-8.135818e+000,-1.221591e+002, 0.000000e+000, 0.000000e+000, 0.000000e+000, 0.000000e+000
 1.359500e-001, 1.878499e+003, 1.528321e+003,-3.391569e+003, 3.375191e+001,-9.707638e+000,-1.218652e+002, 0.000000e+000, 0.000000e+000, 0.000000e+000, 0.000000e+000
 1.360000e-001, 1.824800e+003, 1.585314e+003,-3.395125e+003, 3.306330e+001,-1.126638e+001,-1.215206e+002, 0.000000e+000, 0.000000e+000, 0.000000e+000, 0.000000e+000
 1.360500e-001, 1.770433e+003, 1.641615e+003,-3.397688e+003, 3.237267e+001,-1.281109e+001,-1.211255e+002, 0.000000e+000, 0.000000e+000, 0.000000e+000, 0.000000e+000
 1.361000e-001, 1.715456e+003, 1.697476e+003,-3.398831e+003, 3.168034e+001,-1.434218e+001,-1.206801e+002, 0.000000e+000, 0.000000e+000, 0.000000e+000, 0.000000e+000
 1.361500e-001, 1.659857e+003, 1.752585e+003,-3.398977e+003, 3.098609e+001,-1.585879e+001,-1.201847e+002, 0.000000e+000, 0.000000e+000, 0.000000e+000, 0.000000e+000
 1.362000e-001, 1.603679e+003, 1.807235e+003,-3.397705e+003, 3.029024e+001,-1.736137e+001,-1.196394e+002, 0.000000e+000, 0.000000e+000, 0.000000e+000, 0.000000e+000
 1.362500e-001, 1.546929e+003, 1.861076e+003,-3.395433e+003, 2.959245e+001,-1.884916e+001,-1.190447e+002, 0.000000e+000, 0.000000e+000, 0.000000e+000, 0.000000e+000
 1.363000e-001, 1.489631e+003, 1.914437e+003,-3.391747e+003, 2.889302e+001,-2.032261e+001,-1.184007e+002, 0.000000e+000, 0.000000e+000, 0.000000e+000, 0.000000e+000
 1.363500e-001, 1.431811e+003, 1.966935e+003,-3.387059e+003, 2.819152e+001,-2.178107e+001,-1.177081e+002, 0.000000e+000, 0.000000e+000, 0.000000e+000, 0.000000e+000
 1.364000e-001, 1.373476e+003, 2.018930e+003,-3.380965e+003, 2.748820e+001,-2.322499e+001,-1.169671e+002, 0.000000e+000, 0.000000e+000, 0.000000e+000, 0.000000e+000
 1.364500e-001, 1.314670e+003, 2.070012e+003,-3.373866e+003, 2.678258e+001,-2.465384e+001,-1.161784e+002, 0.000000e+000, 0.000000e+000, 0.000000e+000, 0.000000e+000
 1.365000e-001, 1.255380e+003, 2.120568e+003,-3.365372e+003, 2.607486e+001,-2.606804e+001,-1.153422e+002, 0.000000e+000, 0.000000e+000, 0.000000e+000, 0.000000e+000
 1.365500e-001, 1.195673e+003, 2.170162e+003,-3.355871e+003, 2.536449e+001,-2.746718e+001,-1.144593e+002, 0.000000e+000, 0.000000e+000, 0.000000e+000, 0.000000e+000
 1.366000e-001, 1.135514e+003, 2.219206e+003,-3.344990e+003, 2.465162e+001,-2.885162e+001,-1.135301e+002, 0.000000e+000, 0.000000e+000, 0.000000e+000, 0.000000e+000
 1.366500e-001, 1.074990e+003, 2.267245e+003,-3.333099e+003, 2.393568e+001,-3.022109e+001,-1.125555e+002, 0.000000e+000, 0.000000e+000, 0.000000e+000, 0.000000e+000
 1.367000e-001, 1.014048e+003, 2.314706e+003,-3.319846e+003, 2.321675e+001,-3.157590e+001,-1.115357e+002, 0.000000e+000, 0.000000e+000, 0.000000e+000, 0.000000e+000
 1.367500e-001, 9.527944e+002, 2.361121e+003,-3.305581e+003, 2.249427e+001,-3.291590e+001,-1.104719e+002, 0.000000e+000, 0.000000e+000, 0.000000e+000, 0.000000e+000
 1.368000e-001, 8.911575e+002, 2.406932e+003,-3.289976e+003, 2.176822e+001,-3.424132e+001,-1.093643e+002, 0.000000e+000, 0.000000e+000, 0.000000e+000, 0.000000e+000
 1.368500e-001, 8.292604e+002, 2.451660e+003,-3.273355e+003, 2.103806e+001,-3.555214e+001,-1.082141e+002, 0.000000e+000, 0.000000e+000, 0.000000e+000, 0.000000e+000
 1.369000e-001, 7.670174e+002, 2.495753e+003,-3.255419e+003, 2.030370e+001,-3.684849e+001,-1.070218e+002, 0.000000e+000, 0.000000e+000, 0.000000e+000, 0.000000e+000
 1.369500e-001, 7.045643e+002, 2.538731e+003,-3.236466e+003, 1.956465e+001,-3.813048e+001,-1.057884e+002, 0.000000e+000, 0.000000e+000, 0.000000e+000, 0.000000e+000
 1.370000e-001, 6.418051e+002, 2.581043e+003,-3.216226e+003, 1.882072e+001,-3.939817e+001,-1.045145e+002, 0.000000e+000, 0.000000e+000, 0.000000e+000, 0.000000e+000
 1.370500e-001, 5.788838e+002, 2.622213e+003,-3.194966e+003, 1.807148e+001,-4.065176e+001,-1.032013e+002, 0.000000e+000, 0.000000e+000, 0.000000e+000, 0.000000e+000
 1.371000e-001, 5.156991e+002, 2.662682e+003,-3.172450e+003, 1.731665e+001,-4.189122e+001,-1.018491e+002, 0.000000e+000, 0.000000e+000, 0.000000e+000, 0.000000e+000
 1.371500e-001, 4.523978e+002, 2.701985e+003,-3.148913e+003, 1.655590e+001,-4.311684e+001,-1.004596e+002, 0.000000e+000, 0.000000e+000, 0.000000e+000, 0.000000e+000
 1.372000e-001, 3.888788e+002, 2.740552e+003,-3.124154e+003, 1.578884e+001,-4.432851e+001,-9.903300e+001, 0.000000e+000, 0.000000e+000, 0.000000e+000, 0.000000e+000
 1.372500e-001, 3.252860e+002, 2.777934e+003,-3.098372e+003, 1.501526e+001,-4.552661e+001,-9.757087e+001, 0.000000e+000, 0.000000e+000, 0.000000e+000, 0.000000e+000
 1.373000e-001, 2.615245e+002, 2.814544e+003,-3.071405e+003, 1.423466e+001,-4.671091e+001,-9.607353e+001, 0.000000e+000, 0.000000e+000, 0.000000e+000, 0.000000e+000
 1.373500e-001, 1.977288e+002, 2.849951e+003,-3.043414e+003, 1.344696e+001,-4.788190e+001,-9.454263e+001, 0.000000e+000, 0.000000e+000, 0.000000e+000, 0.000000e+000
 1.374000e-001, 1.338168e+002, 2.884550e+003,-3.014278e+003, 1.265159e+001,-4.903924e+001,-9.297848e+001, 0.000000e+000, 0.000000e+000, 0.000000e+000, 0.000000e+000
 1.374500e-001, 6.990716e+001, 2.917935e+003,-2.984118e+003, 1.184857e+001,-5.018348e+001,-9.138277e+001, 0.000000e+000, 0.000000e+000, 0.000000e+000, 0.000000e+000
 1.375000e-001, 5.936643e+000, 2.950472e+003,-2.952854e+003, 1.103726e+001,-5.131419e+001,-8.975584e+001, 0.000000e+000, 0.000000e+000, 0.000000e+000, 0.000000e+000
 1.375500e-001,-5.799809e+001, 2.981786e+003,-2.920568e+003, 1.021783e+001,-5.243196e+001,-8.809940e+001, 0.000000e+000, 0.000000e+000, 0.000000e+000, 0.000000e+000
 1.376000e-001,-1.219352e+002, 3.012214e+003,-2.887221e+003, 9.389565e+000,-5.353630e+001,-8.641377e+001, 0.000000e+000, 0.000000e+000, 0.000000e+000, 0.000000e+000
 1.376500e-001,-1.858060e+002, 3.041414e+003,-2.852855e+003, 8.552778e+000,-5.462781e+001,-8.470068e+001, 0.000000e+000, 0.000000e+000, 0.000000e+000, 0.000000e+000
 1.377000e-001,-2.496181e+002, 3.069689e+003,-2.817473e+003, 7.706713e+000,-5.570592e+001,-8.296050e+001, 0.000000e+000, 0.000000e+000, 0.000000e+000, 0.000000e+000
 1.377500e-001,-3.133360e+002, 3.096732e+003,-2.781075e+003, 6.851801e+000,-5.677126e+001,-8.119492e+001, 0.000000e+000, 0.000000e+000, 0.000000e+000, 0.000000e+000
 1.378000e-001,-3.769319e+002, 3.122812e+003,-2.743708e+003, 5.987269e+000,-5.782319e+001,-7.940432e+001, 0.000000e+000, 0.000000e+000, 0.000000e+000, 0.000000e+000
 1.378500e-001,-4.404081e+002, 3.147660e+003,-2.705332e+003, 5.113669e+000,-5.886231e+001,-7.759038e+001, 0.000000e+000, 0.000000e+000, 0.000000e+000, 0.000000e+000
 1.379000e-001,-5.036974e+002, 3.171508e+003,-2.666031e+003, 4.230230e+000,-5.988795e+001,-7.575349e+001, 0.000000e+000, 0.000000e+000, 0.000000e+000, 0.000000e+000
 1.379500e-001,-5.668430e+002, 3.194125e+003,-2.625733e+003, 3.337609e+000,-6.090069e+001,-7.389528e+001, 0.000000e+000, 0.000000e+000, 0.000000e+000, 0.000000e+000
 1.380000e-001,-6.297362e+002, 3.215706e+003,-2.584555e+003, 2.435063e+000,-6.189980e+001,-7.201618e+001, 0.000000e+000, 0.000000e+000, 0.000000e+000, 0.000000e+000
 1.380500e-001,-6.924628e+002, 3.236059e+003,-2.542392e+003, 1.523340e+000,-6.288581e+001,-7.011775e+001, 0.000000e+000, 0.000000e+000, 0.000000e+000, 0.000000e+000
 1.381000e-001,-7.548710e+002, 3.255343e+003,-2.499396e+003, 6.017505e-001,-6.385798e+001,-6.820045e+001, 0.000000e+000, 0.000000e+000, 0.000000e+000, 0.000000e+000
 1.381500e-001,-8.170904e+002, 3.273401e+003,-2.455430e+003,-3.288882e-001,-6.481676e+001,-6.626575e+001, 0.000000e+000, 0.000000e+000, 0.000000e+000, 0.000000e+000
 1.382000e-001,-8.789260e+002, 3.290359e+003,-2.410677e+003,-1.269183e+000,-6.576140e+001,-6.431414e+001, 0.000000e+000, 0.000000e+000, 0.000000e+000, 0.000000e+000
 1.382500e-001,-9.405505e+002, 3.306096e+003,-2.364971e+003,-2.218268e+000,-6.669228e+001,-6.234702e+001, 0.000000e+000, 0.000000e+000, 0.000000e+000, 0.000000e+000
 1.383000e-001,-1.001727e+003, 3.320704e+003,-2.318523e+003,-3.176645e+000,-6.760864e+001,-6.036489e+001, 0.000000e+000, 0.000000e+000, 0.000000e+000, 0.000000e+000
 1.383500e-001,-1.062669e+003, 3.334096e+003,-2.271145e+003,-4.143418e+000,-6.851077e+001,-5.836905e+001, 0.000000e+000, 0.000000e+000, 0.000000e+000, 0.000000e+000
 1.384000e-001,-1.123102e+003, 3.346333e+003,-2.223068e+003,-5.118961e+000,-6.939788e+001,-5.636005e+001, 0.000000e+000, 0.000000e+000, 0.000000e+000, 0.000000e+000
 1.384500e-001,-1.183276e+003, 3.357360e+003,-2.174086e+003,-6.102371e+000,-7.027020e+001,-5.433905e+001, 0.000000e+000, 0.000000e+000, 0.000000e+000, 0.000000e+000
 1.385000e-001,-1.242880e+003, 3.367208e+003,-2.124449e+003,-7.093872e+000,-7.112695e+001,-5.230665e+001, 0.000000e+000, 0.000000e+000, 0.000000e+000, 0.000000e+000
 1.385500e-001,-1.302199e+003, 3.375852e+003,-2.073935e+003,-8.092573e+000,-7.196822e+001,-5.026387e+001, 0.000000e+000, 0.000000e+000, 0.000000e+000, 0.000000e+000
 1.386000e-001,-1.360893e+003, 3.383297e+003,-2.022807e+003,-9.098536e+000,-7.279327e+001,-4.821137e+001, 0.000000e+000, 0.000000e+000, 0.000000e+000, 0.000000e+000
 1.386500e-001,-1.419274e+003, 3.389544e+003,-1.970836e+003,-1.011090e+001,-7.360207e+001,-4.615003e+001, 0.000000e+000, 0.000000e+000, 0.000000e+000, 0.000000e+000
 1.387000e-001,-1.476975e+003, 3.394576e+003,-1.918289e+003,-1.112954e+001,-7.439388e+001,-4.408054e+001, 0.000000e+000, 0.000000e+000, 0.000000e+000, 0.000000e+000
 1.387500e-001,-1.534334e+003, 3.398416e+003,-1.864935e+003,-1.215365e+001,-7.516860e+001,-4.200365e+001, 0.000000e+000, 0.000000e+000, 0.000000e+000, 0.000000e+000
 1.388000e-001,-1.590965e+003, 3.401028e+003,-1.811045e+003,-1.318293e+001,-7.592548e+001,-3.992009e+001, 0.000000e+000, 0.000000e+000, 0.000000e+000, 0.000000e+000
 1.388500e-001,-1.647218e+003, 3.402453e+003,-1.756386e+003,-1.421661e+001,-7.666431e+001,-3.783047e+001, 0.000000e+000, 0.000000e+000, 0.000000e+000, 0.000000e+000
 1.389000e-001,-1.702700e+003, 3.402641e+003,-1.701228e+003,-1.525422e+001,-7.738438e+001,-3.573554e+001, 0.000000e+000, 0.000000e+000, 0.000000e+000, 0.000000e+000
 1.389500e-001,-1.757768e+003, 3.401647e+003,-1.645345e+003,-1.629505e+001,-7.808534e+001,-3.363581e+001, 0.000000e+000, 0.000000e+000, 0.000000e+000, 0.000000e+000
 1.390000e-001,-1.812025e+003, 3.399411e+003,-1.588997e+003,-1.733845e+001,-7.876652e+001,-3.153203e+001, 0.000000e+000, 0.000000e+000, 0.000000e+000, 0.000000e+000
 1.390500e-001,-1.865828e+003, 3.395998e+003,-1.531970e+003,-1.838378e+001,-7.942747e+001,-2.942460e+001, 0.000000e+000, 0.000000e+000, 0.000000e+000, 0.000000e+000
 1.391000e-001,-1.918785e+003, 3.391342e+003,-1.474512e+003,-1.943021e+001,-8.006754e+001,-2.731429e+001, 0.000000e+000, 0.000000e+000, 0.000000e+000, 0.000000e+000
 1.391500e-001,-1.971246e+003, 3.385513e+003,-1.416424e+003,-2.047719e+001,-8.068620e+001,-2.520139e+001, 0.000000e+000, 0.000000e+000, 0.000000e+000, 0.000000e+000
 1.392000e-001,-2.022830e+003, 3.378443e+003,-1.357939e+003,-2.152371e+001,-8.128279e+001,-2.308667e+001, 0.000000e+000, 0.000000e+000, 0.000000e+000, 0.000000e+000
 1.392500e-001,-2.073873e+003, 3.370205e+003,-1.298873e+003,-2.256929e+001,-8.185672e+001,-2.097032e+001, 0.000000e+000, 0.000000e+000, 0.000000e+000, 0.000000e+000
 1.393000e-001,-2.124013e+003, 3.360730e+003,-1.239443e+003,-2.361279e+001,-8.240733e+001,-1.885313e+001, 0.000000e+000, 0.000000e+000, 0.000000e+000, 0.000000e+000
 1.393500e-001,-2.173565e+003, 3.350094e+003,-1.179485e+003,-2.465380e+001,-8.293398e+001,-1.673519e+001, 0.000000e+000, 0.000000e+000, 0.000000e+000, 0.000000e+000
 1.394000e-001,-2.222192e+003, 3.338229e+003,-1.119195e+003,-2.569104e+001,-8.343602e+001,-1.461729e+001, 0.000000e+000, 0.000000e+000, 0.000000e+000, 0.000000e+000
 1.394500e-001,-2.270182e+003, 3.325208e+003,-1.058431e+003,-2.672416e+001,-8.391273e+001,-1.249947e+001, 0.000000e+000, 0.000000e+000, 0.000000e+000, 0.000000e+000
 1.395000e-001,-2.317227e+003, 3.310969e+003,-9.973675e+002,-2.775178e+001,-8.436351e+001,-1.038247e+001, 0.000000e+000, 0.000000e+000, 0.000000e+000, 0.000000e+000
 1.395500e-001,-2.363586e+003, 3.295582e+003,-9.358834e+002,-2.877362e+001,-8.478758e+001,-8.266298e+000, 0.000000e+000, 0.000000e+000, 0.000000e+000, 0.000000e+000
 1.396000e-001,-2.408985e+003, 3.278988e+003,-8.741338e+002,-2.978820e+001,-8.518434e+001,-6.151674e+000, 0.000000e+000, 0.000000e+000, 0.000000e+000, 0.000000e+000
 1.396500e-001,-2.453646e+003, 3.261257e+003,-8.120178e+002,-3.079528e+001,-8.555302e+001,-4.038583e+000, 0.000000e+000, 0.000000e+000, 0.000000e+000, 0.000000e+000
 1.397000e-001,-2.497334e+003, 3.242331e+003,-7.496703e+002,-3.179334e+001,-8.589297e+001,-1.927690e+000, 0.000000e+000, 0.000000e+000, 0.000000e+000, 0.000000e+000
 1.397500e-001,-2.540234e+003, 3.222280e+003,-6.870107e+002,-3.278217e+001,-8.620347e+001, 1.810109e-001, 0.000000e+000, 0.000000e+000, 0.000000e+000, 0.000000e+000
 1.398000e-001,-2.582150e+003, 3.201050e+003,-6.241548e+002,-3.376023e+001,-8.648386e+001, 2.286911e+000, 0.000000e+000, 0.000000e+000, 0.000000e+000, 0.000000e+000
 1.398500e-001,-2.623228e+003, 3.178707e+003,-5.610401e+002,-3.472732e+001,-8.673341e+001, 4.389995e+000, 0.000000e+000, 0.000000e+000, 0.000000e+000, 0.000000e+000
 1.399000e-001,-2.663313e+003, 3.155202e+003,-4.977661e+002,-3.568190e+001,-8.695148e+001, 6.489715e+000, 0.000000e+000, 0.000000e+000, 0.000000e+000, 0.000000e+000
 1.399500e-001,-2.702510e+003, 3.130599e+003,-4.342854e+002,-3.662378e+001,-8.713737e+001, 8.586014e+000, 0.000000e+000, 0.000000e+000, 0.000000e+000, 0.000000e+000
 1.400000e-001,-2.740706e+003, 3.104852e+003,-3.706842e+002,-3.755146e+001,-8.729044e+001, 1.067841e+001, 0.000000e+000, 0.000000e+000, 0.000000e+000, 0.000000e+000
 1.400500e-001,-2.777967e+003, 3.078025e+003,-3.069268e+002,-3.846472e+001,-8.741005e+001, 1.276680e+001, 0.000000e+000, 0.000000e+000, 0.000000e+000, 0.000000e+000
 1.401000e-001,-2.814219e+003, 3.050073e+003,-2.430897e+002,-3.936213e+001,-8.749555e+001, 1.485075e+001, 0.000000e+000, 0.000000e+000, 0.000000e+000, 0.000000e+000
 1.401500e-001,-2.849492e+003, 3.021060e+003,-1.791453e+002,-4.024346e+001,-8.754636e+001, 1.693011e+001, 0.000000e+000, 0.000000e+000, 0.000000e+000, 0.000000e+000
 1.402000e-001,-2.883747e+003, 2.990942e+003,-1.151641e+002,-4.110734e+001,-8.756184e+001, 1.900451e+001, 0.000000e+000, 0.000000e+000, 0.000000e+000, 0.000000e+000
 1.402500e-001,-2.916982e+003, 2.959784e+003,-5.112211e+001,-4.195354e+001,-8.754148e+001, 2.107370e+001, 0.000000e+000, 0.000000e+000, 0.000000e+000, 0.000000e+000
 1.403000e-001,-2.949191e+003, 2.927543e+003, 1.291127e+001,-4.278076e+001,-8.748469e+001, 2.313740e+001, 0.000000e+000, 0.000000e+000, 0.000000e+000, 0.000000e+000
 1.403500e-001,-2.980341e+003, 2.894287e+003, 7.696116e+001,-4.358876e+001,-8.739099e+001, 2.519526e+001, 0.000000e+000, 0.000000e+000, 0.000000e+000, 0.000000e+000
 1.404000e-001,-3.010457e+003, 2.859969e+003, 1.409548e+002,-4.437634e+001,-8.725985e+001, 2.724706e+001, 0.000000e+000, 0.000000e+000, 0.000000e+000, 0.000000e+000
 1.404500e-001,-3.039478e+003, 2.824661e+003, 2.049231e+002,-4.514325e+001,-8.709087e+001, 2.929237e+001, 0.000000e+000, 0.000000e+000, 0.000000e+000, 0.000000e+000
 1.405000e-001,-3.067457e+003, 2.788315e+003, 2.687852e+002,-4.588838e+001,-8.688355e+001, 3.133102e+001, 0.000000e+000, 0.000000e+000, 0.000000e+000, 0.000000e+000
 1.405500e-001,-3.094308e+003, 2.751007e+003, 3.325825e+002,-4.661147e+001,-8.663760e+001, 3.336247e+001, 0.000000e+000, 0.000000e+000, 0.000000e+000, 0.000000e+000
 1.406000e-001,-3.120109e+003, 2.712685e+003, 3.962218e+002,-4.731154e+001,-8.635256e+001, 3.538661e+001, 0.000000e+000, 0.000000e+000, 0.000000e+000, 0.000000e+000
 1.406500e-001,-3.144753e+003, 2.673431e+003, 4.597588e+002,-4.798832e+001,-8.602822e+001, 3.740280e+001, 0.000000e+000, 0.000000e+000, 0.000000e+000, 0.000000e+000
 1.407000e-001,-3.168337e+003, 2.633187e+003, 5.230844e+002,-4.864093e+001,-8.566422e+001, 3.941097e+001, 0.000000e+000, 0.000000e+000, 0.000000e+000, 0.000000e+000
 1.407500e-001,-3.190739e+003, 2.592044e+003, 5.862723e+002,-4.926911e+001,-8.526041e+001, 4.141039e+001, 0.000000e+000, 0.000000e+000, 0.000000e+000, 0.000000e+000
 1.408000e-001,-3.212072e+003, 2.549938e+003, 6.491938e+002,-4.987209e+001,-8.481651e+001, 4.340100e+001, 0.000000e+000, 0.000000e+000, 0.000000e+000, 0.000000e+000
 1.408500e-001,-3.232199e+003, 2.506965e+003, 7.119442e+002,-5.044963e+001,-8.433249e+001, 4.538199e+001, 0.000000e+000, 0.000000e+000, 0.000000e+000, 0.000000e+000
 1.409000e-001,-3.251250e+003, 2.463055e+003, 7.743724e+002,-5.100106e+001,-8.380814e+001, 4.735331e+001, 0.000000e+000, 0.000000e+000, 0.000000e+000, 0.000000e+000
 1.409500e-001,-3.269074e+003, 2.418315e+003, 8.365972e+002,-5.152618e+001,-8.324353e+001, 4.931409e+001, 0.000000e+000, 0.000000e+000, 0.000000e+000, 0.000000e+000
 1.410000e-001,-3.285814e+003, 2.372666e+003, 8.984435e+002,-5.202440e+001,-8.263854e+001, 5.126425e+001, 0.000000e+000, 0.000000e+000, 0.000000e+000, 0.000000e+000
 1.410500e-001,-3.301309e+003, 2.326222e+003, 9.600553e+002,-5.249557e+001,-8.199333e+001, 5.320287e+001, 0.000000e+000, 0.000000e+000, 0.000000e+000, 0.000000e+000
 1.411000e-001,-3.315713e+003, 2.278900e+003, 1.021232e+003,-5.293919e+001,-8.130791e+001, 5.512985e+001, 0.000000e+000, 0.000000e+000, 0.000000e+000, 0.000000e+000
 1.411500e-001,-3.328856e+003, 2.230820e+003, 1.082144e+003,-5.335518e+001,-8.058251e+001, 5.704421e+001, 0.000000e+000, 0.000000e+000, 0.000000e+000, 0.000000e+000
 1.412000e-001,-3.340905e+003, 2.181894e+003, 1.142566e+003,-5.374310e+001,-7.981727e+001, 5.894581e+001, 0.000000e+000, 0.000000e+000, 0.000000e+000, 0.000000e+000
 1.412500e-001,-3.351676e+003, 2.132246e+003, 1.202692e+003,-5.410294e+001,-7.901248e+001, 6.083365e+001, 0.000000e+000, 0.000000e+000, 0.000000e+000, 0.000000e+000
 1.413000e-001,-3.361351e+003, 2.081787e+003, 1.262274e+003,-5.443433e+001,-7.816843e+001, 6.270752e+001, 0.000000e+000, 0.000000e+000, 0.000000e+000, 0.000000e+000
 1.413500e-001,-3.369734e+003, 2.030642e+003, 1.321529e+003,-5.473736e+001,-7.728548e+001, 6.456641e+001, 0.000000e+000, 0.000000e+000, 0.000000e+000, 0.000000e+000
 1.414000e-001,-3.377020e+003, 1.978723e+003, 1.380187e+003,-5.501170e+001,-7.636404e+001, 6.641004e+001, 0.000000e+000, 0.000000e+000, 0.000000e+000, 0.000000e+000
 1.414500e-001,-3.383003e+003, 1.926156e+003, 1.438487e+003,-5.525754e+001,-7.540458e+001, 6.823741e+001, 0.000000e+000, 0.000000e+000, 0.000000e+000, 0.000000e+000
 1.415000e-001,-3.387890e+003, 1.872852e+003, 1.496139e+003,-5.547461e+001,-7.440760e+001, 7.004813e+001, 0.000000e+000, 0.000000e+000, 0.000000e+000, 0.000000e+000
 1.415500e-001,-3.391462e+003, 1.818937e+003, 1.553401e+003,-5.566318e+001,-7.337365e+001, 7.184122e+001, 0.000000e+000, 0.000000e+000, 0.000000e+000, 0.000000e+000
 1.416000e-001,-3.393943e+003, 1.764325e+003, 1.609968e+003,-5.582303e+001,-7.230338e+001, 7.361622e+001, 0.000000e+000, 0.000000e+000, 0.000000e+000, 0.000000e+000
 1.416500e-001,-3.395098e+003, 1.709141e+003, 1.666110e+003,-5.595456e+001,-7.119737e+001, 7.537217e+001, 0.000000e+000, 0.000000e+000, 0.000000e+000, 0.000000e+000
 1.417000e-001,-3.395169e+003, 1.653300e+003, 1.721513e+003,-5.605755e+001,-7.005642e+001, 7.710847e+001, 0.000000e+000, 0.000000e+000, 0.000000e+000, 0.000000e+000
 1.417500e-001,-3.393903e+003, 1.596925e+003, 1.776455e+003,-5.613253e+001,-6.888120e+001, 7.882426e+001, 0.000000e+000, 0.000000e+000, 0.000000e+000, 0.000000e+000
 1.418000e-001,-3.391565e+003, 1.539936e+003, 1.830616e+003,-5.617932e+001,-6.767257e+001, 8.051881e+001, 0.000000e+000, 0.000000e+000, 0.000000e+000, 0.000000e+000
 1.418500e-001,-3.387879e+003, 1.482451e+003, 1.884280e+003,-5.619853e+001,-6.643128e+001, 8.219129e+001, 0.000000e+000, 0.000000e+000, 0.000000e+000, 0.000000e+000
 1.419000e-001,-3.383134e+003, 1.424396e+003, 1.937125e+003,-5.619004e+001,-6.515833e+001, 8.384087e+001, 0.000000e+000, 0.000000e+000, 0.000000e+000, 0.000000e+000
 1.419500e-001,-3.377031e+003, 1.365883e+003, 1.989433e+003,-5.615455e+001,-6.385450e+001, 8.546683e+001, 0.000000e+000, 0.000000e+000, 0.000000e+000, 0.000000e+000
 1.420000e-001,-3.369886e+003, 1.306846e+003, 2.040889e+003,-5.609198e+001,-6.252087e+001, 8.706816e+001, 0.000000e+000, 0.000000e+000, 0.000000e+000, 0.000000e+000
 1.420500e-001,-3.361375e+003, 1.247389e+003, 2.091766e+003,-5.600312e+001,-6.115831e+001, 8.864423e+001, 0.000000e+000, 0.000000e+000, 0.000000e+000, 0.000000e+000
 1.421000e-001,-3.351840e+003, 1.187454e+003, 2.141761e+003,-5.588792e+001,-5.976796e+001, 9.019395e+001, 0.000000e+000, 0.000000e+000, 0.000000e+000, 0.000000e+000
 1.421500e-001,-3.340932e+003, 1.127139e+003, 2.191135e+003,-5.574725e+001,-5.835076e+001, 9.171676e+001, 0.000000e+000, 0.000000e+000, 0.000000e+000, 0.000000e+000
 1.422000e-001,-3.329020e+003, 1.066391e+003, 2.239600e+003,-5.558112e+001,-5.690789e+001, 9.321143e+001, 0.000000e+000, 0.000000e+000, 0.000000e+000, 0.000000e+000
 1.422500e-001,-3.315728e+003, 1.005304e+003, 2.287398e+003,-5.539046e+001,-5.544035e+001, 9.467752e+001, 0.000000e+000, 0.000000e+000, 0.000000e+000, 0.000000e+000
 1.423000e-001,-3.301456e+003, 9.438301e+002, 2.334267e+003,-5.517533e+001,-5.394938e+001, 9.611371e+001, 0.000000e+000, 0.000000e+000, 0.000000e+000, 0.000000e+000
 1.423500e-001,-3.285800e+003, 8.820582e+002, 2.380421e+003,-5.493670e+001,-5.243603e+001, 9.751960e+001, 0.000000e+000, 0.000000e+000, 0.000000e+000, 0.000000e+000
 1.424000e-001,-3.269187e+003, 8.199462e+002, 2.425627e+003,-5.467469e+001,-5.090154e+001, 9.889381e+001, 0.000000e+000, 0.000000e+000, 0.000000e+000, 0.000000e+000
 1.424500e-001,-3.251189e+003, 7.575783e+002, 2.470071e+003,-5.439029e+001,-4.934703e+001, 1.002360e+002, 0.000000e+000, 0.000000e+000, 0.000000e+000, 0.000000e+000
 1.425000e-001,-3.232257e+003, 6.949157e+002, 2.513553e+003,-5.408371e+001,-4.777374e+001, 1.015448e+002, 0.000000e+000, 0.000000e+000, 0.000000e+000, 0.000000e+000
 1.425500e-001,-3.211943e+003, 6.320411e+002, 2.556223e+003,-5.375593e+001,-4.618286e+001, 1.028199e+002, 0.000000e+000, 0.000000e+000, 0.000000e+000, 0.000000e+000
 1.426000e-001,-3.190719e+003, 5.689164e+002, 2.597919e+003,-5.340725e+001,-4.457558e+001, 1.040598e+002, 0.000000e+000, 0.000000e+000, 0.000000e+000, 0.000000e+000
 1.426500e-001,-3.168117e+003, 5.056252e+002, 2.638753e+003,-5.303861e+001,-4.295315e+001, 1.052644e+002, 0.000000e+000, 0.000000e+000, 0.000000e+000, 0.000000e+000
 1.427000e-001,-3.144630e+003, 4.421274e+002, 2.678605e+003,-5.265042e+001,-4.131673e+001, 1.064320e+002, 0.000000e+000, 0.000000e+000, 0.000000e+000, 0.000000e+000
 1.427500e-001,-3.119775e+003, 3.785102e+002, 2.717546e+003,-5.224356e+001,-3.966761e+001, 1.075627e+002, 0.000000e+000, 0.000000e+000, 0.000000e+000, 0.000000e+000
 1.428000e-001,-3.094057e+003, 3.147284e+002, 2.755497e+003,-5.181856e+001,-3.800689e+001, 1.086548e+002, 0.000000e+000, 0.000000e+000, 0.000000e+000, 0.000000e+000
 1.428500e-001,-3.066983e+003, 2.508761e+002, 2.792489e+003,-5.137621e+001,-3.633593e+001, 1.097083e+002, 0.000000e+000, 0.000000e+000, 0.000000e+000, 0.000000e+000
 1.429000e-001,-3.039069e+003, 1.868998e+002, 2.828486e+003,-5.091716e+001,-3.465573e+001, 1.107217e+002, 0.000000e+000, 0.000000e+000, 0.000000e+000, 0.000000e+000
 1.429500e-001,-3.009819e+003, 1.229037e+002, 2.863476e+003,-5.044210e+001,-3.296767e+001, 1.116949e+002, 0.000000e+000, 0.000000e+000, 0.000000e+000, 0.000000e+000
 1.430000e-001,-2.979746e+003, 5.882248e+001, 2.897468e+003,-4.995180e+001,-3.127271e+001, 1.126264e+002, 0.000000e+000, 0.000000e+000, 0.000000e+000, 0.000000e+000
 1.430500e-001,-2.948361e+003,-5.226110e+000, 2.930406e+003,-4.944685e+001,-2.957225e+001, 1.135163e+002, 0.000000e+000, 0.000000e+000, 0.000000e+000, 0.000000e+000
 1.431000e-001,-2.916173e+003,-6.932270e+001, 2.962344e+003,-4.892812e+001,-2.786712e+001, 1.143631e+002, 0.000000e+000, 0.000000e+000, 0.000000e+000, 0.000000e+000
 1.431500e-001,-2.882700e+003,-1.333326e+002, 2.993184e+003,-4.839606e+001,-2.615876e+001, 1.151668e+002, 0.000000e+000, 0.000000e+000, 0.000000e+000, 0.000000e+000
 1.432000e-001,-2.848439e+003,-1.973549e+002, 3.023021e+003,-4.785168e+001,-2.444791e+001, 1.159261e+002, 0.000000e+000, 0.000000e+000, 0.000000e+000, 0.000000e+000
 1.432500e-001,-2.812927e+003,-2.612350e+002, 3.051719e+003,-4.729528e+001,-2.273600e+001, 1.166409e+002, 0.000000e+000, 0.000000e+000, 0.000000e+000, 0.000000e+000
 1.433000e-001,-2.776642e+003,-3.250936e+002, 3.079414e+003,-4.672798e+001,-2.102367e+001, 1.173101e+002, 0.000000e+000, 0.000000e+000, 0.000000e+000, 0.000000e+000
 1.433500e-001,-2.739145e+003,-3.887533e+002, 3.105930e+003,-4.614994e+001,-1.931234e+001, 1.179336e+002, 0.000000e+000, 0.000000e+000, 0.000000e+000, 0.000000e+000
 1.434000e-001,-2.700885e+003,-4.523590e+002, 3.131440e+003,-4.556234e+001,-1.760256e+001, 1.185104e+002, 0.000000e+000, 0.000000e+000, 0.000000e+000, 0.000000e+000
 1.434500e-001,-2.661457e+003,-5.157081e+002, 3.155738e+003,-4.496524e+001,-1.589571e+001, 1.190403e+002, 0.000000e+000, 0.000000e+000, 0.000000e+000, 0.000000e+000
 1.435000e-001,-2.621276e+003,-5.789719e+002, 3.179026e+003,-4.435989e+001,-1.419226e+001, 1.195224e+002, 0.000000e+000, 0.000000e+000, 0.000000e+000, 0.000000e+000
 1.435500e-001,-2.579976e+003,-6.419209e+002, 3.201071e+003,-4.374617e+001,-1.249354e+001, 1.199568e+002, 0.000000e+000, 0.000000e+000, 0.000000e+000, 0.000000e+000
 1.436000e-001,-2.537931e+003,-7.047542e+002, 3.222102e+003,-4.312542e+001,-1.079991e+001, 1.203424e+002, 0.000000e+000, 0.000000e+000, 0.000000e+000, 0.000000e+000
 1.436500e-001,-2.494819e+003,-7.672145e+002, 3.241865e+003,-4.249739e+001,-9.112672e+000, 1.206794e+002, 0.000000e+000, 0.000000e+000, 0.000000e+000, 0.000000e+000
 1.437000e-001,-2.450969e+003,-8.295292e+002, 3.260607e+003,-4.186345e+001,-7.432106e+000, 1.209669e+002, 0.000000e+000, 0.000000e+000, 0.000000e+000, 0.000000e+000
 1.437500e-001,-2.406108e+003,-8.914130e+002, 3.278059e+003,-4.122321e+001,-5.759417e+000, 1.212050e+002, 0.000000e+000, 0.000000e+000, 0.000000e+000, 0.000000e+000
 1.438000e-001,-2.360515e+003,-9.531214e+002, 3.294486e+003,-4.057806e+001,-4.094833e+000, 1.213931e+002, 0.000000e+000, 0.000000e+000, 0.000000e+000, 0.000000e+000
 1.438500e-001,-2.313971e+003,-1.014342e+003, 3.309603e+003,-3.992752e+001,-2.439461e+000, 1.215311e+002, 0.000000e+000, 0.000000e+000, 0.000000e+000, 0.000000e+000
 1.439000e-001,-2.266700e+003,-1.075357e+003, 3.323688e+003,-3.927294e+001,-7.934811e-001, 1.216186e+002, 0.000000e+000, 0.000000e+000, 0.000000e+000, 0.000000e+000
 1.439500e-001,-2.218541e+003,-1.135829e+003, 3.336449e+003,-3.861377e+001, 8.421130e-001, 1.216556e+002, 0.000000e+000, 0.000000e+000, 0.000000e+000, 0.000000e+000
 1.440000e-001,-2.169660e+003,-1.196065e+003, 3.348170e+003,-3.795130e+001, 2.467176e+000, 1.216419e+002, 0.000000e+000, 0.000000e+000, 0.000000e+000, 0.000000e+000
 1.440500e-001,-2.119954e+003,-1.255704e+003, 3.358559e+003,-3.728492e+001, 4.080840e+000, 1.215772e+002, 0.000000e+000, 0.000000e+000, 0.000000e+000, 0.000000e+000
 1.441000e-001,-2.069534e+003,-1.315075e+003, 3.367898e+003,-3.661585e+001, 5.682978e+000, 1.214617e+002, 0.000000e+000, 0.000000e+000, 0.000000e+000, 0.000000e+000
 1.441500e-001,-2.018354e+003,-1.373798e+003, 3.375899e+003,-3.594342e+001, 7.272861e+000, 1.212952e+002, 0.000000e+000, 0.000000e+000, 0.000000e+000, 0.000000e+000
 1.442000e-001,-1.966467e+003,-1.432220e+003, 3.382842e+003,-3.526878e+001, 8.850367e+000, 1.210778e+002, 0.000000e+000, 0.000000e+000, 0.000000e+000, 0.000000e+000
 1.442500e-001,-1.913885e+003,-1.489946e+003, 3.388444e+003,-3.459121e+001, 1.041492e+001, 1.208094e+002, 0.000000e+000, 0.000000e+000, 0.000000e+000, 0.000000e+000
 1.443000e-001,-1.860608e+003,-1.547336e+003, 3.392978e+003,-3.391175e+001, 1.196637e+001, 1.204903e+002, 0.000000e+000, 0.000000e+000, 0.000000e+000, 0.000000e+000
 1.443500e-001,-1.806698e+003,-1.603984e+003, 3.396175e+003,-3.322968e+001, 1.350432e+001, 1.201204e+002, 0.000000e+000, 0.000000e+000, 0.000000e+000, 0.000000e+000
 1.444000e-001,-1.752108e+003,-1.660260e+003, 3.398292e+003,-3.254589e+001, 1.502859e+001, 1.197001e+002, 0.000000e+000, 0.000000e+000, 0.000000e+000, 0.000000e+000
 1.444500e-001,-1.696948e+003,-1.715752e+003, 3.399079e+003,-3.185968e+001, 1.653893e+001, 1.192294e+002, 0.000000e+000, 0.000000e+000, 0.000000e+000, 0.000000e+000
 1.445000e-001,-1.641125e+003,-1.770833e+003, 3.398775e+003,-3.117179e+001, 1.803513e+001, 1.187088e+002, 0.000000e+000, 0.000000e+000, 0.000000e+000, 0.000000e+000
 1.445500e-001,-1.584793e+003,-1.825093e+003, 3.397150e+003,-3.048154e+001, 1.951711e+001, 1.181382e+002, 0.000000e+000, 0.000000e+000, 0.000000e+000, 0.000000e+000
 1.446000e-001,-1.527818e+003,-1.878901e+003, 3.394424e+003,-2.978953e+001, 2.098461e+001, 1.175184e+002, 0.000000e+000, 0.000000e+000, 0.000000e+000, 0.000000e+000
 1.446500e-001,-1.470393e+003,-1.931854e+003, 3.390390e+003,-2.909509e+001, 2.243771e+001, 1.168494e+002, 0.000000e+000, 0.000000e+000, 0.000000e+000, 0.000000e+000
 1.447000e-001,-1.412350e+003,-1.984310e+003, 3.385245e+003,-2.839867e+001, 2.387609e+001, 1.161319e+002, 0.000000e+000, 0.000000e+000, 0.000000e+000, 0.000000e+000
 1.447500e-001,-1.353914e+003,-2.035882e+003, 3.378807e+003,-2.769967e+001, 2.530001e+001, 1.153661e+002, 0.000000e+000, 0.000000e+000, 0.000000e+000, 0.000000e+000
 1.448000e-001,-1.294887e+003,-2.086912e+003, 3.371249e+003,-2.699834e+001, 2.670905e+001, 1.145527e+002, 0.000000e+000, 0.000000e+000, 0.000000e+000, 0.000000e+000
 1.448500e-001,-1.235521e+003,-2.137033e+003, 3.362416e+003,-2.629416e+001, 2.810364e+001, 1.136920e+002, 0.000000e+000, 0.000000e+000, 0.000000e+000, 0.000000e+000
 1.449000e-001,-1.175598e+003,-2.186562e+003, 3.352455e+003,-2.558722e+001, 2.948330e+001, 1.127849e+002, 0.000000e+000, 0.000000e+000, 0.000000e+000, 0.000000e+000
 1.449500e-001,-1.115386e+003,-2.235163e+003, 3.341240e+003,-2.487706e+001, 3.084859e+001, 1.118316e+002, 0.000000e+000, 0.000000e+000, 0.000000e+000, 0.000000e+000
 1.450000e-001,-1.054653e+003,-2.283119e+003, 3.328889e+003,-2.416363e+001, 3.219896e+001, 1.108332e+002, 0.000000e+000, 0.000000e+000, 0.000000e+000, 0.000000e+000
 1.450500e-001,-9.936796e+002,-2.330132e+003, 3.315306e+003,-2.344652e+001, 3.353512e+001, 1.097898e+002, 0.000000e+000, 0.000000e+000, 0.000000e+000, 0.000000e+000
 1.451000e-001,-9.322249e+002,-2.376447e+003, 3.300582e+003,-2.272555e+001, 3.485642e+001, 1.087027e+002, 0.000000e+000, 0.000000e+000, 0.000000e+000, 0.000000e+000
 1.451500e-001,-8.705762e+002,-2.421807e+003, 3.284651e+003,-2.200039e+001, 3.616370e+001, 1.075721e+002, 0.000000e+000, 0.000000e+000, 0.000000e+000, 0.000000e+000
 1.452000e-001,-8.084893e+002,-2.466414e+003, 3.267575e+003,-2.127073e+001, 3.745625e+001, 1.063993e+002, 0.000000e+000, 0.000000e+000, 0.000000e+000, 0.000000e+000
 1.452500e-001,-7.462519e+002,-2.510058e+003, 3.249317e+003,-2.053629e+001, 3.873500e+001, 1.051845e+002, 0.000000e+000, 0.000000e+000, 0.000000e+000, 0.000000e+000
 1.453000e-001,-6.836223e+002,-2.552891e+003, 3.229914e+003,-1.979669e+001, 3.999916e+001, 1.039292e+002, 0.000000e+000, 0.000000e+000, 0.000000e+000, 0.000000e+000
 1.453500e-001,-6.208840e+002,-2.594758e+003, 3.209354e+003,-1.905169e+001, 4.124976e+001, 1.026336e+002, 0.000000e+000, 0.000000e+000, 0.000000e+000, 0.000000e+000
 1.454000e-001,-5.578018e+002,-2.635757e+003, 3.187650e+003,-1.830084e+001, 4.248596e+001, 1.012991e+002, 0.000000e+000, 0.000000e+000, 0.000000e+000, 0.000000e+000
 1.454500e-001,-4.946510e+002,-2.675788e+003, 3.164819e+003,-1.754397e+001, 4.370884e+001, 9.992616e+001, 0.000000e+000, 0.000000e+000, 0.000000e+000, 0.000000e+000
 1.455000e-001,-4.312068e+002,-2.714893e+003, 3.140844e+003,-1.678056e+001, 4.491749e+001, 9.851614e+001, 0.000000e+000, 0.000000e+000, 0.000000e+000, 0.000000e+000
 1.455500e-001,-3.677327e+002,-2.753032e+003, 3.115772e+003,-1.601048e+001, 4.611306e+001, 9.706953e+001, 0.000000e+000, 0.000000e+000, 0.000000e+000, 0.000000e+000
 1.456000e-001,-3.040168e+002,-2.790186e+003, 3.089562e+003,-1.523320e+001, 4.729459e+001, 9.558774e+001, 0.000000e+000, 0.000000e+000, 0.000000e+000, 0.000000e+000
 1.456500e-001,-2.403093e+002,-2.826379e+003, 3.062285e+003,-1.444864e+001, 4.846323e+001, 9.407130e+001, 0.000000e+000, 0.000000e+000, 0.000000e+000, 0.000000e+000
 1.457000e-001,-1.764123e+002,-2.861530e+003, 3.033876e+003,-1.365626e+001, 4.961802e+001, 9.252163e+001, 0.000000e+000, 0.000000e+000, 0.000000e+000, 0.000000e+000
 1.457500e-001,-1.125617e+002,-2.895725e+003, 3.004432e+003,-1.285601e+001, 5.076009e+001, 9.093934e+001, 0.000000e+000, 0.000000e+000, 0.000000e+000, 0.000000e+000
 1.458000e-001,-4.857393e+001,-2.928821e+003, 2.973865e+003,-1.204737e+001, 5.188845e+001, 8.932580e+001, 0.000000e+000, 0.000000e+000, 0.000000e+000, 0.000000e+000
 1.458500e-001, 1.532927e+001,-2.960970e+003, 2.942296e+003,-1.123032e+001, 5.300423e+001, 8.768169e+001, 0.000000e+000, 0.000000e+000, 0.000000e+000, 0.000000e+000
 1.459000e-001, 7.931752e+001,-2.991964e+003, 2.909615e+003,-1.040440e+001, 5.410641e+001, 8.600838e+001, 0.000000e+000, 0.000000e+000, 0.000000e+000, 0.000000e+000
 1.459500e-001, 1.431826e+002,-3.022021e+003, 2.875965e+003,-9.569608e+000, 5.519608e+001, 8.430659e+001, 0.000000e+000, 0.000000e+000, 0.000000e+000, 0.000000e+000
 1.460000e-001, 2.070814e+002,-3.050869e+003, 2.841218e+003,-8.725543e+000, 5.627223e+001, 8.257765e+001, 0.000000e+000, 0.000000e+000, 0.000000e+000, 0.000000e+000
 1.460500e-001, 2.708176e+002,-3.078788e+003, 2.805535e+003,-7.872220e+000, 5.733587e+001, 8.082231e+001, 0.000000e+000, 0.000000e+000, 0.000000e+000, 0.000000e+000
 1.461000e-001, 3.345375e+002,-3.105450e+003, 2.768771e+003,-7.009332e+000, 5.838601e+001, 7.904190e+001, 0.000000e+000, 0.000000e+000, 0.000000e+000, 0.000000e+000
 1.461500e-001, 3.980543e+002,-3.131191e+003, 2.731105e+003,-6.136905e+000, 5.942358e+001, 7.723719e+001, 0.000000e+000, 0.000000e+000, 0.000000e+000, 0.000000e+000
 1.462000e-001, 4.615060e+002,-3.155628e+003, 2.692377e+003,-5.254731e+000, 6.044761e+001, 7.540946e+001, 0.000000e+000, 0.000000e+000, 0.000000e+000, 0.000000e+000
 1.462500e-001, 5.247133e+002,-3.179154e+003, 2.652782e+003,-4.362852e+000, 6.145892e+001, 7.355950e+001, 0.000000e+000, 0.000000e+000, 0.000000e+000, 0.000000e+000
 1.463000e-001, 5.878082e+002,-3.201332e+003, 2.612147e+003,-3.461168e+000, 6.245660e+001, 7.168855e+001, 0.000000e+000, 0.000000e+000, 0.000000e+000, 0.000000e+000
 1.463500e-001, 6.506161e+002,-3.222606e+003, 2.570679e+003,-2.549739e+000, 6.344132e+001, 6.979743e+001, 0.000000e+000, 0.000000e+000, 0.000000e+000, 0.000000e+000
 1.464000e-001, 7.132663e+002,-3.242495e+003, 2.528194e+003,-1.628577e+000, 6.441222e+001, 6.788731e+001, 0.000000e+000, 0.000000e+000, 0.000000e+000, 0.000000e+000
 1.464500e-001, 7.755858e+002,-3.261485e+003, 2.484912e+003,-6.977670e-001, 6.536985e+001, 6.595903e+001, 0.000000e+000, 0.000000e+000, 0.000000e+000, 0.000000e+000
 1.465000e-001, 8.377038e+002,-3.279056e+003, 2.440640e+003, 2.425684e-001, 6.631341e+001, 6.401369e+001, 0.000000e+000, 0.000000e+000, 0.000000e+000, 0.000000e+000
 1.465500e-001, 8.994467e+002,-3.295734e+003, 2.395605e+003, 1.192311e+000, 6.724329e+001, 6.205213e+001, 0.000000e+000, 0.000000e+000, 0.000000e+000, 0.000000e+000
 1.466000e-001, 9.609457e+002,-3.310963e+003, 2.349610e+003, 2.151232e+000, 6.815874e+001, 6.007539e+001, 0.000000e+000, 0.000000e+000, 0.000000e+000, 0.000000e+000
 1.466500e-001, 1.022025e+003,-3.325302e+003, 2.302887e+003, 3.119169e+000, 6.906001e+001, 5.808433e+001, 0.000000e+000, 0.000000e+000, 0.000000e+000, 0.000000e+000
 1.467000e-001, 1.082819e+003,-3.338168e+003, 2.255236e+003, 4.095799e+000, 6.994641e+001, 5.607988e+001, 0.000000e+000, 0.000000e+000, 0.000000e+000, 0.000000e+000
 1.467500e-001, 1.143148e+003,-3.350145e+003, 2.206890e+003, 5.080904e+000, 7.081803e+001, 5.406293e+001, 0.000000e+000, 0.000000e+000, 0.000000e+000, 0.000000e+000
 1.468000e-001, 1.203151e+003,-3.360631e+003, 2.157651e+003, 6.074073e+000, 7.167428e+001, 5.203432e+001, 0.000000e+000, 0.000000e+000, 0.000000e+000, 0.000000e+000
 1.468500e-001, 1.262646e+003,-3.370227e+003, 2.107752e+003, 7.075024e+000, 7.251503e+001, 4.999492e+001, 0.000000e+000, 0.000000e+000, 0.000000e+000, 0.000000e+000
 1.469000e-001, 1.321775e+003,-3.378319e+003, 2.056997e+003, 8.083277e+000, 7.333978e+001, 4.794550e+001, 0.000000e+000, 0.000000e+000, 0.000000e+000, 0.000000e+000
 1.469500e-001, 1.380351e+003,-3.385517e+003, 2.005617e+003, 9.098466e+000, 7.414825e+001, 4.588693e+001, 0.000000e+000, 0.000000e+000, 0.000000e+000, 0.000000e+000
 1.470000e-001, 1.438523e+003,-3.391204e+003, 1.953419e+003, 1.012006e+001, 7.494003e+001, 4.381986e+001, 0.000000e+000, 0.000000e+000, 0.000000e+000, 0.000000e+000
 1.470500e-001, 1.496098e+003,-3.395992e+003, 1.900629e+003, 1.114761e+001, 7.571462e+001, 4.174519e+001, 0.000000e+000, 0.000000e+000, 0.000000e+000, 0.000000e+000
 1.471000e-001, 1.553230e+003,-3.399267e+003, 1.847065e+003, 1.218054e+001, 7.647171e+001, 3.966347e+001, 0.000000e+000, 0.000000e+000, 0.000000e+000, 0.000000e+000
 1.471500e-001, 1.609725e+003,-3.401635e+003, 1.792941e+003, 1.321829e+001, 7.721065e+001, 3.757558e+001, 0.000000e+000, 0.000000e+000, 0.000000e+000, 0.000000e+000
 1.472000e-001, 1.665736e+003,-3.402494e+003, 1.738088e+003, 1.426029e+001, 7.793120e+001, 3.548196e+001, 0.000000e+000, 0.000000e+000, 0.000000e+000, 0.000000e+000
 1.472500e-001, 1.721071e+003,-3.402436e+003, 1.682707e+003, 1.530585e+001, 7.863253e+001, 3.338353e+001, 0.000000e+000, 0.000000e+000, 0.000000e+000, 0.000000e+000
 1.473000e-001, 1.775881e+003,-3.400879e+003, 1.626645e+003, 1.635441e+001, 7.931450e+001, 3.128060e+001, 0.000000e+000, 0.000000e+000, 0.000000e+000, 0.000000e+000
 1.473500e-001, 1.829981e+003,-3.398393e+003, 1.570085e+003, 1.740517e+001, 7.997610e+001, 2.917408e+001, 0.000000e+000, 0.000000e+000, 0.000000e+000, 0.000000e+000
 1.474000e-001, 1.883512e+003,-3.394423e+003, 1.512895e+003, 1.845756e+001, 8.061729e+001, 2.706421e+001, 0.000000e+000, 0.000000e+000, 0.000000e+000, 0.000000e+000
 1.474500e-001, 1.936300e+003,-3.389510e+003, 1.455238e+003, 1.951068e+001, 8.123692e+001, 2.495188e+001, 0.000000e+000, 0.000000e+000, 0.000000e+000, 0.000000e+000
 1.475000e-001, 1.988477e+003,-3.383134e+003, 1.397002e+003, 2.056399e+001, 8.183499e+001, 2.283724e+001, 0.000000e+000, 0.000000e+000, 0.000000e+000, 0.000000e+000
 1.475500e-001, 2.039880e+003,-3.375799e+003, 1.338329e+003, 2.161646e+001, 8.241022e+001, 2.072118e+001, 0.000000e+000, 0.000000e+000, 0.000000e+000, 0.000000e+000
 1.476000e-001, 2.090627e+003,-3.367026e+003, 1.279131e+003, 2.266760e+001, 8.296272e+001, 1.860375e+001, 0.000000e+000, 0.000000e+000, 0.000000e+000, 0.000000e+000
 1.476500e-001, 2.140574e+003,-3.357277e+003, 1.219526e+003, 2.371627e+001, 8.349104e+001, 1.648585e+001, 0.000000e+000, 0.000000e+000, 0.000000e+000, 0.000000e+000
 1.477000e-001, 2.189818e+003,-3.346120e+003, 1.159452e+003, 2.476202e+001, 8.399538e+001, 1.436744e+001, 0.000000e+000, 0.000000e+000, 0.000000e+000, 0.000000e+000
 1.477500e-001, 2.238240e+003,-3.333969e+003, 1.099000e+003, 2.580359e+001, 8.447419e+001, 1.224942e+001, 0.000000e+000, 0.000000e+000, 0.000000e+000, 0.000000e+000
 1.478000e-001, 2.285911e+003,-3.320445e+003, 1.038136e+003, 2.684061e+001, 8.492772e+001, 1.013168e+001, 0.000000e+000, 0.000000e+000, 0.000000e+000, 0.000000e+000
 1.478500e-001, 2.332740e+003,-3.305908e+003, 9.769221e+002, 2.787171e+001, 8.535433e+001, 8.015102e+000, 0.000000e+000, 0.000000e+000, 0.000000e+000, 0.000000e+000
 1.479000e-001, 2.378769e+003,-3.290037e+003, 9.153558e+002, 2.889657e+001, 8.575433e+001, 5.899537e+000, 0.000000e+000, 0.000000e+000, 0.000000e+000, 0.000000e+000
 1.479500e-001, 2.423941e+003,-3.273133e+003, 8.534680e+002, 2.991376e+001, 8.612601e+001, 3.785838e+000, 0.000000e+000, 0.000000e+000, 0.000000e+000, 0.000000e+000
 1.480000e-001, 2.468261e+003,-3.254938e+003, 7.912871e+002, 3.092300e+001, 8.646975e+001, 1.673820e+000, 0.000000e+000, 0.000000e+000, 0.000000e+000, 0.000000e+000
 1.480500e-001, 2.511712e+003,-3.235690e+003, 7.288137e+002, 3.192279e+001, 8.678374e+001,-4.356834e-001, 0.000000e+000, 0.000000e+000, 0.000000e+000, 0.000000e+000
 1.481000e-001, 2.554261e+003,-3.215197e+003, 6.661069e+002, 3.291291e+001, 8.706847e+001,-2.542881e+000, 0.000000e+000, 0.000000e+000, 0.000000e+000, 0.000000e+000
 1.481500e-001, 2.595929e+003,-3.193631e+003, 6.031369e+002, 3.389182e+001, 8.732207e+001,-4.646966e+000, 0.000000e+000, 0.000000e+000, 0.000000e+000, 0.000000e+000
 1.482000e-001, 2.636646e+003,-3.170870e+003, 5.399935e+002, 3.485934e+001, 8.754505e+001,-6.748152e+000, 0.000000e+000, 0.000000e+000, 0.000000e+000, 0.000000e+000
 1.482500e-001, 2.676474e+003,-3.147016e+003, 4.766169e+002, 3.581391e+001, 8.773556e+001,-8.845664e+000, 0.000000e+000, 0.000000e+000, 0.000000e+000, 0.000000e+000
 1.483000e-001, 2.715300e+003,-3.122020e+003, 4.131263e+002, 3.675539e+001, 8.789416e+001,-1.093970e+001, 0.000000e+000, 0.000000e+000, 0.000000e+000, 0.000000e+000
 1.483500e-001, 2.753229e+003,-3.095912e+003, 3.494336e+002, 3.768222e+001, 8.801897e+001,-1.302953e+001, 0.000000e+000, 0.000000e+000, 0.000000e+000, 0.000000e+000
 1.484000e-001, 2.790110e+003,-3.068716e+003, 2.856856e+002, 3.859427e+001, 8.811063e+001,-1.511532e+001, 0.000000e+000, 0.000000e+000, 0.000000e+000, 0.000000e+000
 1.484500e-001, 2.826088e+003,-3.040391e+003, 2.217680e+002, 3.949003e+001, 8.816727e+001,-1.719637e+001, 0.000000e+000, 0.000000e+000, 0.000000e+000, 0.000000e+000
 1.485000e-001, 2.860970e+003,-3.011034e+003, 1.578526e+002, 4.036938e+001, 8.818955e+001,-1.927281e+001, 0.000000e+000, 0.000000e+000, 0.000000e+000, 0.000000e+000
 1.485500e-001, 2.894944e+003,-2.980532e+003, 9.380148e+001, 4.123086e+001, 8.817567e+001,-2.134399e+001, 0.000000e+000, 0.000000e+000, 0.000000e+000, 0.000000e+000
 1.486000e-001, 2.927779e+003,-2.949056e+003, 2.980854e+001, 4.207434e+001, 8.812633e+001,-2.340997e+001, 0.000000e+000, 0.000000e+000, 0.000000e+000, 0.000000e+000
 1.486500e-001, 2.959700e+003,-2.916423e+003,-3.428451e+001, 4.289846e+001, 8.803978e+001,-2.547015e+001, 0.000000e+000, 0.000000e+000, 0.000000e+000, 0.000000e+000
 1.487000e-001, 2.990442e+003,-2.882873e+003,-9.826511e+001, 4.370305e+001, 8.791675e+001,-2.752452e+001, 0.000000e+000, 0.000000e+000, 0.000000e+000, 0.000000e+000
 1.487500e-001, 3.020262e+003,-2.848153e+003,-1.623084e+002, 4.448689e+001, 8.775559e+001,-2.957252e+001, 0.000000e+000, 0.000000e+000, 0.000000e+000, 0.000000e+000
 1.488000e-001, 3.048868e+003,-2.812577e+003,-2.261870e+002, 4.524975e+001, 8.755704e+001,-3.161405e+001, 0.000000e+000, 0.000000e+000, 0.000000e+000, 0.000000e+000
 1.488500e-001, 3.076544e+003,-2.775823e+003,-2.900889e+002, 4.599056e+001, 8.731960e+001,-3.364862e+001, 0.000000e+000, 0.000000e+000, 0.000000e+000, 0.000000e+000
 1.489000e-001, 3.102973e+003,-2.738270e+003,-3.537761e+002, 4.670904e+001, 8.704398e+001,-3.567602e+001, 0.000000e+000, 0.000000e+000, 0.000000e+000, 0.000000e+000
 1.489500e-001, 3.128464e+003,-2.699535e+003,-4.174453e+002, 4.740427e+001, 8.672884e+001,-3.769579e+001, 0.000000e+000, 0.000000e+000, 0.000000e+000, 0.000000e+000
 1.490000e-001, 3.152681e+003,-2.660059e+003,-4.808520e+002, 4.807592e+001, 8.637489e+001,-3.970765e+001, 0.000000e+000, 0.000000e+000, 0.000000e+000, 0.000000e+000
 1.490500e-001, 3.175948e+003,-2.619400e+003,-5.441976e+002, 4.872324e+001, 8.598094e+001,-4.171117e+001, 0.000000e+000, 0.000000e+000, 0.000000e+000, 0.000000e+000
 1.491000e-001, 3.197919e+003,-2.578057e+003,-6.072354e+002, 4.934585e+001, 8.554773e+001,-4.370596e+001, 0.000000e+000, 0.000000e+000, 0.000000e+000, 0.000000e+000
 1.491500e-001, 3.218926e+003,-2.535534e+003,-6.701667e+002, 4.994317e+001, 8.507423e+001,-4.569163e+001, 0.000000e+000, 0.000000e+000, 0.000000e+000, 0.000000e+000
 1.492000e-001, 3.238621e+003,-2.492382e+003,-7.327476e+002, 5.051476e+001, 8.456116e+001,-4.766768e+001, 0.000000e+000, 0.000000e+000, 0.000000e+000, 0.000000e+000
 1.492500e-001, 3.257337e+003,-2.448057e+003,-7.951752e+002, 5.106023e+001, 8.400769e+001,-4.963376e+001, 0.000000e+000, 0.000000e+000, 0.000000e+000, 0.000000e+000
 1.493000e-001, 3.274729e+003,-2.403158e+003,-8.572115e+002, 5.157908e+001, 8.341454e+001,-5.158927e+001, 0.000000e+000, 0.000000e+000, 0.000000e+000, 0.000000e+000
 1.493500e-001, 3.291123e+003,-2.357097e+003,-9.190466e+002, 5.207113e+001, 8.278109e+001,-5.353387e+001, 0.000000e+000, 0.000000e+000, 0.000000e+000, 0.000000e+000
 1.494000e-001, 3.306189e+003,-2.310512e+003,-9.804518e+002, 5.253579e+001, 8.210801e+001,-5.546687e+001, 0.000000e+000, 0.000000e+000, 0.000000e+000, 0.000000e+000
 1.494500e-001, 3.320237e+003,-2.262784e+003,-1.041606e+003, 5.297309e+001, 8.139494e+001,-5.738794e+001, 0.000000e+000, 0.000000e+000, 0.000000e+000, 0.000000e+000
 1.495000e-001, 3.332955e+003,-2.214580e+003,-1.102295e+003, 5.338240e+001, 8.064250e+001,-5.929630e+001, 0.000000e+000, 0.000000e+000, 0.000000e+000, 0.000000e+000
 1.495500e-001, 3.344635e+003,-2.165254e+003,-1.162682e+003, 5.376392e+001, 7.985057e+001,-6.119163e+001, 0.000000e+000, 0.000000e+000, 0.000000e+000, 0.000000e+000
 1.496000e-001, 3.354988e+003,-2.115499e+003,-1.222568e+003, 5.411700e+001, 7.901973e+001,-6.307306e+001, 0.000000e+000, 0.000000e+000, 0.000000e+000, 0.000000e+000
 1.496500e-001, 3.364280e+003,-2.064649e+003,-1.282103e+003, 5.444200e+001, 7.815011e+001,-6.494026e+001, 0.000000e+000, 0.000000e+000, 0.000000e+000, 0.000000e+000
 1.497000e-001, 3.372255e+003,-2.013412e+003,-1.341103e+003, 5.473825e+001, 7.724224e+001,-6.679230e+001, 0.000000e+000, 0.000000e+000, 0.000000e+000, 0.000000e+000
 1.497500e-001, 3.379144e+003,-1.961114e+003,-1.399701e+003, 5.500626e+001, 7.629650e+001,-6.862884e+001, 0.000000e+000, 0.000000e+000, 0.000000e+000, 0.000000e+000
 1.498000e-001, 3.384729e+003,-1.908466e+003,-1.457732e+003, 5.524538e+001, 7.531338e+001,-7.044888e+001, 0.000000e+000, 0.000000e+000, 0.000000e+000, 0.000000e+000
 1.498500e-001, 3.389204e+003,-1.854798e+003,-1.515311e+003, 5.545626e+001, 7.429350e+001,-7.225204e+001, 0.000000e+000, 0.000000e+000, 0.000000e+000, 0.000000e+000
 1.499000e-001, 3.392391e+003,-1.800813e+003,-1.572291e+003, 5.563824e+001, 7.323729e+001,-7.403731e+001, 0.000000e+000, 0.000000e+000, 0.000000e+000, 0.000000e+000
 1.499500e-001, 3.394444e+003,-1.745854e+003,-1.628770e+003, 5.579211e+001, 7.214564e+001,-7.580424e+001, 0.000000e+000, 0.000000e+000, 0.000000e+000, 0.000000e+000
 1.500000e-001, 3.395228e+003,-1.690609e+003,-1.684618e+003, 5.591725e+001, 7.101889e+001,-7.755183e+001, 0.000000e+000, 0.000000e+000, 0.000000e+000, 0.000000e+000
 1.500500e-001, 3.394856e+003,-1.634439e+003,-1.739918e+003, 5.601452e+001, 6.985821e+001,-7.927956e+001, 0.000000e+000, 0.000000e+000, 0.000000e+000, 0.000000e+000
 1.501000e-001, 3.393235e+003,-1.578010e+003,-1.794555e+003, 5.608339e+001, 6.866386e+001,-8.098640e+001, 0.000000e+000, 0.000000e+000, 0.000000e+000, 0.000000e+000
 1.501500e-001, 3.390437e+003,-1.520714e+003,-1.848599e+003, 5.612477e+001, 6.743723e+001,-8.267181e+001, 0.000000e+000, 0.000000e+000, 0.000000e+000, 0.000000e+000
 1.502000e-001, 3.386413e+003,-1.463180e+003,-1.901947e+003, 5.613822e+001, 6.617854e+001,-8.433475e+001, 0.000000e+000, 0.000000e+000, 0.000000e+000, 0.000000e+000
 1.502500e-001, 3.381193e+003,-1.404841e+003,-1.954659e+003, 5.612470e+001, 6.488940e+001,-8.597459e+001, 0.000000e+000, 0.000000e+000, 0.000000e+000, 0.000000e+000
 1.503000e-001, 3.374770e+003,-1.346283e+003,-2.006643e+003, 5.608385e+001, 6.356995e+001,-8.759035e+001, 0.000000e+000, 0.000000e+000, 0.000000e+000, 0.000000e+000
 1.503500e-001, 3.367135e+003,-1.286986e+003,-2.057949e+003, 5.601667e+001, 6.222203e+001,-8.918133e+001, 0.000000e+000, 0.000000e+000, 0.000000e+000, 0.000000e+000
 1.504000e-001, 3.358321e+003,-1.227487e+003,-2.108495e+003, 5.592290e+001, 6.084571e+001,-9.074656e+001, 0.000000e+000, 0.000000e+000, 0.000000e+000, 0.000000e+000
 1.504500e-001, 3.348281e+003,-1.167320e+003,-2.158324e+003, 5.580357e+001, 5.944300e+001,-9.228526e+001, 0.000000e+000, 0.000000e+000, 0.000000e+000, 0.000000e+000
 1.505000e-001, 3.337087e+003,-1.106962e+003,-2.207359e+003, 5.565852e+001, 5.801392e+001,-9.379653e+001, 0.000000e+000, 0.000000e+000, 0.000000e+000, 0.000000e+000
 1.505500e-001, 3.324659e+003,-1.046011e+003,-2.255642e+003, 5.548876e+001, 5.656066e+001,-9.527951e+001, 0.000000e+000, 0.000000e+000, 0.000000e+000, 0.000000e+000
 1.506000e-001, 3.311099e+003,-9.848811e+002,-2.303095e+003, 5.529428e+001, 5.508318e+001,-9.673336e+001, 0.000000e+000, 0.000000e+000, 0.000000e+000, 0.000000e+000
 1.506500e-001, 3.296300e+003,-9.232352e+002,-2.349765e+003, 5.507605e+001, 5.358379e+001,-9.815714e+001, 0.000000e+000, 0.000000e+000, 0.000000e+000, 0.000000e+000
 1.507000e-001, 3.280391e+003,-8.614177e+002,-2.395569e+003, 5.483421e+001, 5.206243e+001,-9.955008e+001, 0.000000e+000, 0.000000e+000, 0.000000e+000, 0.000000e+000
 1.507500e-001, 3.263243e+003,-7.991656e+002,-2.440560e+003, 5.456967e+001, 5.052150e+001,-1.009112e+002, 0.000000e+000, 0.000000e+000, 0.000000e+000, 0.000000e+000
 1.508000e-001, 3.245008e+003,-7.367482e+002,-2.484649e+003, 5.428270e+001, 4.896091e+001,-1.022397e+002, 0.000000e+000, 0.000000e+000, 0.000000e+000, 0.000000e+000
 1.508500e-001, 3.225535e+003,-6.739795e+002,-2.527899e+003, 5.397419e+001, 4.738314e+001,-1.035346e+002, 0.000000e+000, 0.000000e+000, 0.000000e+000, 0.000000e+000
 1.509000e-001, 3.204997e+003,-6.110504e+002,-2.570210e+003, 5.364450e+001, 4.578807e+001,-1.047953e+002, 0.000000e+000, 0.000000e+000, 0.000000e+000, 0.000000e+000
 1.509500e-001, 3.183229e+003,-5.478546e+002,-2.611658e+003, 5.329448e+001, 4.417823e+001,-1.060206e+002, 0.000000e+000, 0.000000e+000, 0.000000e+000, 0.000000e+000
 1.510000e-001, 3.160416e+003,-4.845029e+002,-2.652130e+003, 5.292462e+001, 4.255347e+001,-1.072100e+002, 0.000000e+000, 0.000000e+000, 0.000000e+000, 0.000000e+000
 1.510500e-001, 3.136384e+003,-4.209698e+002,-2.691718e+003, 5.253570e+001, 4.091636e+001,-1.083623e+002, 0.000000e+000, 0.000000e+000, 0.000000e+000, 0.000000e+000
 1.511000e-001, 3.111327e+003,-3.572854e+002,-2.730293e+003, 5.212831e+001, 3.926673e+001,-1.094770e+002, 0.000000e+000, 0.000000e+000, 0.000000e+000, 0.000000e+000
 1.511500e-001, 3.085067e+003,-2.935048e+002,-2.767965e+003, 5.170320e+001, 3.760712e+001,-1.105531e+002, 0.000000e+000, 0.000000e+000, 0.000000e+000, 0.000000e+000
 1.512000e-001, 3.057801e+003,-2.295783e+002,-2.804589e+003, 5.126101e+001, 3.593737e+001,-1.115899e+002, 0.000000e+000, 0.000000e+000, 0.000000e+000, 0.000000e+000
 1.512500e-001, 3.029350e+003,-1.656401e+002,-2.840292e+003, 5.080244e+001, 3.425999e+001,-1.125865e+002, 0.000000e+000, 0.000000e+000, 0.000000e+000, 0.000000e+000
 1.513000e-001, 2.999912e+003,-1.015625e+002,-2.874911e+003, 5.032823e+001, 3.257483e+001,-1.135423e+002, 0.000000e+000, 0.000000e+000, 0.000000e+000, 0.000000e+000
 1.513500e-001, 2.969312e+003,-3.755622e+001,-2.908595e+003, 4.983901e+001, 3.088429e+001,-1.144563e+002, 0.000000e+000, 0.000000e+000, 0.000000e+000, 0.000000e+000
 1.514000e-001, 2.937745e+003, 2.658109e+001,-2.941160e+003, 4.933554e+001, 2.918829e+001,-1.153282e+002, 0.000000e+000, 0.000000e+000, 0.000000e+000, 0.000000e+000
 1.514500e-001, 2.905040e+003, 9.056609e+001,-2.972776e+003, 4.881846e+001, 2.748910e+001,-1.161567e+002, 0.000000e+000, 0.000000e+000, 0.000000e+000, 0.000000e+000
 1.515000e-001, 2.871388e+003, 1.546714e+002,-3.003242e+003, 4.828852e+001, 2.578667e+001,-1.169417e+002, 0.000000e+000, 0.000000e+000, 0.000000e+000, 0.000000e+000
 1.515500e-001, 2.836624e+003, 2.185462e+002,-3.032744e+003, 4.774633e+001, 2.408316e+001,-1.176821e+002, 0.000000e+000, 0.000000e+000, 0.000000e+000, 0.000000e+000
 1.516000e-001, 2.800936e+003, 2.825279e+002,-3.061067e+003, 4.719263e+001, 2.237854e+001,-1.183776e+002, 0.000000e+000, 0.000000e+000, 0.000000e+000, 0.000000e+000
 1.516500e-001, 2.764163e+003, 3.462040e+002,-3.088413e+003, 4.662802e+001, 2.067482e+001,-1.190273e+002, 0.000000e+000, 0.000000e+000, 0.000000e+000, 0.000000e+000
 1.517000e-001, 2.726490e+003, 4.099703e+002,-3.114553e+003, 4.605321e+001, 1.897204e+001,-1.196309e+002, 0.000000e+000, 0.000000e+000, 0.000000e+000, 0.000000e+000
 1.517500e-001, 2.687760e+003, 4.733598e+002,-3.139703e+003, 4.546877e+001, 1.727201e+001,-1.201875e+002, 0.000000e+000, 0.000000e+000, 0.000000e+000, 0.000000e+000
 1.518000e-001, 2.648157e+003, 5.368192e+002,-3.163624e+003, 4.487537e+001, 1.557484e+001,-1.206969e+002, 0.000000e+000, 0.000000e+000, 0.000000e+000, 0.000000e+000
 1.518500e-001, 2.607526e+003, 5.998347e+002,-3.186541e+003, 4.427357e+001, 1.388215e+001,-1.211585e+002, 0.000000e+000, 0.000000e+000, 0.000000e+000, 0.000000e+000
 1.519000e-001, 2.566050e+003, 6.628962e+002,-3.208209e+003, 4.366396e+001, 1.219411e+001,-1.215718e+002, 0.000000e+000, 0.000000e+000, 0.000000e+000, 0.000000e+000
 1.519500e-001, 2.523575e+003, 7.254511e+002,-3.228859e+003, 4.304712e+001, 1.051213e+001,-1.219363e+002, 0.000000e+000, 0.000000e+000, 0.000000e+000, 0.000000e+000
 1.520000e-001, 2.480286e+003, 7.880242e+002,-3.248244e+003, 4.242352e+001, 8.836467e+000,-1.222518e+002, 0.000000e+000, 0.000000e+000, 0.000000e+000, 0.000000e+000
 1.520500e-001, 2.436029e+003, 8.500325e+002,-3.266596e+003, 4.179376e+001, 7.168290e+000,-1.225178e+002, 0.000000e+000, 0.000000e+000, 0.000000e+000, 0.000000e+000
 1.521000e-001, 2.390990e+003, 9.120272e+002,-3.283671e+003, 4.115821e+001, 5.507936e+000,-1.227340e+002, 0.000000e+000, 0.000000e+000, 0.000000e+000, 0.000000e+000
 1.521500e-001, 2.345012e+003, 9.734038e+002,-3.299697e+003, 4.051746e+001, 3.856359e+000,-1.229002e+002, 0.000000e+000, 0.000000e+000, 0.000000e+000, 0.000000e+000
 1.522000e-001, 2.298290e+003, 1.034731e+003,-3.314438e+003, 3.987177e+001, 2.213962e+000,-1.230159e+002, 0.000000e+000, 0.000000e+000, 0.000000e+000, 0.000000e+000
 1.522500e-001, 2.250657e+003, 1.095392e+003,-3.328114e+003, 3.922172e+001, 5.814797e-001,-1.230813e+002, 0.000000e+000, 0.000000e+000, 0.000000e+000, 0.000000e+000
 1.523000e-001, 2.202320e+003, 1.155964e+003,-3.340501e+003, 3.856747e+001,-1.040619e+000,-1.230958e+002, 0.000000e+000, 0.000000e+000, 0.000000e+000, 0.000000e+000
 1.523500e-001, 2.153100e+003, 1.215825e+003,-3.351805e+003, 3.790958e+001,-2.651814e+000,-1.230596e+002, 0.000000e+000, 0.000000e+000, 0.000000e+000, 0.000000e+000
 1.524000e-001, 2.103217e+003, 1.275555e+003,-3.361822e+003, 3.724811e+001,-4.251575e+000,-1.229723e+002, 0.000000e+000, 0.000000e+000, 0.000000e+000, 0.000000e+000
 1.524500e-001, 2.052480e+003, 1.334535e+003,-3.370736e+003, 3.658359e+001,-5.839591e+000,-1.228341e+002, 0.000000e+000, 0.000000e+000, 0.000000e+000, 0.000000e+000
 1.525000e-001, 2.001125e+003, 1.393337e+003,-3.378368e+003, 3.591597e+001,-7.415276e+000,-1.226448e+002, 0.000000e+000, 0.000000e+000, 0.000000e+000, 0.000000e+000
 1.525500e-001, 1.948944e+003, 1.451354e+003,-3.384878e+003, 3.524576e+001,-8.978512e+000,-1.224047e+002, 0.000000e+000, 0.000000e+000, 0.000000e+000, 0.000000e+000
 1.526000e-001, 1.896190e+003, 1.509143e+003,-3.390115e+003, 3.457281e+001,-1.052867e+001,-1.221134e+002, 0.000000e+000, 0.000000e+000, 0.000000e+000, 0.000000e+000
 1.526500e-001, 1.842640e+003, 1.566118e+003,-3.394210e+003, 3.389757e+001,-1.206581e+001,-1.217716e+002, 0.000000e+000, 0.000000e+000, 0.000000e+000, 0.000000e+000
 1.527000e-001, 1.788565e+003, 1.622813e+003,-3.397044e+003, 3.321983e+001,-1.358926e+001,-1.213788e+002, 0.000000e+000, 0.000000e+000, 0.000000e+000, 0.000000e+000
 1.527500e-001, 1.733722e+003, 1.678665e+003,-3.398718e+003, 3.253998e+001,-1.509925e+001,-1.209358e+002, 0.000000e+000, 0.000000e+000, 0.000000e+000, 0.000000e+000
 1.528000e-001, 1.678403e+003, 1.734185e+003,-3.399145e+003, 3.185773e+001,-1.659508e+001,-1.204423e+002, 0.000000e+000, 0.000000e+000, 0.000000e+000, 0.000000e+000
 1.528500e-001, 1.622346e+003, 1.788838e+003,-3.398394e+003, 3.117340e+001,-1.807713e+001,-1.198992e+002, 0.000000e+000, 0.000000e+000, 0.000000e+000, 0.000000e+000
 1.529000e-001, 1.565862e+003, 1.843102e+003,-3.396413e+003, 3.048668e+001,-1.954467e+001,-1.193060e+002, 0.000000e+000, 0.000000e+000, 0.000000e+000, 0.000000e+000
 1.529500e-001, 1.508673e+003, 1.896480e+003,-3.393236e+003, 2.979777e+001,-2.099820e+001,-1.186639e+002, 0.000000e+000, 0.000000e+000, 0.000000e+000, 0.000000e+000
 1.530000e-001, 1.451106e+003, 1.949413e+003,-3.388850e+003, 2.910634e+001,-2.243700e+001,-1.179725e+002, 0.000000e+000, 0.000000e+000, 0.000000e+000, 0.000000e+000
 1.530500e-001, 1.392867e+003, 2.001440e+003,-3.383252e+003, 2.841250e+001,-2.386166e+001,-1.172329e+002, 0.000000e+000, 0.000000e+000, 0.000000e+000, 0.000000e+000
 1.531000e-001, 1.334297e+003, 2.052966e+003,-3.376466e+003, 2.771592e+001,-2.527146e+001,-1.164451e+002, 0.000000e+000, 0.000000e+000, 0.000000e+000, 0.000000e+000
 1.531500e-001, 1.275093e+003, 2.103571e+003,-3.368454e+003, 2.701659e+001,-2.666708e+001,-1.156100e+002, 0.000000e+000, 0.000000e+000, 0.000000e+000, 0.000000e+000
 1.532000e-001, 1.215605e+003, 2.153616e+003,-3.359276e+003, 2.631419e+001,-2.804780e+001,-1.147276e+002, 0.000000e+000, 0.000000e+000, 0.000000e+000, 0.000000e+000
 1.532500e-001, 1.155521e+003, 2.202726e+003,-3.348862e+003, 2.560860e+001,-2.941437e+001,-1.137992e+002, 0.000000e+000, 0.000000e+000, 0.000000e+000, 0.000000e+000
 1.533000e-001, 1.095198e+003, 2.251221e+003,-3.337304e+003, 2.489954e+001,-3.076608e+001,-1.128248e+002, 0.000000e+000, 0.000000e+000, 0.000000e+000, 0.000000e+000
 1.533500e-001, 1.034322e+003, 2.298767e+003,-3.324503e+003, 2.418676e+001,-3.210371e+001,-1.118055e+002, 0.000000e+000, 0.000000e+000, 0.000000e+000, 0.000000e+000
 1.534000e-001, 9.732495e+002, 2.345642e+003,-3.310581e+003, 2.347003e+001,-3.342661e+001,-1.107415e+002, 0.000000e+000, 0.000000e+000, 0.000000e+000, 0.000000e+000
 1.534500e-001, 9.116693e+002, 2.391557e+003,-3.295410e+003, 2.274898e+001,-3.473555e+001,-1.096341e+002, 0.000000e+000, 0.000000e+000, 0.000000e+000, 0.000000e+000
 1.535000e-001, 8.499331e+002, 2.436746e+003,-3.279141e+003, 2.202345e+001,-3.602990e+001,-1.084835e+002, 0.000000e+000, 0.000000e+000, 0.000000e+000, 0.000000e+000
 1.535500e-001, 7.877383e+002, 2.480964e+003,-3.261624e+003, 2.129294e+001,-3.731046e+001,-1.072910e+002, 0.000000e+000, 0.000000e+000, 0.000000e+000, 0.000000e+000
 1.536000e-001, 7.254250e+002, 2.524404e+003,-3.243031e+003, 2.055738e+001,-3.857662e+001,-1.060569e+002, 0.000000e+000, 0.000000e+000, 0.000000e+000, 0.000000e+000
 1.536500e-001, 6.627059e+002, 2.566862e+003,-3.223192e+003, 1.981615e+001,-3.982917e+001,-1.047825e+002, 0.000000e+000, 0.000000e+000, 0.000000e+000, 0.000000e+000
 1.537000e-001, 5.999027e+002, 2.608491e+003,-3.202299e+003, 1.906928e+001,-4.106754e+001,-1.034683e+002, 0.000000e+000, 0.000000e+000, 0.000000e+000, 0.000000e+000
 1.537500e-001, 5.367499e+002, 2.649128e+003,-3.180168e+003, 1.831602e+001,-4.229249e+001,-1.021155e+002, 0.000000e+000, 0.000000e+000, 0.000000e+000, 0.000000e+000
 1.538000e-001, 4.735448e+002, 2.688887e+003,-3.157003e+003, 1.755652e+001,-4.350348e+001,-1.007247e+002, 0.000000e+000, 0.000000e+000, 0.000000e+000, 0.000000e+000
 1.538500e-001, 4.100495e+002, 2.727645e+003,-3.132613e+003, 1.678993e+001,-4.470123e+001,-9.929706e+001, 0.000000e+000, 0.000000e+000, 0.000000e+000, 0.000000e+000
 1.539000e-001, 3.465311e+002, 2.765479e+003,-3.107208e+003, 1.601650e+001,-4.588523e+001,-9.783344e+001, 0.000000e+000, 0.000000e+000, 0.000000e+000, 0.000000e+000
 1.539500e-001, 2.827846e+002, 2.802302e+003,-3.080593e+003, 1.523531e+001,-4.705617e+001,-9.633483e+001, 0.000000e+000, 0.000000e+000, 0.000000e+000, 0.000000e+000
 1.540000e-001, 2.190418e+002, 2.838156e+003,-3.052983e+003, 1.444669e+001,-4.821357e+001,-9.480223e+001, 0.000000e+000, 0.000000e+000, 0.000000e+000, 0.000000e+000
 1.540500e-001, 1.551355e+002, 2.872990e+003,-3.024183e+003, 1.364968e+001,-4.935804e+001,-9.323659e+001, 0.000000e+000, 0.000000e+000, 0.000000e+000, 0.000000e+000
 1.541000e-001, 9.125775e+001, 2.906815e+003,-2.994405e+003, 1.284471e+001,-5.048914e+001,-9.163899e+001, 0.000000e+000, 0.000000e+000, 0.000000e+000, 0.000000e+000
 1.541500e-001, 2.728287e+001, 2.939610e+003,-2.963462e+003, 1.203079e+001,-5.160743e+001,-9.001035e+001, 0.000000e+000, 0.000000e+000, 0.000000e+000, 0.000000e+000
 1.542000e-001,-3.664008e+001, 2.971357e+003,-2.931558e+003, 1.120842e+001,-5.271247e+001,-8.835184e+001, 0.000000e+000, 0.000000e+000, 0.000000e+000, 0.000000e+000
 1.542500e-001,-1.005926e+002, 3.002065e+003,-2.898517e+003, 1.037662e+001,-5.380476e+001,-8.666432e+001, 0.000000e+000, 0.000000e+000, 0.000000e+000, 0.000000e+000
 1.543000e-001,-1.644708e+002, 3.031690e+003,-2.864532e+003, 9.535964e+000,-5.488391e+001,-8.494904e+001, 0.000000e+000, 0.000000e+000, 0.000000e+000, 0.000000e+000
 1.543500e-001,-2.283103e+002, 3.060265e+003,-2.829441e+003, 8.685487e+000,-5.595030e+001,-8.320679e+001, 0.000000e+000, 0.000000e+000, 0.000000e+000, 0.000000e+000
 1.544000e-001,-2.920537e+002, 3.087727e+003,-2.793422e+003, 7.825823e+000,-5.700357e+001,-8.143889e+001, 0.000000e+000, 0.000000e+000, 0.000000e+000, 0.000000e+000
 1.544500e-001,-3.556903e+002, 3.114128e+003,-2.756331e+003, 6.956069e+000,-5.804404e+001,-7.964610e+001, 0.000000e+000, 0.000000e+000, 0.000000e+000, 0.000000e+000
 1.545000e-001,-4.192088e+002, 3.139386e+003,-2.718330e+003, 6.076900e+000,-5.907134e+001,-7.782974e+001, 0.000000e+000, 0.000000e+000, 0.000000e+000, 0.000000e+000
 1.545500e-001,-4.825531e+002, 3.163575e+003,-2.679293e+003, 5.187494e+000,-6.008572e+001,-7.599055e+001, 0.000000e+000, 0.000000e+000, 0.000000e+000, 0.000000e+000
 1.546000e-001,-5.457568e+002, 3.186594e+003,-2.639363e+003, 4.288550e+000,-6.108682e+001,-7.412988e+001, 0.000000e+000, 0.000000e+000, 0.000000e+000, 0.000000e+000
 1.546500e-001,-6.087202e+002, 3.208534e+003,-2.598436e+003, 3.379358e+000,-6.207480e+001,-7.224841e+001, 0.000000e+000, 0.000000e+000, 0.000000e+000, 0.000000e+000
 1.547000e-001,-6.715193e+002, 3.229281e+003,-2.556635e+003, 2.460628e+000,-6.304930e+001,-7.034747e+001, 0.000000e+000, 0.000000e+000, 0.000000e+000, 0.000000e+000
 1.547500e-001,-7.340142e+002, 3.248941e+003,-2.513876e+003, 1.531778e+000,-6.401041e+001,-6.842776e+001, 0.000000e+000, 0.000000e+000, 0.000000e+000, 0.000000e+000
 1.548000e-001,-7.963194e+002, 3.267385e+003,-2.470265e+003, 5.935174e-001,-6.495775e+001,-6.649055e+001, 0.000000e+000, 0.000000e+000, 0.000000e+000, 0.000000e+000
 1.548500e-001,-8.582589e+002, 3.284735e+003,-2.425735e+003,-3.545886e-001,-6.589133e+001,-6.453653e+001, 0.000000e+000, 0.000000e+000, 0.000000e+000, 0.000000e+000
 1.549000e-001,-9.199814e+002, 3.300852e+003,-2.380376e+003,-1.311841e+000,-6.681079e+001,-6.256693e+001, 0.000000e+000, 0.000000e+000, 0.000000e+000, 0.000000e+000
 1.549500e-001,-9.812798e+002, 3.315865e+003,-2.334139e+003,-2.278515e+000,-6.771604e+001,-6.058241e+001, 0.000000e+000, 0.000000e+000, 0.000000e+000, 0.000000e+000
 1.550000e-001,-1.042332e+003, 3.329630e+003,-2.287098e+003,-3.253933e+000,-6.860670e+001,-5.858414e+001, 0.000000e+000, 0.000000e+000, 0.000000e+000, 0.000000e+000
 1.550500e-001,-1.102904e+003, 3.342286e+003,-2.239220e+003,-4.238201e+000,-6.948261e+001,-5.657280e+001, 0.000000e+000, 0.000000e+000, 0.000000e+000, 0.000000e+000
 1.551000e-001,-1.163198e+003, 3.353678e+003,-2.190565e+003,-5.230666e+000,-7.034337e+001,-5.454947e+001, 0.000000e+000, 0.000000e+000, 0.000000e+000, 0.000000e+000
 1.551500e-001,-1.222961e+003, 3.363956e+003,-2.141113e+003,-6.231263e+000,-7.118874e+001,-5.251481e+001, 0.000000e+000, 0.000000e+000, 0.000000e+000, 0.000000e+000
 1.552000e-001,-1.282411e+003, 3.372961e+003,-2.090915e+003,-7.239368e+000,-7.201833e+001,-5.046981e+001, 0.000000e+000, 0.000000e+000, 0.000000e+000, 0.000000e+000
 1.552500e-001,-1.341282e+003, 3.380845e+003,-2.039960e+003,-8.254745e+000,-7.283179e+001,-4.841516e+001, 0.000000e+000, 0.000000e+000, 0.000000e+000, 0.000000e+000
 1.553000e-001,-1.399803e+003, 3.387448e+003,-1.988292e+003,-9.276800e+000,-7.362872e+001,-4.635175e+001, 0.000000e+000, 0.000000e+000, 0.000000e+000, 0.000000e+000
 1.553500e-001,-1.457700e+003, 3.392926e+003,-1.935906e+003,-1.030513e+001,-7.440872e+001,-4.428025e+001, 0.000000e+000, 0.000000e+000, 0.000000e+000, 0.000000e+000
 1.554000e-001,-1.515208e+003, 3.397118e+003,-1.882843e+003,-1.133917e+001,-7.517135e+001,-4.220144e+001, 0.000000e+000, 0.000000e+000, 0.000000e+000, 0.000000e+000
 1.554500e-001,-1.572052e+003, 3.400181e+003,-1.829101e+003,-1.237836e+001,-7.591614e+001,-4.011603e+001, 0.000000e+000, 0.000000e+000, 0.000000e+000, 0.000000e+000
 1.555000e-001,-1.628466e+003, 3.401954e+003,-1.774720e+003,-1.342217e+001,-7.664262e+001,-3.802467e+001, 0.000000e+000, 0.000000e+000, 0.000000e+000, 0.000000e+000
 1.555500e-001,-1.684177e+003, 3.402597e+003,-1.719698e+003,-1.446989e+001,-7.735029e+001,-3.592808e+001, 0.000000e+000, 0.000000e+000, 0.000000e+000, 0.000000e+000
 1.556000e-001,-1.739416e+003, 3.401950e+003,-1.664079e+003,-1.552099e+001,-7.803865e+001,-3.382680e+001, 0.000000e+000, 0.000000e+000, 0.000000e+000, 0.000000e+000
 1.556500e-001,-1.793918e+003, 3.400170e+003,-1.607854e+003,-1.657466e+001,-7.870711e+001,-3.172157e+001, 0.000000e+000, 0.000000e+000, 0.000000e+000, 0.000000e+000
 1.557000e-001,-1.847903e+003, 3.397102e+003,-1.551077e+003,-1.763038e+001,-7.935517e+001,-2.961280e+001, 0.000000e+000, 0.000000e+000, 0.000000e+000, 0.000000e+000
 1.557500e-001,-1.901119e+003, 3.392901e+003,-1.493729e+003,-1.868722e+001,-7.998219e+001,-2.750124e+001, 0.000000e+000, 0.000000e+000, 0.000000e+000, 0.000000e+000
 1.558000e-001,-1.953774e+003, 3.387417e+003,-1.435877e+003,-1.974467e+001,-8.058767e+001,-2.538721e+001, 0.000000e+000, 0.000000e+000, 0.000000e+000, 0.000000e+000
 1.558500e-001,-2.005629e+003, 3.380799e+003,-1.377489e+003,-2.080173e+001,-8.117089e+001,-2.327146e+001, 0.000000e+000, 0.000000e+000, 0.000000e+000, 0.000000e+000
 1.559000e-001,-2.056881e+003, 3.372906e+003,-1.318644e+003,-2.185786e+001,-8.173135e+001,-2.115421e+001, 0.000000e+000, 0.000000e+000, 0.000000e+000, 0.000000e+000
 1.559500e-001,-2.107302e+003, 3.363881e+003,-1.259298e+003,-2.291200e+001,-8.226827e+001,-1.903621e+001, 0.000000e+000, 0.000000e+000, 0.000000e+000, 0.000000e+000
 1.560000e-001,-2.157076e+003, 3.353590e+003,-1.199547e+003,-2.396361e+001,-8.278117e+001,-1.691759e+001, 0.000000e+000, 0.000000e+000, 0.000000e+000, 0.000000e+000
 1.560500e-001,-2.205993e+003, 3.342168e+003,-1.139327e+003,-2.501159e+001,-8.326923e+001,-1.479909e+001, 0.000000e+000, 0.000000e+000, 0.000000e+000, 0.000000e+000
 1.561000e-001,-2.254220e+003, 3.329494e+003,-1.078754e+003,-2.605536e+001,-8.373195e+001,-1.268079e+001, 0.000000e+000, 0.000000e+000, 0.000000e+000, 0.000000e+000
 1.561500e-001,-2.301563e+003, 3.315692e+003,-1.017747e+003,-2.709383e+001,-8.416847e+001,-1.056340e+001, 0.000000e+000, 0.000000e+000, 0.000000e+000, 0.000000e+000
 1.562000e-001,-2.348176e+003, 3.300651e+003,-9.564403e+002,-2.812636e+001,-8.457833e+001,-8.446963e+000, 0.000000e+000, 0.000000e+000, 0.000000e+000, 0.000000e+000
 1.562500e-001,-2.393876e+003, 3.284487e+003,-8.947328e+002,-2.915189e+001,-8.496062e+001,-6.332145e+000, 0.000000e+000, 0.000000e+000, 0.000000e+000, 0.000000e+000
 1.563000e-001,-2.438809e+003, 3.267103e+003,-8.327790e+002,-3.016972e+001,-8.531489e+001,-4.218962e+000, 0.000000e+000, 0.000000e+000, 0.000000e+000, 0.000000e+000
 1.563500e-001,-2.482802e+003, 3.248599e+003,-7.704594e+002,-3.117883e+001,-8.564021e+001,-2.108052e+000, 0.000000e+000, 0.000000e+000, 0.000000e+000, 0.000000e+000
 1.564000e-001,-2.525992e+003, 3.228895e+003,-7.079470e+002,-3.217848e+001,-8.593616e+001, 5.816074e-004, 0.000000e+000, 0.000000e+000, 0.000000e+000, 0.000000e+000
 1.564500e-001,-2.568215e+003, 3.208078e+003,-6.451044e+002,-3.316771e+001,-8.620181e+001, 2.106347e+000, 0.000000e+000, 0.000000e+000, 0.000000e+000, 0.000000e+000
 1.565000e-001,-2.609602e+003, 3.186082e+003,-5.821220e+002,-3.414569e+001,-8.643674e+001, 4.209229e+000, 0.000000e+000, 0.000000e+000, 0.000000e+000, 0.000000e+000
 1.565500e-001,-2.649992e+003, 3.162980e+003,-5.188464e+002,-3.511156e+001,-8.664004e+001, 6.308688e+000, 0.000000e+000, 0.000000e+000, 0.000000e+000, 0.000000e+000
 1.566000e-001,-2.689519e+003, 3.138723e+003,-4.554833e+002,-3.606444e+001,-8.681131e+001, 8.404683e+000, 0.000000e+000, 0.000000e+000, 0.000000e+000, 0.000000e+000
 1.566500e-001,-2.728019e+003, 3.113371e+003,-3.918654e+002,-3.700353e+001,-8.694965e+001, 1.049673e+001, 0.000000e+000, 0.000000e+000, 0.000000e+000, 0.000000e+000
 1.567000e-001,-2.765629e+003, 3.086888e+003,-3.282111e+002,-3.792793e+001,-8.705470e+001, 1.258474e+001, 0.000000e+000, 0.000000e+000, 0.000000e+000, 0.000000e+000
 1.567500e-001,-2.802184e+003, 3.059320e+003,-2.643419e+002,-3.883689e+001,-8.712558e+001, 1.466829e+001, 0.000000e+000, 0.000000e+000, 0.000000e+000, 0.000000e+000
 1.568000e-001,-2.837824e+003, 3.030649e+003,-2.004860e+002,-3.972950e+001,-8.716198e+001, 1.674723e+001, 0.000000e+000, 0.000000e+000, 0.000000e+000, 0.000000e+000
 1.568500e-001,-2.872380e+003, 3.000905e+003,-1.364571e+002,-4.060509e+001,-8.716306e+001, 1.882120e+001, 0.000000e+000, 0.000000e+000, 0.000000e+000, 0.000000e+000
 1.569000e-001,-2.906002e+003, 2.970086e+003,-7.248950e+001,-4.146273e+001,-8.712853e+001, 2.088999e+001, 0.000000e+000, 0.000000e+000, 0.000000e+000, 0.000000e+000
 1.569500e-001,-2.938509e+003, 2.938209e+003,-8.392458e+000,-4.230185e+001,-8.705763e+001, 2.295328e+001, 0.000000e+000, 0.000000e+000, 0.000000e+000, 0.000000e+000
 1.570000e-001,-2.970063e+003, 2.905287e+003, 5.559702e+001,-4.312148e+001,-8.695010e+001, 2.501079e+001, 0.000000e+000, 0.000000e+000, 0.000000e+000, 0.000000e+000
 1.570500e-001,-3.000474e+003, 2.871323e+003, 1.196705e+002,-4.392113e+001,-8.680525e+001, 2.706225e+001, 0.000000e+000, 0.000000e+000, 0.000000e+000, 0.000000e+000
 1.571000e-001,-3.029917e+003, 2.836344e+003, 1.835921e+002,-4.469989e+001,-8.662286e+001, 2.910730e+001, 0.000000e+000, 0.000000e+000, 0.000000e+000, 0.000000e+000
 1.571500e-001,-3.058188e+003, 2.800342e+003, 2.475504e+002,-4.545729e+001,-8.640234e+001, 3.114571e+001, 0.000000e+000, 0.000000e+000, 0.000000e+000, 0.000000e+000
 1.572000e-001,-3.085476e+003, 2.763357e+003, 3.113145e+002,-4.619247e+001,-8.614349e+001, 3.317704e+001, 0.000000e+000, 0.000000e+000, 0.000000e+000, 0.000000e+000
 1.572500e-001,-3.111567e+003, 2.725369e+003, 3.750665e+002,-4.690501e+001,-8.584584e+001, 3.520109e+001, 0.000000e+000, 0.000000e+000, 0.000000e+000, 0.000000e+000
 1.573000e-001,-3.136662e+003, 2.686430e+003, 4.385836e+002,-4.759413e+001,-8.550923e+001, 3.721733e+001, 0.000000e+000, 0.000000e+000, 0.000000e+000, 0.000000e+000
 1.573500e-001,-3.160535e+003, 2.646512e+003, 5.020384e+002,-4.825942e+001,-8.513330e+001, 3.922560e+001, 0.000000e+000, 0.000000e+000, 0.000000e+000, 0.000000e+000
 1.574000e-001,-3.183400e+003, 2.605674e+003, 5.652195e+002,-4.890020e+001,-8.471793e+001, 4.122528e+001, 0.000000e+000, 0.000000e+000, 0.000000e+000, 0.000000e+000
 1.574500e-001,-3.205021e+003, 2.563885e+003, 6.282869e+002,-4.951609e+001,-8.426290e+001, 4.321622e+001, 0.000000e+000, 0.000000e+000, 0.000000e+000, 0.000000e+000
 1.575000e-001,-3.225621e+003, 2.521206e+003, 6.910436e+002,-5.010651e+001,-8.376812e+001, 4.519774e+001, 0.000000e+000, 0.000000e+000, 0.000000e+000, 0.000000e+000
 1.575500e-001,-3.244961e+003, 2.477606e+003, 7.536340e+002,-5.067108e+001,-8.323351e+001, 4.716967e+001, 0.000000e+000, 0.000000e+000, 0.000000e+000, 0.000000e+000
 1.576000e-001,-3.263266e+003, 2.433147e+003, 8.158780e+002,-5.120935e+001,-8.265903e+001, 4.913126e+001, 0.000000e+000, 0.000000e+000, 0.000000e+000, 0.000000e+000
 1.576500e-001,-3.280296e+003, 2.387800e+003, 8.779027e+002,-5.172093e+001,-8.204473e+001, 5.108234e+001, 0.000000e+000, 0.000000e+000, 0.000000e+000, 0.000000e+000
 1.577000e-001,-3.296278e+003, 2.341625e+003, 9.395467e+002,-5.220554e+001,-8.139063e+001, 5.302209e+001, 0.000000e+000, 0.000000e+000, 0.000000e+000, 0.000000e+000
 1.577500e-001,-3.310976e+003, 2.294597e+003, 1.000918e+003,-5.266276e+001,-8.069693e+001, 5.495033e+001, 0.000000e+000, 0.000000e+000, 0.000000e+000, 0.000000e+000
 1.578000e-001,-3.324609e+003, 2.246772e+003, 1.061875e+003,-5.309246e+001,-7.996368e+001, 5.686617e+001, 0.000000e+000, 0.000000e+000, 0.000000e+000, 0.000000e+000
 1.578500e-001,-3.336954e+003, 2.198132e+003, 1.122507e+003,-5.349419e+001,-7.919125e+001, 5.876941e+001, 0.000000e+000, 0.000000e+000, 0.000000e+000, 0.000000e+000
 1.579000e-001,-3.348218e+003, 2.148725e+003, 1.182692e+003,-5.386803e+001,-7.837972e+001, 6.065910e+001, 0.000000e+000, 0.000000e+000, 0.000000e+000, 0.000000e+000
 1.579500e-001,-3.358193e+003, 2.098543e+003, 1.242498e+003,-5.421346e+001,-7.752963e+001, 6.253501e+001, 0.000000e+000, 0.000000e+000, 0.000000e+000, 0.000000e+000
 1.580000e-001,-3.367069e+003, 2.047624e+003, 1.301825e+003,-5.453074e+001,-7.664111e+001, 6.439615e+001, 0.000000e+000, 0.000000e+000, 0.000000e+000, 0.000000e+000
 1.580500e-001,-3.374661e+003, 1.995975e+003, 1.360722e+003,-5.481932e+001,-7.571484e+001, 6.624223e+001, 0.000000e+000, 0.000000e+000, 0.000000e+000, 0.000000e+000
 1.581000e-001,-3.381134e+003, 1.943617e+003, 1.419108e+003,-5.507967e+001,-7.475099e+001, 6.807226e+001, 0.000000e+000, 0.000000e+000, 0.000000e+000, 0.000000e+000
 1.581500e-001,-3.386333e+003, 1.890575e+003, 1.477013e+003,-5.531118e+001,-7.375041e+001, 6.988587e+001, 0.000000e+000, 0.000000e+000, 0.000000e+000, 0.000000e+000
 1.582000e-001,-3.390391e+003, 1.836852e+003, 1.534375e+003,-5.551448e+001,-7.271332e+001, 7.168205e+001, 0.000000e+000, 0.000000e+000, 0.000000e+000, 0.000000e+000
 1.582500e-001,-3.393191e+003, 1.782495e+003, 1.591206e+003,-5.568896e+001,-7.164069e+001, 7.346039e+001, 0.000000e+000, 0.000000e+000, 0.000000e+000, 0.000000e+000
 1.583000e-001,-3.394826e+003, 1.727484e+003, 1.647464e+003,-5.583542e+001,-7.053281e+001, 7.521985e+001, 0.000000e+000, 0.000000e+000, 0.000000e+000, 0.000000e+000
 1.583500e-001,-3.395223e+003, 1.671891e+003, 1.703142e+003,-5.595322e+001,-6.939078e+001, 7.695995e+001, 0.000000e+000, 0.000000e+000, 0.000000e+000, 0.000000e+000
 1.584000e-001,-3.394431e+003, 1.615671e+003, 1.758216e+003,-5.604331e+001,-6.821492e+001, 7.867968e+001, 0.000000e+000, 0.000000e+000, 0.000000e+000, 0.000000e+000
 1.584500e-001,-3.392425e+003, 1.558921e+003, 1.812663e+003,-5.610505e+001,-6.700648e+001, 8.037849e+001, 0.000000e+000, 0.000000e+000, 0.000000e+000, 0.000000e+000
 1.585000e-001,-3.389205e+003, 1.501572e+003, 1.866474e+003,-5.613954e+001,-6.576582e+001, 8.205534e+001, 0.000000e+000, 0.000000e+000, 0.000000e+000, 0.000000e+000
 1.585500e-001,-3.384799e+003, 1.443748e+003, 1.919614e+003,-5.614613e+001,-6.449430e+001, 8.370964e+001, 0.000000e+000, 0.000000e+000, 0.000000e+000, 0.000000e+000
 1.586000e-001,-3.379155e+003, 1.385353e+003, 1.972086e+003,-5.612603e+001,-6.319234e+001, 8.534037e+001, 0.000000e+000, 0.000000e+000, 0.000000e+000, 0.000000e+000
 1.586500e-001,-3.372354e+003, 1.326538e+003, 2.023844e+003,-5.607866e+001,-6.186136e+001, 8.694687e+001, 0.000000e+000, 0.000000e+000, 0.000000e+000, 0.000000e+000
 1.587000e-001,-3.364292e+003, 1.267179e+003, 2.074902e+003,-5.600528e+001,-6.050187e+001, 8.852814e+001, 0.000000e+000, 0.000000e+000, 0.000000e+000, 0.000000e+000
 1.587500e-001,-3.355107e+003, 1.207458e+003, 2.125207e+003,-5.590536e+001,-5.911537e+001, 9.008347e+001, 0.000000e+000, 0.000000e+000, 0.000000e+000, 0.000000e+000
 1.588000e-001,-3.344639e+003, 1.147220e+003, 2.174779e+003,-5.578023e+001,-5.770240e+001, 9.161186e+001, 0.000000e+000, 0.000000e+000, 0.000000e+000, 0.000000e+000
 1.588500e-001,-3.333081e+003, 1.086678e+003, 2.223559e+003,-5.562944e+001,-5.626451e+001, 9.311257e+001, 0.000000e+000, 0.000000e+000, 0.000000e+000, 0.000000e+000
 1.589000e-001,-3.320221e+003, 1.025648e+003, 2.271574e+003,-5.545435e+001,-5.480231e+001, 9.458463e+001, 0.000000e+000, 0.000000e+000, 0.000000e+000, 0.000000e+000
 1.589500e-001,-3.306305e+003, 9.643705e+002, 2.318761e+003,-5.525458e+001,-5.331740e+001, 9.602725e+001, 0.000000e+000, 0.000000e+000, 0.000000e+000, 0.000000e+000
 1.590000e-001,-3.291072e+003, 9.026362e+002, 2.365152e+003,-5.503150e+001,-5.181044e+001, 9.743949e+001, 0.000000e+000, 0.000000e+000, 0.000000e+000, 0.000000e+000
 1.590500e-001,-3.274817e+003, 8.407109e+002, 2.410679e+003,-5.478486e+001,-5.028302e+001, 9.882052e+001, 0.000000e+000, 0.000000e+000, 0.000000e+000, 0.000000e+000
 1.591000e-001,-3.257233e+003, 7.783599e+002, 2.455380e+003,-5.451596e+001,-4.873589e+001, 1.001694e+002, 0.000000e+000, 0.000000e+000, 0.000000e+000, 0.000000e+000
 1.591500e-001,-3.238660e+003, 7.158748e+002, 2.499183e+003,-5.422472e+001,-4.717061e+001, 1.014854e+002, 0.000000e+000, 0.000000e+000, 0.000000e+000, 0.000000e+000
 1.592000e-001,-3.218752e+003, 6.529963e+002, 2.542130e+003,-5.391236e+001,-4.558799e+001, 1.027675e+002, 0.000000e+000, 0.000000e+000, 0.000000e+000, 0.000000e+000
 1.592500e-001,-3.197885e+003, 5.900396e+002, 2.584147e+003,-5.357896e+001,-4.398958e+001, 1.040149e+002, 0.000000e+000, 0.000000e+000, 0.000000e+000, 0.000000e+000
 1.593000e-001,-3.175682e+003, 5.267237e+002, 2.625280e+003,-5.322563e+001,-4.237622e+001, 1.052268e+002, 0.000000e+000, 0.000000e+000, 0.000000e+000, 0.000000e+000
 1.593500e-001,-3.152549e+003, 4.633842e+002, 2.665452e+003,-5.285262e+001,-4.074944e+001, 1.064022e+002, 0.000000e+000, 0.000000e+000, 0.000000e+000, 0.000000e+000
 1.594000e-001,-3.128084e+003, 3.997212e+002, 2.704711e+003,-5.246091e+001,-3.911013e+001, 1.075405e+002, 0.000000e+000, 0.000000e+000, 0.000000e+000, 0.000000e+000
 1.594500e-001,-3.102716e+003, 3.360880e+002, 2.742980e+003,-5.205095e+001,-3.745973e+001, 1.086407e+002, 0.000000e+000, 0.000000e+000, 0.000000e+000, 0.000000e+000
 1.595000e-001,-3.076027e+003, 2.721690e+002, 2.780311e+003,-5.162358e+001,-3.579920e+001, 1.097020e+002, 0.000000e+000, 0.000000e+000, 0.000000e+000, 0.000000e+000
 1.595500e-001,-3.048456e+003, 2.083314e+002, 2.816624e+003,-5.117939e+001,-3.412990e+001, 1.107237e+002, 0.000000e+000, 0.000000e+000, 0.000000e+000, 0.000000e+000
 1.596000e-001,-3.019584e+003, 1.442476e+002, 2.851972e+003,-5.071910e+001,-3.245282e+001, 1.117049e+002, 0.000000e+000, 0.000000e+000, 0.000000e+000, 0.000000e+000
 1.596500e-001,-2.989848e+003, 8.029498e+001, 2.886277e+003,-5.024346e+001,-3.076925e+001, 1.126450e+002, 0.000000e+000, 0.000000e+000, 0.000000e+000, 0.000000e+000
 1.597000e-001,-2.958835e+003, 1.613779e+001, 2.919594e+003,-4.975301e+001,-2.908020e+001, 1.135431e+002, 0.000000e+000, 0.000000e+000, 0.000000e+000, 0.000000e+000
 1.597500e-001,-2.926974e+003,-4.784040e+001, 2.951840e+003,-4.924869e+001,-2.738686e+001, 1.143986e+002, 0.000000e+000, 0.000000e+000, 0.000000e+000, 0.000000e+000
 1.598000e-001,-2.893867e+003,-1.119795e+002, 2.983078e+003,-4.873086e+001,-2.569027e+001, 1.152107e+002, 0.000000e+000, 0.000000e+000, 0.000000e+000, 0.000000e+000
 1.598500e-001,-2.859924e+003,-1.758940e+002, 3.013220e+003,-4.820061e+001,-2.399150e+001, 1.159789e+002, 0.000000e+000, 0.000000e+000, 0.000000e+000, 0.000000e+000
 1.599000e-001,-2.824773e+003,-2.399236e+002, 3.042334e+003,-4.765812e+001,-2.229162e+001, 1.167023e+002, 0.000000e+000, 0.000000e+000, 0.000000e+000, 0.000000e+000
 1.599500e-001,-2.788795e+003,-3.036852e+002, 3.070330e+003,-4.710463e+001,-2.059158e+001, 1.173804e+002, 0.000000e+000, 0.000000e+000, 0.000000e+000, 0.000000e+000
 1.600000e-001,-2.751652e+003,-3.675142e+002, 3.097279e+003,-4.654014e+001,-1.889246e+001, 1.180126e+002, 0.000000e+000, 0.000000e+000, 0.000000e+000, 0.000000e+000
 1.600500e-001,-2.713688e+003,-4.310342e+002, 3.123087e+003,-4.596600e+001,-1.719507e+001, 1.185984e+002, 0.000000e+000, 0.000000e+000, 0.000000e+000, 0.000000e+000
 1.601000e-001,-2.674609e+003,-4.945718e+002, 3.147832e+003,-4.538207e+001,-1.550053e+001, 1.191371e+002, 0.000000e+000, 0.000000e+000, 0.000000e+000, 0.000000e+000
 1.601500e-001,-2.634713e+003,-5.577617e+002, 3.171415e+003,-4.478977e+001,-1.380950e+001, 1.196284e+002, 0.000000e+000, 0.000000e+000, 0.000000e+000, 0.000000e+000
 1.602000e-001,-2.593754e+003,-6.209177e+002, 3.193922e+003,-4.418882e+001,-1.212309e+001, 1.200716e+002, 0.000000e+000, 0.000000e+000, 0.000000e+000, 0.000000e+000
 1.602500e-001,-2.551981e+003,-6.836896e+002, 3.215246e+003,-4.358070e+001,-1.044183e+001, 1.204664e+002, 0.000000e+000, 0.000000e+000, 0.000000e+000, 0.000000e+000
 1.603000e-001,-2.509203e+003,-7.463743e+002, 3.235481e+003,-4.296499e+001,-8.766848e+000, 1.208122e+002, 0.000000e+000, 0.000000e+000, 0.000000e+000, 0.000000e+000
 1.603500e-001,-2.465613e+003,-8.086408e+002, 3.254516e+003,-4.234320e+001,-7.098524e+000, 1.211089e+002, 0.000000e+000, 0.000000e+000, 0.000000e+000, 0.000000e+000
 1.604000e-001,-2.421077e+003,-8.707652e+002, 3.272451e+003,-4.171482e+001,-5.437963e+000, 1.213559e+002, 0.000000e+000, 0.000000e+000, 0.000000e+000, 0.000000e+000
 1.604500e-001,-2.375732e+003,-9.324398e+002, 3.289168e+003,-4.108132e+001,-3.785424e+000, 1.215530e+002, 0.000000e+000, 0.000000e+000, 0.000000e+000, 0.000000e+000
 1.605000e-001,-2.329505e+003,-9.939160e+002, 3.304777e+003,-4.044213e+001,-2.141996e+000, 1.217000e+002, 0.000000e+000, 0.000000e+000, 0.000000e+000, 0.000000e+000
 1.605500e-001,-2.282470e+003,-1.054913e+003, 3.319152e+003,-3.979868e+001,-5.078033e-001, 1.217965e+002, 0.000000e+000, 0.000000e+000, 0.000000e+000, 0.000000e+000
 1.606000e-001,-2.234616e+003,-1.115653e+003, 3.332412e+003,-3.915033e+001, 1.116086e+000, 1.218424e+002, 0.000000e+000, 0.000000e+000, 0.000000e+000, 0.000000e+000
 1.606500e-001,-2.185959e+003,-1.175887e+003, 3.344425e+003,-3.849842e+001, 2.729674e+000, 1.218376e+002, 0.000000e+000, 0.000000e+000, 0.000000e+000, 0.000000e+000
 1.607000e-001,-2.136548e+003,-1.235807e+003, 3.355315e+003,-3.784230e+001, 4.331917e+000, 1.217818e+002, 0.000000e+000, 0.000000e+000, 0.000000e+000, 0.000000e+000
 1.607500e-001,-2.086341e+003,-1.295194e+003, 3.364948e+003,-3.718321e+001, 5.922939e+000, 1.216751e+002, 0.000000e+000, 0.000000e+000, 0.000000e+000, 0.000000e+000
 1.608000e-001,-2.035443e+003,-1.354207e+003, 3.373454e+003,-3.652047e+001, 7.501725e+000, 1.215173e+002, 0.000000e+000, 0.000000e+000, 0.000000e+000, 0.000000e+000
 1.608500e-001,-1.983757e+003,-1.412665e+003, 3.380693e+003,-3.585519e+001, 9.068515e+000, 1.213086e+002, 0.000000e+000, 0.000000e+000, 0.000000e+000, 0.000000e+000
 1.609000e-001,-1.931444e+003,-1.470688e+003, 3.386799e+003,-3.518670e+001, 1.062232e+001, 1.210489e+002, 0.000000e+000, 0.000000e+000, 0.000000e+000, 0.000000e+000
 1.609500e-001,-1.878357e+003,-1.528135e+003, 3.391634e+003,-3.451597e+001, 1.216349e+001, 1.207383e+002, 0.000000e+000, 0.000000e+000, 0.000000e+000, 0.000000e+000
 1.610000e-001,-1.824703e+003,-1.585087e+003, 3.395332e+003,-3.384236e+001, 1.369108e+001, 1.203769e+002, 0.000000e+000, 0.000000e+000, 0.000000e+000, 0.000000e+000
 1.610500e-001,-1.770293e+003,-1.641441e+003, 3.397755e+003,-3.316664e+001, 1.520552e+001, 1.199649e+002, 0.000000e+000, 0.000000e+000, 0.000000e+000, 0.000000e+000
 1.611000e-001,-1.715373e+003,-1.697241e+003, 3.399039e+003,-3.248825e+001, 1.670590e+001, 1.195026e+002, 0.000000e+000, 0.000000e+000, 0.000000e+000, 0.000000e+000
 1.611500e-001,-1.659719e+003,-1.752425e+003, 3.399047e+003,-3.180776e+001, 1.819274e+001, 1.189900e+002, 0.000000e+000, 0.000000e+000, 0.000000e+000, 0.000000e+000
 1.612000e-001,-1.603611e+003,-1.806994e+003, 3.397912e+003,-3.112468e+001, 1.966518e+001, 1.184277e+002, 0.000000e+000, 0.000000e+000, 0.000000e+000, 0.000000e+000
 1.612500e-001,-1.546795e+003,-1.860930e+003, 3.395505e+003,-3.043938e+001, 2.112381e+001, 1.178157e+002, 0.000000e+000, 0.000000e+000, 0.000000e+000, 0.000000e+000
 1.613000e-001,-1.489577e+003,-1.914191e+003, 3.391953e+003,-2.975144e+001, 2.256779e+001, 1.171547e+002, 0.000000e+000, 0.000000e+000, 0.000000e+000, 0.000000e+000
 1.613500e-001,-1.431683e+003,-1.966803e+003, 3.387135e+003,-2.906106e+001, 2.399779e+001, 1.164448e+002, 0.000000e+000, 0.000000e+000, 0.000000e+000, 0.000000e+000
 1.614000e-001,-1.373437e+003,-2.018680e+003, 3.381168e+003,-2.836786e+001, 2.541300e+001, 1.156867e+002, 0.000000e+000, 0.000000e+000, 0.000000e+000, 0.000000e+000
 1.614500e-001,-1.314548e+003,-2.069894e+003, 3.373945e+003,-2.767189e+001, 2.681415e+001, 1.148807e+002, 0.000000e+000, 0.000000e+000, 0.000000e+000, 0.000000e+000
 1.615000e-001,-1.255355e+003,-2.120315e+003, 3.365572e+003,-2.697283e+001, 2.820047e+001, 1.140275e+002, 0.000000e+000, 0.000000e+000, 0.000000e+000, 0.000000e+000
 1.615500e-001,-1.195560e+003,-2.170058e+003, 3.355953e+003,-2.627056e+001, 2.957271e+001, 1.131274e+002, 0.000000e+000, 0.000000e+000, 0.000000e+000, 0.000000e+000
 1.616000e-001,-1.135503e+003,-2.218951e+003, 3.345185e+003,-2.556484e+001, 3.093016e+001, 1.121813e+002, 0.000000e+000, 0.000000e+000, 0.000000e+000, 0.000000e+000
 1.616500e-001,-1.074887e+003,-2.267154e+003, 3.333185e+003,-2.485539e+001, 3.227358e+001, 1.111896e+002, 0.000000e+000, 0.000000e+000, 0.000000e+000, 0.000000e+000
 1.617000e-001,-1.014050e+003,-2.314450e+003, 3.320035e+003,-2.414204e+001, 3.360231e+001, 1.101531e+002, 0.000000e+000, 0.000000e+000, 0.000000e+000, 0.000000e+000
 1.617500e-001,-9.527021e+002,-2.361043e+003, 3.305671e+003,-2.342438e+001, 3.491711e+001, 1.090724e+002, 0.000000e+000, 0.000000e+000, 0.000000e+000, 0.000000e+000
 1.618000e-001,-8.911721e+002,-2.406676e+003, 3.290157e+003,-2.270231e+001, 3.621737e+001, 1.079484e+002, 0.000000e+000, 0.000000e+000, 0.000000e+000, 0.000000e+000
 1.618500e-001,-8.291805e+002,-2.451593e+003, 3.273449e+003,-2.197529e+001, 3.750383e+001, 1.067817e+002, 0.000000e+000, 0.000000e+000, 0.000000e+000, 0.000000e+000
 1.619000e-001,-7.670437e+002,-2.495498e+003, 3.255593e+003,-2.124328e+001, 3.877595e+001, 1.055732e+002, 0.000000e+000, 0.000000e+000, 0.000000e+000, 0.000000e+000
 1.619500e-001,-7.044977e+002,-2.538675e+003, 3.236564e+003,-2.050567e+001, 4.003444e+001, 1.043235e+002, 0.000000e+000, 0.000000e+000, 0.000000e+000, 0.000000e+000
 1.620000e-001,-6.418422e+002,-2.580791e+003, 3.216390e+003,-1.976245e+001, 4.127879e+001, 1.030339e+002, 0.000000e+000, 0.000000e+000, 0.000000e+000, 0.000000e+000
 1.620500e-001,-5.788315e+002,-2.622166e+003, 3.195068e+003,-1.901297e+001, 4.250970e+001, 1.017047e+002, 0.000000e+000, 0.000000e+000, 0.000000e+000, 0.000000e+000
 1.621000e-001,-5.157459e+002,-2.662432e+003, 3.172605e+003,-1.825724e+001, 4.372668e+001, 1.003373e+002, 0.000000e+000, 0.000000e+000, 0.000000e+000, 0.000000e+000
 1.621500e-001,-4.523604e+002,-2.701946e+003, 3.149019e+003,-1.749459e+001, 4.493039e+001, 9.893229e+001, 0.000000e+000, 0.000000e+000, 0.000000e+000, 0.000000e+000
 1.622000e-001,-3.889343e+002,-2.740306e+003, 3.124298e+003,-1.672505e+001, 4.612041e+001, 9.749087e+001, 0.000000e+000, 0.000000e+000, 0.000000e+000, 0.000000e+000
 1.622500e-001,-3.252640e+002,-2.777901e+003, 3.098482e+003,-1.594795e+001, 4.729731e+001, 9.601367e+001, 0.000000e+000, 0.000000e+000, 0.000000e+000, 0.000000e+000
 1.623000e-001,-2.615876e+002,-2.814302e+003, 3.071538e+003,-1.516335e+001, 4.846073e+001, 9.450203e+001, 0.000000e+000, 0.000000e+000, 0.000000e+000, 0.000000e+000
 1.623500e-001,-1.977224e+002,-2.849923e+003, 3.043529e+003,-1.437059e+001, 4.961117e+001, 9.295660e+001, 0.000000e+000, 0.000000e+000, 0.000000e+000, 0.000000e+000
 1.624000e-001,-1.338863e+002,-2.884313e+003, 3.014400e+003,-1.356973e+001, 5.074833e+001, 9.137870e+001, 0.000000e+000, 0.000000e+000, 0.000000e+000, 0.000000e+000
 1.624500e-001,-6.991634e+001,-2.917909e+003, 2.984236e+003,-1.276018e+001, 5.187259e+001, 8.976903e+001, 0.000000e+000, 0.000000e+000, 0.000000e+000, 0.000000e+000
 1.625000e-001,-6.011315e+000,-2.950241e+003, 2.952965e+003,-1.194201e+001, 5.298374e+001, 8.812893e+001, 0.000000e+000, 0.000000e+000, 0.000000e+000, 0.000000e+000
 1.625500e-001, 5.797351e+001,-2.981761e+003, 2.920689e+003,-1.111468e+001, 5.408204e+001, 8.645913e+001, 0.000000e+000, 0.000000e+000, 0.000000e+000, 0.000000e+000
 1.626000e-001, 1.218564e+002,-3.011989e+003, 2.887320e+003,-1.027826e+001, 5.516735e+001, 8.476095e+001, 0.000000e+000, 0.000000e+000, 0.000000e+000, 0.000000e+000
 1.626500e-001, 1.857665e+002,-3.041388e+003, 2.852979e+003,-9.432319e+000, 5.623980e+001, 8.303516e+001, 0.000000e+000, 0.000000e+000, 0.000000e+000, 0.000000e+000
 1.627000e-001, 2.495363e+002,-3.069470e+003, 2.817560e+003,-8.576906e+000, 5.729932e+001, 8.128307e+001, 0.000000e+000, 0.000000e+000, 0.000000e+000, 0.000000e+000
 1.627500e-001, 3.132822e+002,-3.096704e+003, 2.781201e+003,-7.711699e+000, 5.834592e+001, 7.950546e+001, 0.000000e+000, 0.000000e+000, 0.000000e+000, 0.000000e+000
 1.628000e-001, 3.768481e+002,-3.122600e+003, 2.743783e+003,-6.836751e+000, 5.937960e+001, 7.770361e+001, 0.000000e+000, 0.000000e+000, 0.000000e+000, 0.000000e+000
 1.628500e-001, 4.403408e+002,-3.147628e+003, 2.705458e+003,-5.951843e+000, 6.040021e+001, 7.587834e+001, 0.000000e+000, 0.000000e+000, 0.000000e+000, 0.000000e+000
 1.629000e-001, 5.036126e+002,-3.171303e+003, 2.666096e+003,-5.057044e+000, 6.140783e+001, 7.403089e+001, 0.000000e+000, 0.000000e+000, 0.000000e+000, 0.000000e+000
 1.629500e-001, 5.667634e+002,-3.194088e+003, 2.625860e+003,-4.152240e+000, 6.240218e+001, 7.216209e+001, 0.000000e+000, 0.000000e+000, 0.000000e+000, 0.000000e+000
 1.630000e-001, 6.296512e+002,-3.215508e+003, 2.584610e+003,-3.237521e+000, 6.338340e+001, 7.027313e+001, 0.000000e+000, 0.000000e+000, 0.000000e+000, 0.000000e+000
 1.630500e-001, 6.923718e+002,-3.236014e+003, 2.542519e+003,-2.312882e+000, 6.435105e+001, 6.836487e+001, 0.000000e+000, 0.000000e+000, 0.000000e+000, 0.000000e+000
 1.631000e-001, 7.547867e+002,-3.255151e+003, 2.499441e+003,-1.378441e+000, 6.530534e+001, 6.643841e+001, 0.000000e+000, 0.000000e+000, 0.000000e+000, 0.000000e+000
 1.631500e-001, 8.169894e+002,-3.273348e+003, 2.455555e+003,-4.342955e-001, 6.624570e+001, 6.449464e+001, 0.000000e+000, 0.000000e+000, 0.000000e+000, 0.000000e+000
 1.632000e-001, 8.788431e+002,-3.290174e+003, 2.410712e+003, 5.193918e-001, 6.717238e+001, 6.253460e+001, 0.000000e+000, 0.000000e+000, 0.000000e+000, 0.000000e+000
 1.632500e-001, 9.404409e+002,-3.306033e+003, 2.365094e+003, 1.482432e+000, 6.808466e+001, 6.055919e+001, 0.000000e+000, 0.000000e+000, 0.000000e+000, 0.000000e+000
 1.633000e-001, 1.001646e+003,-3.320525e+003, 2.318550e+003, 2.454605e+000, 6.898286e+001, 5.856936e+001, 0.000000e+000, 0.000000e+000, 0.000000e+000, 0.000000e+000
 1.633500e-001, 1.062553e+003,-3.334022e+003, 2.271265e+003, 3.435642e+000, 6.986610e+001, 5.656600e+001, 0.000000e+000, 0.000000e+000, 0.000000e+000, 0.000000e+000
 1.634000e-001, 1.123024e+003,-3.346160e+003, 2.223087e+003, 4.425251e+000, 7.073477e+001, 5.455002e+001, 0.000000e+000, 0.000000e+000, 0.000000e+000, 0.000000e+000
 1.634500e-001, 1.183153e+003,-3.357273e+003, 2.174204e+003, 5.423097e+000, 7.158784e+001, 5.252228e+001, 0.000000e+000, 0.000000e+000, 0.000000e+000, 0.000000e+000
 1.635000e-001, 1.242805e+003,-3.367041e+003, 2.124461e+003, 6.428803e+000, 7.242575e+001, 5.048362e+001, 0.000000e+000, 0.000000e+000, 0.000000e+000, 0.000000e+000
 1.635500e-001, 1.302072e+003,-3.375752e+003, 2.074048e+003, 7.441986e+000, 7.324734e+001, 4.843488e+001, 0.000000e+000, 0.000000e+000, 0.000000e+000, 0.000000e+000
 1.636000e-001, 1.360821e+003,-3.383135e+003, 2.022813e+003, 8.462169e+000, 7.405305e+001, 4.637683e+001, 0.000000e+000, 0.000000e+000, 0.000000e+000, 0.000000e+000
 1.636500e-001, 1.419144e+003,-3.389431e+003, 1.970944e+003, 9.488935e+000, 7.484163e+001, 4.431030e+001, 0.000000e+000, 0.000000e+000, 0.000000e+000, 0.000000e+000
 1.637000e-001, 1.476908e+003,-3.394419e+003, 1.918290e+003, 1.052170e+001, 7.561356e+001, 4.223596e+001, 0.000000e+000, 0.000000e+000, 0.000000e+000, 0.000000e+000
 1.637500e-001, 1.534202e+003,-3.398288e+003, 1.865038e+003, 1.156003e+001, 7.636745e+001, 4.015462e+001, 0.000000e+000, 0.000000e+000, 0.000000e+000, 0.000000e+000
 1.638000e-001, 1.590901e+003,-3.400875e+003, 1.811041e+003, 1.260322e+001, 7.710379e+001, 3.806691e+001, 0.000000e+000, 0.000000e+000, 0.000000e+000, 0.000000e+000
 1.638500e-001, 1.647086e+003,-3.402310e+003, 1.756483e+003, 1.365084e+001, 7.782113e+001, 3.597356e+001, 0.000000e+000, 0.000000e+000, 0.000000e+000, 0.000000e+000
 1.639000e-001, 1.702641e+003,-3.402491e+003, 1.701221e+003, 1.470207e+001, 7.851994e+001, 3.387516e+001, 0.000000e+000, 0.000000e+000, 0.000000e+000, 0.000000e+000
 1.639500e-001, 1.757636e+003,-3.401490e+003, 1.645434e+003, 1.575646e+001, 7.919870e+001, 3.177239e+001, 0.000000e+000, 0.000000e+000, 0.000000e+000, 0.000000e+000
 1.640000e-001, 1.811970e+003,-3.399264e+003, 1.588986e+003, 1.681309e+001, 7.985786e+001, 2.966580e+001, 0.000000e+000, 0.000000e+000, 0.000000e+000, 0.000000e+000
 1.640500e-001, 1.865698e+003,-3.395826e+003, 1.532053e+003, 1.787154e+001, 8.049586e+001, 2.755601e+001, 0.000000e+000, 0.000000e+000, 0.000000e+000, 0.000000e+000
 1.641000e-001, 1.918735e+003,-3.391196e+003, 1.474500e+003, 1.893075e+001, 8.111312e+001, 2.544351e+001, 0.000000e+000, 0.000000e+000, 0.000000e+000, 0.000000e+000
 1.641500e-001, 1.971118e+003,-3.385326e+003, 1.416500e+003, 1.999033e+001, 8.170803e+001, 2.332888e+001, 0.000000e+000, 0.000000e+000, 0.000000e+000, 0.000000e+000
 1.642000e-001, 2.022785e+003,-3.378298e+003, 1.357924e+003, 2.104913e+001, 8.228099e+001, 2.121257e+001, 0.000000e+000, 0.000000e+000, 0.000000e+000, 0.000000e+000
 1.642500e-001, 2.073749e+003,-3.370004e+003, 1.298942e+003, 2.210676e+001, 8.283038e+001, 1.909510e+001, 0.000000e+000, 0.000000e+000, 0.000000e+000, 0.000000e+000
 1.643000e-001, 2.123973e+003,-3.360586e+003, 1.239427e+003, 2.316198e+001, 8.335653e+001, 1.697688e+001, 0.000000e+000, 0.000000e+000, 0.000000e+000, 0.000000e+000
 1.643500e-001, 2.173444e+003,-3.349880e+003, 1.179547e+003, 2.421445e+001, 8.385784e+001, 1.485839e+001, 0.000000e+000, 0.000000e+000, 0.000000e+000, 0.000000e+000
 1.644000e-001, 2.222156e+003,-3.338085e+003, 1.119178e+003, 2.526282e+001, 8.433459e+001, 1.274000e+001, 0.000000e+000, 0.000000e+000, 0.000000e+000, 0.000000e+000
 1.644500e-001, 2.270065e+003,-3.324982e+003, 1.058486e+003, 2.630679e+001, 8.478521e+001, 1.062214e+001, 0.000000e+000, 0.000000e+000, 0.000000e+000, 0.000000e+000
 1.645000e-001, 2.317196e+003,-3.310825e+003, 9.973500e+002, 2.734494e+001, 8.520988e+001, 8.505138e+000, 0.000000e+000, 0.000000e+000, 0.000000e+000, 0.000000e+000
 1.645500e-001, 2.363473e+003,-3.295344e+003, 9.359318e+002, 2.837700e+001, 8.560712e+001, 6.389414e+000, 0.000000e+000, 0.000000e+000, 0.000000e+000, 0.000000e+000
 1.646000e-001, 2.408958e+003,-3.278843e+003, 8.741161e+002, 2.940151e+001, 8.597701e+001, 4.275249e+000, 0.000000e+000, 0.000000e+000, 0.000000e+000, 0.000000e+000
 1.646500e-001, 2.453538e+003,-3.261009e+003, 8.120600e+002, 3.041819e+001, 8.631817e+001, 2.163033e+000, 0.000000e+000, 0.000000e+000, 0.000000e+000, 0.000000e+000
 1.647000e-001, 2.497311e+003,-3.242185e+003, 7.496526e+002, 3.142558e+001, 8.663055e+001, 5.301705e-002, 0.000000e+000, 0.000000e+000, 0.000000e+000, 0.000000e+000
 1.647500e-001, 2.540131e+003,-3.222023e+003, 6.870472e+002, 3.242341e+001, 8.691292e+001,-2.054423e+000, 0.000000e+000, 0.000000e+000, 0.000000e+000, 0.000000e+000
 1.648000e-001, 2.582131e+003,-3.200902e+003, 6.241371e+002, 3.341021e+001, 8.716510e+001,-4.159069e+000, 0.000000e+000, 0.000000e+000, 0.000000e+000, 0.000000e+000
 1.648500e-001, 2.623130e+003,-3.178442e+003, 5.610714e+002, 3.438571e+001, 8.738599e+001,-6.260550e+000, 0.000000e+000, 0.000000e+000, 0.000000e+000, 0.000000e+000
 1.649000e-001, 2.663296e+003,-3.155052e+003, 4.977486e+002, 3.534848e+001, 8.757532e+001,-8.358681e+000, 0.000000e+000, 0.000000e+000, 0.000000e+000, 0.000000e+000
 1.649500e-001, 2.702417e+003,-3.130329e+003, 4.343121e+002, 3.629821e+001, 8.773211e+001,-1.045308e+001, 0.000000e+000, 0.000000e+000, 0.000000e+000, 0.000000e+000
 1.650000e-001, 2.740692e+003,-3.104701e+003, 3.706669e+002, 3.723354e+001, 8.785600e+001,-1.254359e+001, 0.000000e+000, 0.000000e+000, 0.000000e+000, 0.000000e+000
 1.650500e-001, 2.777878e+003,-3.077750e+003, 3.069494e+002, 3.815415e+001, 8.794619e+001,-1.462983e+001, 0.000000e+000, 0.000000e+000, 0.000000e+000, 0.000000e+000
 1.651000e-001, 2.814207e+003,-3.049919e+003, 2.430726e+002, 3.905873e+001, 8.800220e+001,-1.671165e+001, 0.000000e+000, 0.000000e+000, 0.000000e+000, 0.000000e+000
 1.651500e-001, 2.849407e+003,-3.020783e+003, 1.791644e+002, 3.994693e+001, 8.802339e+001,-1.878863e+001, 0.000000e+000, 0.000000e+000, 0.000000e+000, 0.000000e+000
 1.652000e-001, 2.883736e+003,-2.990787e+003, 1.151471e+002, 4.081757e+001, 8.800920e+001,-2.086068e+001, 0.000000e+000, 0.000000e+000, 0.000000e+000, 0.000000e+000
 1.652500e-001, 2.916902e+003,-2.959508e+003, 5.113842e+001, 4.167020e+001, 8.795918e+001,-2.292733e+001, 0.000000e+000, 0.000000e+000, 0.000000e+000, 0.000000e+000
 1.653000e-001, 2.949181e+003,-2.927387e+003,-1.292813e+001, 4.250380e+001, 8.787267e+001,-2.498850e+001, 0.000000e+000, 0.000000e+000, 0.000000e+000, 0.000000e+000
 1.653500e-001, 2.980266e+003,-2.894012e+003,-7.694712e+001, 4.331787e+001, 8.774940e+001,-2.704368e+001, 0.000000e+000, 0.000000e+000, 0.000000e+000, 0.000000e+000
 1.654000e-001, 3.010447e+003,-2.859811e+003,-1.409717e+002, 4.411151e+001, 8.758865e+001,-2.909281e+001, 0.000000e+000, 0.000000e+000, 0.000000e+000, 0.000000e+000
 1.654500e-001, 3.039407e+003,-2.824390e+003,-2.049108e+002, 4.488416e+001, 8.739037e+001,-3.113533e+001, 0.000000e+000, 0.000000e+000, 0.000000e+000, 0.000000e+000
 1.655000e-001, 3.067446e+003,-2.788156e+003,-2.688022e+002, 4.563509e+001, 8.715372e+001,-3.317119e+001, 0.000000e+000, 0.000000e+000, 0.000000e+000, 0.000000e+000
 1.655500e-001, 3.094242e+003,-2.750742e+003,-3.325714e+002, 4.636367e+001, 8.687888e+001,-3.519977e+001, 0.000000e+000, 0.000000e+000, 0.000000e+000, 0.000000e+000
 1.656000e-001, 3.120096e+003,-2.712525e+003,-3.962389e+002, 4.706935e+001, 8.656496e+001,-3.722103e+001, 0.000000e+000, 0.000000e+000, 0.000000e+000, 0.000000e+000
 1.656500e-001, 3.144692e+003,-2.673174e+003,-4.597486e+002, 4.775142e+001, 8.621232e+001,-3.923429e+001, 0.000000e+000, 0.000000e+000, 0.000000e+000, 0.000000e+000
 1.657000e-001, 3.168322e+003,-2.633028e+003,-5.231016e+002, 4.840949e+001, 8.582005e+001,-4.123952e+001, 0.000000e+000, 0.000000e+000, 0.000000e+000, 0.000000e+000
 1.657500e-001, 3.190682e+003,-2.591797e+003,-5.862626e+002, 4.904282e+001, 8.538868e+001,-4.323597e+001, 0.000000e+000, 0.000000e+000, 0.000000e+000, 0.000000e+000
 1.658000e-001, 3.212053e+003,-2.549779e+003,-6.492114e+002, 4.965119e+001, 8.491731e+001,-4.522359e+001, 0.000000e+000, 0.000000e+000, 0.000000e+000, 0.000000e+000
 1.658500e-001, 3.232147e+003,-2.506729e+003,-7.119349e+002, 5.023379e+001, 8.440665e+001,-4.720158e+001, 0.000000e+000, 0.000000e+000, 0.000000e+000, 0.000000e+000
 1.659000e-001, 3.251226e+003,-2.462898e+003,-7.743902e+002, 5.079060e+001, 8.385580e+001,-4.916988e+001, 0.000000e+000, 0.000000e+000, 0.000000e+000, 0.000000e+000
 1.659500e-001, 3.269027e+003,-2.418093e+003,-8.365880e+002, 5.132075e+001, 8.326562e+001,-5.112764e+001, 0.000000e+000, 0.000000e+000, 0.000000e+000, 0.000000e+000
 1.660000e-001, 3.285784e+003,-2.372511e+003,-8.984616e+002, 5.182438e+001, 8.263525e+001,-5.307476e+001, 0.000000e+000, 0.000000e+000, 0.000000e+000, 0.000000e+000
 1.660500e-001, 3.301267e+003,-2.326015e+003,-9.600462e+002, 5.230061e+001, 8.196572e+001,-5.501033e+001, 0.000000e+000, 0.000000e+000, 0.000000e+000, 0.000000e+000
 1.661000e-001, 3.315677e+003,-2.278749e+003,-1.021251e+003, 5.274974e+001, 8.125622e+001,-5.693425e+001, 0.000000e+000, 0.000000e+000, 0.000000e+000, 0.000000e+000
 1.661500e-001, 3.328820e+003,-2.230629e+003,-1.082135e+003, 5.317087e+001, 8.050788e+001,-5.884554e+001, 0.000000e+000, 0.000000e+000, 0.000000e+000, 0.000000e+000
 1.662000e-001, 3.340861e+003,-2.181746e+003,-1.142585e+003, 5.356443e+001, 7.971999e+001,-6.074405e+001, 0.000000e+000, 0.000000e+000, 0.000000e+000, 0.000000e+000
 1.662500e-001, 3.351646e+003,-2.132073e+003,-1.202683e+003, 5.392955e+001, 7.889380e+001,-6.262880e+001, 0.000000e+000, 0.000000e+000, 0.000000e+000, 0.000000e+000
 1.663000e-001, 3.361298e+003,-2.081644e+003,-1.262292e+003, 5.426678e+001, 7.802869e+001,-6.449956e+001, 0.000000e+000, 0.000000e+000, 0.000000e+000, 0.000000e+000
 1.663500e-001, 3.369709e+003,-2.030488e+003,-1.321521e+003, 5.457526e+001, 7.712598e+001,-6.635531e+001, 0.000000e+000, 0.000000e+000, 0.000000e+000, 0.000000e+000
 1.664000e-001, 3.376959e+003,-1.978586e+003,-1.380206e+003, 5.485567e+001, 7.618521e+001,-6.819579e+001, 0.000000e+000, 0.000000e+000, 0.000000e+000, 0.000000e+000
 1.664500e-001, 3.382983e+003,-1.926021e+003,-1.438479e+003, 5.510720e+001, 7.520774e+001,-7.001996e+001, 0.000000e+000, 0.000000e+000, 0.000000e+000, 0.000000e+000
 1.665000e-001, 3.387819e+003,-1.872722e+003,-1.496158e+003, 5.533059e+001, 7.419325e+001,-7.182748e+001, 0.000000e+000, 0.000000e+000, 0.000000e+000, 0.000000e+000
 1.665500e-001, 3.391448e+003,-1.818823e+003,-1.553395e+003, 5.552512e+001, 7.314317e+001,-7.361730e+001, 0.000000e+000, 0.000000e+000, 0.000000e+000, 0.000000e+000
 1.666000e-001, 3.393862e+003,-1.764203e+003,-1.609987e+003, 5.569159e+001, 7.205730e+001,-7.538902e+001, 0.000000e+000, 0.000000e+000, 0.000000e+000, 0.000000e+000
 1.666500e-001, 3.395088e+003,-1.709047e+003,-1.666106e+003, 5.582938e+001, 7.093710e+001,-7.714161e+001, 0.000000e+000, 0.000000e+000, 0.000000e+000, 0.000000e+000
 1.667000e-001, 3.395078e+003,-1.653187e+003,-1.721532e+003, 5.593932e+001, 6.978257e+001,-7.887455e+001, 0.000000e+000, 0.000000e+000, 0.000000e+000, 0.000000e+000
 1.667500e-001, 3.393899e+003,-1.596852e+003,-1.776452e+003, 5.602090e+001, 6.859515e+001,-8.058686e+001, 0.000000e+000, 0.000000e+000, 0.000000e+000, 0.000000e+000
 1.668000e-001, 3.391463e+003,-1.539833e+003,-1.830636e+003, 5.607498e+001, 6.737500e+001,-8.227792e+001, 0.000000e+000, 0.000000e+000, 0.000000e+000, 0.000000e+000
 1.668500e-001, 3.387879e+003,-1.482398e+003,-1.884280e+003, 5.610117e+001, 6.612357e+001,-8.394678e+001, 0.000000e+000, 0.000000e+000, 0.000000e+000, 0.000000e+000
 1.669000e-001, 3.383021e+003,-1.424303e+003,-1.937144e+003, 5.610033e+001, 6.484119e+001,-8.559275e+001, 0.000000e+000, 0.000000e+000, 0.000000e+000, 0.000000e+000
 1.669500e-001, 3.377036e+003,-1.365850e+003,-1.989436e+003, 5.607221e+001, 6.352929e+001,-8.721490e+001, 0.000000e+000, 0.000000e+000, 0.000000e+000, 0.000000e+000
 1.670000e-001, 3.369764e+003,-1.306764e+003,-2.040908e+003, 5.601767e+001, 6.218837e+001,-8.881245e+001, 0.000000e+000, 0.000000e+000, 0.000000e+000, 0.000000e+000
 1.670500e-001, 3.361383e+003,-1.247375e+003,-2.091771e+003, 5.593659e+001, 6.081981e+001,-9.038454e+001, 0.000000e+000, 0.000000e+000, 0.000000e+000, 0.000000e+000
 1.671000e-001, 3.351709e+003,-1.187385e+003,-2.141780e+003, 5.582980e+001, 5.942429e+001,-9.193029e+001, 0.000000e+000, 0.000000e+000, 0.000000e+000, 0.000000e+000
 1.671500e-001, 3.340942e+003,-1.127143e+003,-2.191144e+003, 5.569736e+001, 5.800314e+001,-9.344888e+001, 0.000000e+000, 0.000000e+000, 0.000000e+000, 0.000000e+000
 1.672000e-001, 3.328879e+003,-1.066335e+003,-2.239619e+003, 5.554003e+001, 5.655721e+001,-9.493938e+001, 0.000000e+000, 0.000000e+000, 0.000000e+000, 0.000000e+000
 1.672500e-001, 3.315741e+003,-1.005325e+003,-2.287411e+003, 5.535802e+001, 5.508777e+001,-9.640101e+001, 0.000000e+000, 0.000000e+000, 0.000000e+000, 0.000000e+000
 1.673000e-001, 3.301307e+003,-9.437875e+002,-2.334285e+003, 5.515208e+001, 5.359580e+001,-9.783277e+001, 0.000000e+000, 0.000000e+000, 0.000000e+000, 0.000000e+000
 1.673500e-001, 3.285814e+003,-8.820948e+002,-2.380438e+003, 5.492254e+001, 5.208252e+001,-9.923395e+001, 0.000000e+000, 0.000000e+000, 0.000000e+000, 0.000000e+000
 1.674000e-001, 3.269031e+003,-8.199178e+002,-2.425646e+003, 5.467009e+001, 5.054905e+001,-1.006035e+002, 0.000000e+000, 0.000000e+000, 0.000000e+000, 0.000000e+000
 1.674500e-001, 3.251203e+003,-7.576290e+002,-2.470093e+003, 5.439523e+001, 4.899652e+001,-1.019407e+002, 0.000000e+000, 0.000000e+000, 0.000000e+000, 0.000000e+000
 1.675000e-001, 3.232095e+003,-6.949021e+002,-2.513571e+003, 5.409857e+001, 4.742620e+001,-1.032445e+002, 0.000000e+000, 0.000000e+000, 0.000000e+000, 0.000000e+000
 1.675500e-001, 3.211956e+003,-6.321044e+002,-2.556250e+003, 5.378075e+001, 4.583912e+001,-1.045143e+002, 0.000000e+000, 0.000000e+000, 0.000000e+000, 0.000000e+000
 1.676000e-001, 3.190552e+003,-5.689179e+002,-2.597936e+003, 5.344234e+001, 4.423666e+001,-1.057489e+002, 0.000000e+000, 0.000000e+000, 0.000000e+000, 0.000000e+000
 1.676500e-001, 3.168129e+003,-5.056994e+002,-2.638785e+003, 5.308408e+001, 4.261977e+001,-1.069479e+002, 0.000000e+000, 0.000000e+000, 0.000000e+000, 0.000000e+000
 1.677000e-001, 3.144460e+003,-4.421442e+002,-2.678622e+003, 5.270648e+001, 4.098991e+001,-1.081099e+002, 0.000000e+000, 0.000000e+000, 0.000000e+000, 0.000000e+000
 1.677500e-001, 3.119784e+003,-3.785934e+002,-2.717583e+003, 5.231038e+001, 3.934797e+001,-1.092346e+002, 0.000000e+000, 0.000000e+000, 0.000000e+000, 0.000000e+000
 1.678000e-001, 3.093885e+003,-3.147606e+002,-2.755514e+003, 5.189627e+001, 3.769545e+001,-1.103208e+002, 0.000000e+000, 0.000000e+000, 0.000000e+000, 0.000000e+000
 1.678500e-001, 3.066989e+003,-2.509667e+002,-2.792532e+003, 5.146503e+001, 3.603316e+001,-1.113680e+002, 0.000000e+000, 0.000000e+000, 0.000000e+000, 0.000000e+000
 1.679000e-001, 3.038896e+003,-1.869474e+002,-2.828503e+003, 5.101713e+001, 3.436266e+001,-1.123751e+002, 0.000000e+000, 0.000000e+000, 0.000000e+000, 0.000000e+000
 1.679500e-001, 3.009819e+003,-1.229999e+002,-2.863524e+003, 5.055351e+001, 3.268468e+001,-1.133417e+002, 0.000000e+000, 0.000000e+000, 0.000000e+000, 0.000000e+000
 1.680000e-001, 2.979574e+003,-5.888522e+001,-2.897484e+003, 5.007458e+001, 3.100079e+001,-1.142667e+002, 0.000000e+000, 0.000000e+000, 0.000000e+000, 0.000000e+000
 1.680500e-001, 2.948357e+003, 5.125997e+000,-2.930460e+003, 4.958134e+001, 2.931165e+001,-1.151496e+002, 0.000000e+000, 0.000000e+000, 0.000000e+000, 0.000000e+000
 1.681000e-001, 2.916002e+003, 6.924515e+001,-2.962360e+003, 4.907415e+001, 2.761883e+001,-1.159894e+002, 0.000000e+000, 0.000000e+000, 0.000000e+000, 0.000000e+000
 1.681500e-001, 2.882690e+003, 1.332301e+002,-2.993243e+003, 4.855402e+001, 2.592290e+001,-1.167859e+002, 0.000000e+000, 0.000000e+000, 0.000000e+000, 0.000000e+000
 1.682000e-001, 2.848272e+003, 1.972630e+002,-3.023037e+003, 4.802132e+001, 2.422544e+001,-1.175379e+002, 0.000000e+000, 0.000000e+000, 0.000000e+000, 0.000000e+000
 1.682500e-001, 2.812911e+003, 2.611318e+002,-3.051785e+003, 4.747701e+001, 2.252695e+001,-1.182451e+002, 0.000000e+000, 0.000000e+000, 0.000000e+000, 0.000000e+000
 1.683000e-001, 2.776479e+003, 3.249881e+002,-3.079428e+003, 4.692146e+001, 2.082894e+001,-1.189067e+002, 0.000000e+000, 0.000000e+000, 0.000000e+000, 0.000000e+000
 1.683500e-001, 2.739122e+003, 3.886508e+002,-3.106001e+003, 4.635560e+001, 1.913187e+001,-1.195223e+002, 0.000000e+000, 0.000000e+000, 0.000000e+000, 0.000000e+000
 1.684000e-001, 2.700728e+003, 4.522406e+002,-3.131454e+003, 4.577977e+001, 1.743719e+001,-1.200912e+002, 0.000000e+000, 0.000000e+000, 0.000000e+000, 0.000000e+000
 1.684500e-001, 2.661428e+003, 5.156074e+002,-3.155814e+003, 4.519487e+001, 1.574530e+001,-1.206129e+002, 0.000000e+000, 0.000000e+000, 0.000000e+000, 0.000000e+000
 1.685000e-001, 2.621127e+003, 5.788416e+002,-3.179040e+003, 4.460124e+001, 1.405759e+001,-1.210869e+002, 0.000000e+000, 0.000000e+000, 0.000000e+000, 0.000000e+000
 1.685500e-001, 2.579940e+003, 6.418232e+002,-3.201152e+003, 4.399968e+001, 1.237439e+001,-1.215127e+002, 0.000000e+000, 0.000000e+000, 0.000000e+000, 0.000000e+000
 1.686000e-001, 2.537789e+003, 7.046130e+002,-3.222115e+003, 4.339054e+001, 1.069700e+001,-1.218899e+002, 0.000000e+000, 0.000000e+000, 0.000000e+000, 0.000000e+000
 1.686500e-001, 2.494777e+003, 7.671206e+002,-3.241951e+003, 4.277454e+001, 9.025718e+000,-1.222181e+002, 0.000000e+000, 0.000000e+000, 0.000000e+000, 0.000000e+000
 1.687000e-001, 2.450836e+003, 8.293784e+002,-3.260620e+003, 4.215200e+001, 7.361738e+000,-1.224970e+002, 0.000000e+000, 0.000000e+000, 0.000000e+000, 0.000000e+000
 1.687500e-001, 2.406060e+003, 8.913235e+002,-3.278150e+003, 4.152359e+001, 5.705313e+000,-1.227261e+002, 0.000000e+000, 0.000000e+000, 0.000000e+000, 0.000000e+000
 1.688000e-001, 2.360392e+003, 9.529622e+002,-3.294497e+003, 4.088959e+001, 4.057535e+000,-1.229052e+002, 0.000000e+000, 0.000000e+000, 0.000000e+000, 0.000000e+000
 1.688500e-001, 2.313917e+003, 1.014257e+003,-3.309698e+003, 4.025057e+001, 2.418614e+000,-1.230340e+002, 0.000000e+000, 0.000000e+000, 0.000000e+000, 0.000000e+000
 1.689000e-001, 2.266588e+003, 1.075191e+003,-3.323697e+003, 3.960681e+001, 7.895336e-001,-1.231125e+002, 0.000000e+000, 0.000000e+000, 0.000000e+000, 0.000000e+000
 1.689500e-001, 2.218481e+003, 1.135750e+003,-3.336548e+003, 3.895878e+001,-8.295336e-001,-1.231401e+002, 0.000000e+000, 0.000000e+000, 0.000000e+000, 0.000000e+000
 1.690000e-001, 2.169558e+003, 1.195893e+003,-3.348179e+003, 3.830672e+001,-2.437721e+000,-1.231171e+002, 0.000000e+000, 0.000000e+000, 0.000000e+000, 0.000000e+000
 1.690500e-001, 2.119890e+003, 1.255630e+003,-3.358662e+003, 3.765101e+001,-4.034885e+000,-1.230430e+002, 0.000000e+000, 0.000000e+000, 0.000000e+000, 0.000000e+000
 1.691000e-001, 2.069444e+003, 1.314899e+003,-3.367905e+003, 3.699186e+001,-5.620277e+000,-1.229182e+002, 0.000000e+000, 0.000000e+000, 0.000000e+000, 0.000000e+000
 1.691500e-001, 2.018286e+003, 1.373729e+003,-3.376005e+003, 3.632957e+001,-7.193785e+000,-1.227421e+002, 0.000000e+000, 0.000000e+000, 0.000000e+000, 0.000000e+000
 1.692000e-001, 1.966388e+003, 1.432042e+003,-3.382847e+003, 3.566428e+001,-8.754772e+000,-1.225152e+002, 0.000000e+000, 0.000000e+000, 0.000000e+000, 0.000000e+000
 1.692500e-001, 1.913814e+003, 1.489881e+003,-3.388553e+003, 3.499623e+001,-1.030315e+001,-1.222371e+002, 0.000000e+000, 0.000000e+000, 0.000000e+000, 0.000000e+000
 1.693000e-001, 1.860540e+003, 1.547157e+003,-3.392983e+003, 3.432548e+001,-1.183840e+001,-1.219085e+002, 0.000000e+000, 0.000000e+000, 0.000000e+000, 0.000000e+000
 1.693500e-001, 1.806626e+003, 1.603924e+003,-3.396286e+003, 3.365223e+001,-1.336046e+001,-1.215289e+002, 0.000000e+000, 0.000000e+000, 0.000000e+000, 0.000000e+000
 1.694000e-001, 1.752053e+003, 1.660081e+003,-3.398296e+003, 3.297645e+001,-1.486891e+001,-1.210991e+002, 0.000000e+000, 0.000000e+000, 0.000000e+000, 0.000000e+000
 1.694500e-001, 1.696875e+003, 1.715696e+003,-3.399191e+003, 3.229829e+001,-1.636371e+001,-1.206187e+002, 0.000000e+000, 0.000000e+000, 0.000000e+000, 0.000000e+000
 1.695000e-001, 1.641082e+003, 1.770657e+003,-3.398777e+003, 3.161764e+001,-1.784454e+001,-1.200885e+002, 0.000000e+000, 0.000000e+000, 0.000000e+000, 0.000000e+000
 1.695500e-001, 1.584720e+003, 1.825041e+003,-3.397263e+003, 3.093462e+001,-1.931138e+001,-1.195083e+002, 0.000000e+000, 0.000000e+000, 0.000000e+000, 0.000000e+000
 1.696000e-001, 1.527787e+003, 1.878728e+003,-3.394425e+003, 3.024901e+001,-2.076402e+001,-1.188790e+002, 0.000000e+000, 0.000000e+000, 0.000000e+000, 0.000000e+000
 1.696500e-001, 1.470322e+003, 1.931803e+003,-3.390503e+003, 2.956091e+001,-2.220243e+001,-1.182004e+002, 0.000000e+000, 0.000000e+000, 0.000000e+000, 0.000000e+000
 1.697000e-001, 1.412331e+003, 1.984142e+003,-3.385245e+003, 2.887002e+001,-2.362648e+001,-1.174735e+002, 0.000000e+000, 0.000000e+000, 0.000000e+000, 0.000000e+000
 1.697500e-001, 1.353844e+003, 2.035833e+003,-3.378920e+003, 2.817643e+001,-2.503618e+001,-1.166982e+002, 0.000000e+000, 0.000000e+000, 0.000000e+000, 0.000000e+000
 1.698000e-001, 1.294880e+003, 2.086751e+003,-3.371249e+003, 2.747971e+001,-2.643147e+001,-1.158755e+002, 0.000000e+000, 0.000000e+000, 0.000000e+000, 0.000000e+000
 1.698500e-001, 1.235453e+003, 2.136984e+003,-3.362528e+003, 2.677997e+001,-2.781235e+001,-1.150055e+002, 0.000000e+000, 0.000000e+000, 0.000000e+000, 0.000000e+000
 1.699000e-001, 1.175602e+003, 2.186409e+003,-3.352455e+003, 2.607669e+001,-2.917884e+001,-1.140892e+002, 0.000000e+000, 0.000000e+000, 0.000000e+000, 0.000000e+000
 1.699500e-001, 1.115321e+003, 2.235114e+003,-3.341349e+003, 2.536998e+001,-3.053095e+001,-1.131268e+002, 0.000000e+000, 0.000000e+000, 0.000000e+000, 0.000000e+000
 1.700000e-001, 1.054668e+003, 2.282975e+003,-3.328888e+003, 2.465923e+001,-3.186875e+001,-1.121192e+002, 0.000000e+000, 0.000000e+000, 0.000000e+000, 0.000000e+000
 1.700500e-001, 9.936179e+002, 2.330082e+003,-3.315412e+003, 2.394456e+001,-3.319225e+001,-1.110670e+002, 0.000000e+000, 0.000000e+000, 0.000000e+000, 0.000000e+000
 1.701000e-001, 9.322518e+002, 2.376313e+003,-3.300583e+003, 2.322527e+001,-3.450158e+001,-1.099710e+002, 0.000000e+000, 0.000000e+000, 0.000000e+000, 0.000000e+000
 1.701500e-001, 8.705182e+002, 2.421754e+003,-3.284753e+003, 2.250154e+001,-3.579674e+001,-1.088318e+002, 0.000000e+000, 0.000000e+000, 0.000000e+000, 0.000000e+000
 1.702000e-001, 8.085272e+002, 2.466290e+003,-3.267577e+003, 2.177256e+001,-3.707789e+001,-1.076503e+002, 0.000000e+000, 0.000000e+000, 0.000000e+000, 0.000000e+000
 1.702500e-001, 7.461977e+002, 2.510001e+003,-3.249415e+003, 2.103855e+001,-3.834504e+001,-1.064272e+002, 0.000000e+000, 0.000000e+000, 0.000000e+000, 0.000000e+000
 1.703000e-001, 6.836710e+002, 2.552779e+003,-3.229917e+003, 2.029864e+001,-3.959837e+001,-1.051634e+002, 0.000000e+000, 0.000000e+000, 0.000000e+000, 0.000000e+000
 1.703500e-001, 6.208337e+002, 2.594698e+003,-3.209447e+003, 1.955308e+001,-4.083789e+001,-1.038597e+002, 0.000000e+000, 0.000000e+000, 0.000000e+000, 0.000000e+000
 1.704000e-001, 5.578610e+002, 2.635656e+003,-3.187655e+003, 1.880095e+001,-4.206379e+001,-1.025170e+002, 0.000000e+000, 0.000000e+000, 0.000000e+000, 0.000000e+000
 1.704500e-001, 4.946047e+002, 2.675723e+003,-3.164904e+003, 1.804254e+001,-4.327607e+001,-1.011363e+002, 0.000000e+000, 0.000000e+000, 0.000000e+000, 0.000000e+000
 1.705000e-001, 4.312760e+002, 2.714804e+003,-3.140852e+003, 1.727692e+001,-4.447494e+001,-9.971835e+001, 0.000000e+000, 0.000000e+000, 0.000000e+000, 0.000000e+000
 1.705500e-001, 3.676902e+002, 2.752961e+003,-3.115850e+003, 1.650438e+001,-4.566037e+001,-9.826433e+001, 0.000000e+000, 0.000000e+000, 0.000000e+000, 0.000000e+000
 1.706000e-001, 3.040956e+002, 2.790110e+003,-3.089573e+003, 1.572399e+001,-4.683258e+001,-9.677489e+001, 0.000000e+000, 0.000000e+000, 0.000000e+000, 0.000000e+000
 1.706500e-001, 2.402705e+002, 2.826302e+003,-3.062354e+003, 1.493608e+001,-4.799152e+001,-9.525140e+001, 0.000000e+000, 0.000000e+000, 0.000000e+000, 0.000000e+000
 1.707000e-001, 1.765002e+002, 2.861465e+003,-3.033891e+003, 1.413974e+001,-4.913741e+001,-9.369440e+001, 0.000000e+000, 0.000000e+000, 0.000000e+000, 0.000000e+000
 1.707500e-001, 1.125262e+002, 2.895642e+003,-3.004493e+003, 1.333531e+001,-5.027017e+001,-9.210539e+001, 0.000000e+000, 0.000000e+000, 0.000000e+000, 0.000000e+000
 1.708000e-001, 4.867042e+001, 2.928768e+003,-2.973884e+003, 1.252192e+001,-5.139002e+001,-9.048488e+001, 0.000000e+000, 0.000000e+000, 0.000000e+000, 0.000000e+000
 1.708500e-001,-1.536174e+001, 2.960880e+003,-2.942348e+003, 1.169993e+001,-5.249683e+001,-8.883443e+001, 0.000000e+000, 0.000000e+000, 0.000000e+000, 0.000000e+000
 1.709000e-001,-7.921316e+001, 2.991923e+003,-2.909639e+003, 1.086854e+001,-5.359082e+001,-8.715450e+001, 0.000000e+000, 0.000000e+000, 0.000000e+000, 0.000000e+000
 1.709500e-001,-1.432123e+002, 3.021923e+003,-2.876008e+003, 1.002810e+001,-5.467184e+001,-8.544673e+001, 0.000000e+000, 0.000000e+000, 0.000000e+000, 0.000000e+000
 1.710000e-001,-2.069699e+002, 3.050838e+003,-2.841247e+003, 9.177918e+000,-5.574007e+001,-8.371152e+001, 0.000000e+000, 0.000000e+000, 0.000000e+000, 0.000000e+000
 1.710500e-001,-2.708449e+002, 3.078684e+003,-2.805567e+003, 8.318324e+000,-5.679532e+001,-8.195061e+001, 0.000000e+000, 0.000000e+000, 0.000000e+000, 0.000000e+000
 1.711000e-001,-3.344197e+002, 3.105429e+003,-2.768804e+003, 7.448752e+000,-5.783776e+001,-8.016430e+001, 0.000000e+000, 0.000000e+000, 0.000000e+000, 0.000000e+000
 1.711500e-001,-3.980794e+002, 3.131080e+003,-2.731127e+003, 6.569505e+000,-5.886715e+001,-7.835439e+001, 0.000000e+000, 0.000000e+000, 0.000000e+000, 0.000000e+000
 1.712000e-001,-4.613830e+002, 3.155617e+003,-2.692415e+003, 5.680163e+000,-5.988363e+001,-7.652115e+001, 0.000000e+000, 0.000000e+000, 0.000000e+000, 0.000000e+000
 1.712500e-001,-5.247365e+002, 3.179035e+003,-2.652793e+003, 4.780995e+000,-6.088694e+001,-7.466638e+001, 0.000000e+000, 0.000000e+000, 0.000000e+000, 0.000000e+000
 1.713000e-001,-5.876809e+002, 3.201328e+003,-2.612189e+003, 3.871745e+000,-6.187716e+001,-7.279031e+001, 0.000000e+000, 0.000000e+000, 0.000000e+000, 0.000000e+000
 1.713500e-001,-6.506376e+002, 3.222481e+003,-2.570680e+003, 2.952641e+000,-6.285400e+001,-7.089477e+001, 0.000000e+000, 0.000000e+000, 0.000000e+000, 0.000000e+000
 1.714000e-001,-7.131358e+002, 3.242498e+003,-2.528241e+003, 2.023601e+000,-6.381749e+001,-6.897992e+001, 0.000000e+000, 0.000000e+000, 0.000000e+000, 0.000000e+000
 1.714500e-001,-7.756057e+002, 3.261354e+003,-2.484903e+003, 1.084812e+000,-6.476731e+001,-6.704759e+001, 0.000000e+000, 0.000000e+000, 0.000000e+000, 0.000000e+000
 1.715000e-001,-8.375713e+002, 3.279064e+003,-2.440692e+003, 1.363751e-001,-6.570343e+001,-6.509792e+001, 0.000000e+000, 0.000000e+000, 0.000000e+000, 0.000000e+000
 1.715500e-001,-8.994648e+002, 3.295597e+003,-2.395587e+003,-8.215699e-001,-6.662552e+001,-6.313269e+001, 0.000000e+000, 0.000000e+000, 0.000000e+000, 0.000000e+000
 1.716000e-001,-9.608124e+002, 3.310975e+003,-2.349666e+003,-1.788731e+000,-6.753346e+001,-6.115204e+001, 0.000000e+000, 0.000000e+000, 0.000000e+000, 0.000000e+000
 1.716500e-001,-1.022041e+003, 3.325161e+003,-2.302860e+003,-2.765016e+000,-6.842692e+001,-5.915767e+001, 0.000000e+000, 0.000000e+000, 0.000000e+000, 0.000000e+000
 1.717000e-001,-1.082686e+003, 3.338183e+003,-2.255294e+003,-3.749943e+000,-6.930569e+001,-5.714970e+001, 0.000000e+000, 0.000000e+000, 0.000000e+000, 0.000000e+000
 1.717500e-001,-1.143162e+003, 3.350000e+003,-2.206854e+003,-4.743462e+000,-7.016943e+001,-5.512980e+001, 0.000000e+000, 0.000000e+000, 0.000000e+000, 0.000000e+000
 1.718000e-001,-1.203021e+003, 3.360647e+003,-2.157712e+003,-5.744908e+000,-7.101787e+001,-5.309806e+001, 0.000000e+000, 0.000000e+000, 0.000000e+000, 0.000000e+000
 1.718500e-001,-1.262658e+003, 3.370079e+003,-2.107709e+003,-6.754270e+000,-7.185062e+001,-5.105605e+001, 0.000000e+000, 0.000000e+000, 0.000000e+000, 0.000000e+000
 1.719000e-001,-1.321648e+003, 3.378334e+003,-2.057060e+003,-7.770708e+000,-7.266735e+001,-4.900391e+001, 0.000000e+000, 0.000000e+000, 0.000000e+000, 0.000000e+000
 1.719500e-001,-1.380361e+003, 3.385367e+003,-2.005567e+003,-8.794238e+000,-7.346767e+001,-4.694305e+001, 0.000000e+000, 0.000000e+000, 0.000000e+000, 0.000000e+000
 1.720000e-001,-1.438400e+003, 3.391218e+003,-1.953482e+003,-9.823862e+000,-7.425115e+001,-4.487365e+001, 0.000000e+000, 0.000000e+000, 0.000000e+000, 0.000000e+000
 1.720500e-001,-1.496105e+003, 3.395840e+003,-1.900575e+003,-1.085962e+001,-7.501740e+001,-4.279700e+001, 0.000000e+000, 0.000000e+000, 0.000000e+000, 0.000000e+000
 1.721000e-001,-1.553113e+003, 3.399277e+003,-1.847128e+003,-1.190036e+001,-7.576592e+001,-4.071331e+001, 0.000000e+000, 0.000000e+000, 0.000000e+000, 0.000000e+000
 1.721500e-001,-1.609729e+003, 3.401483e+003,-1.792883e+003,-1.294613e+001,-7.649629e+001,-3.862374e+001, 0.000000e+000, 0.000000e+000, 0.000000e+000, 0.000000e+000
 1.722000e-001,-1.665625e+003, 3.402499e+003,-1.738150e+003,-1.399568e+001,-7.720795e+001,-3.652853e+001, 0.000000e+000, 0.000000e+000, 0.000000e+000, 0.000000e+000
 1.722500e-001,-1.721071e+003, 3.402285e+003,-1.682646e+003,-1.504903e+001,-7.790047e+001,-3.442870e+001, 0.000000e+000, 0.000000e+000, 0.000000e+000, 0.000000e+000
 1.723000e-001,-1.775779e+003, 3.400878e+003,-1.626704e+003,-1.610483e+001,-7.857321e+001,-3.232452e+001, 0.000000e+000, 0.000000e+000, 0.000000e+000, 0.000000e+000
 1.723500e-001,-1.829977e+003, 3.398244e+003,-1.570022e+003,-1.716309e+001,-7.922574e+001,-3.021686e+001, 0.000000e+000, 0.000000e+000, 0.000000e+000, 0.000000e+000
 1.724000e-001,-1.883419e+003, 3.394415e+003,-1.512951e+003,-1.822239e+001,-7.985735e+001,-2.810607e+001, 0.000000e+000, 0.000000e+000, 0.000000e+000, 0.000000e+000
 1.724500e-001,-1.936292e+003, 3.389365e+003,-1.455174e+003,-1.928270e+001,-8.046761e+001,-2.599285e+001, 0.000000e+000, 0.000000e+000, 0.000000e+000, 0.000000e+000
 1.725000e-001,-1.988393e+003, 3.383117e+003,-1.397053e+003,-2.034255e+001,-8.105575e+001,-2.387759e+001, 0.000000e+000, 0.000000e+000, 0.000000e+000, 0.000000e+000
 1.725500e-001,-2.039866e+003, 3.375657e+003,-1.338266e+003,-2.140189e+001,-8.162133e+001,-2.176087e+001, 0.000000e+000, 0.000000e+000, 0.000000e+000, 0.000000e+000
 1.726000e-001,-2.090553e+003, 3.366999e+003,-1.279178e+003,-2.245919e+001,-8.216353e+001,-1.964311e+001, 0.000000e+000, 0.000000e+000, 0.000000e+000, 0.000000e+000
 1.726500e-001,-2.140555e+003, 3.357140e+003,-1.219465e+003,-2.351436e+001,-8.268192e+001,-1.752476e+001, 0.000000e+000, 0.000000e+000, 0.000000e+000, 0.000000e+000
 1.727000e-001,-2.189756e+003, 3.346082e+003,-1.159493e+003,-2.456589e+001,-8.317561e+001,-1.540629e+001, 0.000000e+000, 0.000000e+000, 0.000000e+000, 0.000000e+000
 1.727500e-001,-2.238216e+003, 3.333838e+003,-1.098942e+003,-2.561360e+001,-8.364420e+001,-1.328800e+001, 0.000000e+000, 0.000000e+000, 0.000000e+000, 0.000000e+000
 1.728000e-001,-2.285859e+003, 3.320396e+003,-1.038170e+003,-2.665601e+001,-8.408676e+001,-1.117044e+001, 0.000000e+000, 0.000000e+000, 0.000000e+000, 0.000000e+000
 1.728500e-001,-2.332710e+003, 3.305784e+003,-9.768680e+002,-2.769287e+001,-8.450288e+001,-9.053774e+000, 0.000000e+000, 0.000000e+000, 0.000000e+000, 0.000000e+000
 1.729000e-001,-2.378729e+003, 3.289976e+003,-9.153834e+002,-2.872275e+001,-8.489162e+001,-6.938592e+000, 0.000000e+000, 0.000000e+000, 0.000000e+000, 0.000000e+000
 1.729500e-001,-2.423904e+003, 3.273017e+003,-8.534186e+002,-2.974533e+001,-8.525256e+001,-4.824966e+000, 0.000000e+000, 0.000000e+000, 0.000000e+000, 0.000000e+000
 1.730000e-001,-2.468232e+003, 3.254865e+003,-7.913073e+002,-3.075922e+001,-8.558475e+001,-2.713516e+000, 0.000000e+000, 0.000000e+000, 0.000000e+000, 0.000000e+000
 1.730500e-001,-2.511670e+003, 3.235582e+003,-7.287695e+002,-3.176404e+001,-8.588781e+001,-6.042266e-001, 0.000000e+000, 0.000000e+000, 0.000000e+000, 0.000000e+000
 1.731000e-001,-2.554242e+003, 3.215111e+003,-6.661194e+002,-3.275847e+001,-8.616076e+001, 1.502243e+000, 0.000000e+000, 0.000000e+000, 0.000000e+000, 0.000000e+000
 1.731500e-001,-2.595882e+003, 3.193533e+003,-6.030985e+002,-3.374206e+001,-8.640323e+001, 3.605988e+000, 0.000000e+000, 0.000000e+000, 0.000000e+000, 0.000000e+000
 1.732000e-001,-2.636637e+003, 3.170772e+003,-5.399982e+002,-3.471357e+001,-8.661427e+001, 5.706313e+000, 0.000000e+000, 0.000000e+000, 0.000000e+000, 0.000000e+000
 1.732500e-001,-2.676421e+003, 3.146928e+003,-4.765845e+002,-3.567248e+001,-8.679351e+001, 7.803372e+000, 0.000000e+000, 0.000000e+000, 0.000000e+000, 0.000000e+000
 1.733000e-001,-2.715301e+003, 3.121910e+003,-4.131233e+002,-3.661766e+001,-8.694004e+001, 9.896441e+000, 0.000000e+000, 0.000000e+000, 0.000000e+000, 0.000000e+000
 1.733500e-001,-2.753172e+003, 3.095834e+003,-3.494075e+002,-3.754852e+001,-8.705350e+001, 1.198572e+001, 0.000000e+000, 0.000000e+000, 0.000000e+000, 0.000000e+000
 1.734000e-001,-2.790119e+003, 3.068594e+003,-2.856752e+002,-3.846402e+001,-8.713303e+001, 1.407045e+001, 0.000000e+000, 0.000000e+000, 0.000000e+000, 0.000000e+000
 1.734500e-001,-2.826026e+003, 3.040323e+003,-2.217481e+002,-3.936352e+001,-8.717828e+001, 1.615086e+001, 0.000000e+000, 0.000000e+000, 0.000000e+000, 0.000000e+000
 1.735000e-001,-2.860987e+003, 3.010901e+003,-1.578351e+002,-4.024609e+001,-8.718845e+001, 1.822619e+001, 0.000000e+000, 0.000000e+000, 0.000000e+000, 0.000000e+000
 1.735500e-001,-2.894878e+003, 2.980476e+003,-9.378745e+001,-4.111105e+001,-8.716320e+001, 2.029665e+001, 0.000000e+000, 0.000000e+000, 0.000000e+000, 0.000000e+000
 1.736000e-001,-2.927802e+003, 2.948914e+003,-2.978435e+001,-4.195757e+001,-8.710181e+001, 2.236147e+001, 0.000000e+000, 0.000000e+000, 0.000000e+000, 0.000000e+000
 1.736500e-001,-2.959631e+003, 2.916377e+003, 3.429293e+001,-4.278495e+001,-8.700398e+001, 2.442087e+001, 0.000000e+000, 0.000000e+000, 0.000000e+000, 0.000000e+000
 1.737000e-001,-2.990470e+003, 2.882721e+003, 9.829535e+001,-4.359243e+001,-8.686906e+001, 2.647404e+001, 0.000000e+000, 0.000000e+000, 0.000000e+000, 0.000000e+000
 1.737500e-001,-3.020191e+003, 2.848118e+003, 1.623117e+002,-4.437933e+001,-8.669678e+001, 2.852120e+001, 0.000000e+000, 0.000000e+000, 0.000000e+000, 0.000000e+000
 1.738000e-001,-3.048900e+003, 2.812417e+003, 2.262226e+002,-4.514497e+001,-8.648656e+001, 3.056153e+001, 0.000000e+000, 0.000000e+000, 0.000000e+000, 0.000000e+000
 1.738500e-001,-3.076470e+003, 2.775799e+003, 2.900877e+002,-4.588868e+001,-8.623820e+001, 3.259520e+001, 0.000000e+000, 0.000000e+000, 0.000000e+000, 0.000000e+000
 1.739000e-001,-3.103009e+003, 2.738104e+003, 3.538162e+002,-4.660985e+001,-8.595123e+001, 3.462139e+001, 0.000000e+000, 0.000000e+000, 0.000000e+000, 0.000000e+000
 1.739500e-001,-3.128389e+003, 2.699521e+003, 4.174403e+002,-4.730786e+001,-8.562545e+001, 3.664022e+001, 0.000000e+000, 0.000000e+000, 0.000000e+000, 0.000000e+000
 1.740000e-001,-3.152719e+003, 2.659888e+003, 4.808960e+002,-4.798216e+001,-8.526053e+001, 3.865088e+001, 0.000000e+000, 0.000000e+000, 0.000000e+000, 0.000000e+000
 1.740500e-001,-3.175873e+003, 2.619396e+003, 5.441896e+002,-4.863218e+001,-8.485630e+001, 4.065340e+001, 0.000000e+000, 0.000000e+000, 0.000000e+000, 0.000000e+000
 1.741000e-001,-3.197957e+003, 2.577882e+003, 6.072822e+002,-4.925742e+001,-8.441257e+001, 4.264700e+001, 0.000000e+000, 0.000000e+000, 0.000000e+000, 0.000000e+000
 1.741500e-001,-3.218851e+003, 2.535540e+003, 6.701566e+002,-4.985738e+001,-8.392921e+001, 4.463163e+001, 0.000000e+000, 0.000000e+000, 0.000000e+000, 0.000000e+000
 1.742000e-001,-3.238659e+003, 2.492205e+003, 7.327964e+002,-5.043162e+001,-8.340614e+001, 4.660650e+001, 0.000000e+000, 0.000000e+000, 0.000000e+000, 0.000000e+000
 1.742500e-001,-3.257261e+003, 2.448072e+003, 7.951638e+002,-5.097972e+001,-8.284330e+001, 4.857149e+001, 0.000000e+000, 0.000000e+000, 0.000000e+000, 0.000000e+000
 1.743000e-001,-3.274765e+003, 2.402980e+003, 8.572617e+002,-5.150127e+001,-8.224075e+001, 5.052583e+001, 0.000000e+000, 0.000000e+000, 0.000000e+000, 0.000000e+000
 1.743500e-001,-3.291049e+003, 2.357120e+003, 9.190347e+002,-5.199595e+001,-8.159846e+001, 5.246929e+001, 0.000000e+000, 0.000000e+000, 0.000000e+000, 0.000000e+000
 1.744000e-001,-3.306223e+003, 2.310336e+003, 9.805024e+002,-5.246338e+001,-8.091666e+001, 5.440113e+001, 0.000000e+000, 0.000000e+000, 0.000000e+000, 0.000000e+000
 1.744500e-001,-3.320164e+003, 2.262814e+003, 1.041595e+003,-5.290337e+001,-8.019534e+001, 5.632101e+001, 0.000000e+000, 0.000000e+000, 0.000000e+000, 0.000000e+000
 1.745000e-001,-3.332987e+003, 2.214406e+003, 1.102345e+003,-5.331555e+001,-7.943489e+001, 5.822820e+001, 0.000000e+000, 0.000000e+000, 0.000000e+000, 0.000000e+000
 1.745500e-001,-3.344563e+003, 2.165291e+003, 1.162672e+003,-5.369984e+001,-7.863538e+001, 6.012228e+001, 0.000000e+000, 0.000000e+000, 0.000000e+000, 0.000000e+000
 1.746000e-001,-3.355017e+003, 2.115330e+003, 1.222617e+003,-5.405589e+001,-7.779728e+001, 6.200253e+001, 0.000000e+000, 0.000000e+000, 0.000000e+000, 0.000000e+000
 1.746500e-001,-3.364210e+003, 2.064691e+003, 1.282094e+003,-5.438376e+001,-7.692077e+001, 6.386842e+001, 0.000000e+000, 0.000000e+000, 0.000000e+000, 0.000000e+000
 1.747000e-001,-3.372280e+003, 2.013249e+003, 1.341151e+003,-5.468312e+001,-7.600645e+001, 6.571926e+001, 0.000000e+000, 0.000000e+000, 0.000000e+000, 0.000000e+000
 1.747500e-001,-3.379075e+003, 1.961161e+003, 1.399695e+003,-5.495414e+001,-7.505457e+001, 6.755442e+001, 0.000000e+000, 0.000000e+000, 0.000000e+000, 0.000000e+000
 1.748000e-001,-3.384750e+003, 1.908312e+003, 1.457778e+003,-5.519652e+001,-7.406583e+001, 6.937322e+001, 0.000000e+000, 0.000000e+000, 0.000000e+000, 0.000000e+000
 1.748500e-001,-3.389137e+003, 1.854848e+003, 1.515308e+003,-5.541055e+001,-7.304057e+001, 7.117494e+001, 0.000000e+000, 0.000000e+000, 0.000000e+000, 0.000000e+000
 1.749000e-001,-3.392408e+003, 1.800668e+003, 1.572334e+003,-5.559596e+001,-7.197962e+001, 7.295892e+001, 0.000000e+000, 0.000000e+000, 0.000000e+000, 0.000000e+000
 1.749500e-001,-3.394378e+003, 1.745906e+003, 1.628770e+003,-5.575315e+001,-7.088338e+001, 7.472433e+001, 0.000000e+000, 0.000000e+000, 0.000000e+000, 0.000000e+000
 1.750000e-001,-3.395241e+003, 1.690474e+003, 1.684659e+003,-5.588188e+001,-6.975278e+001, 7.647057e+001, 0.000000e+000, 0.000000e+000, 0.000000e+000, 0.000000e+000
 1.750500e-001,-3.394791e+003, 1.634492e+003, 1.739922e+003,-5.598267e+001,-6.858831e+001, 7.819669e+001, 0.000000e+000, 0.000000e+000, 0.000000e+000, 0.000000e+000
 1.751000e-001,-3.393245e+003, 1.577888e+003, 1.794594e+003,-5.605530e+001,-6.739098e+001, 7.990209e+001, 0.000000e+000, 0.000000e+000, 0.000000e+000, 0.000000e+000
 1.751500e-001,-3.390373e+003, 1.520767e+003, 1.848607e+003,-5.610040e+001,-6.616140e+001, 8.158579e+001, 0.000000e+000, 0.000000e+000, 0.000000e+000, 0.000000e+000
 1.752000e-001,-3.386419e+003, 1.463071e+003, 1.901984e+003,-5.611780e+001,-6.490063e+001, 8.324721e+001, 0.000000e+000, 0.000000e+000, 0.000000e+000, 0.000000e+000
 1.752500e-001,-3.381129e+003, 1.404893e+003, 1.954671e+003,-5.610820e+001,-6.360934e+001, 8.488525e+001, 0.000000e+000, 0.000000e+000, 0.000000e+000, 0.000000e+000
 1.753000e-001,-3.374772e+003, 1.346188e+003, 2.006677e+003,-5.607150e+001,-6.228868e+001, 8.649938e+001, 0.000000e+000, 0.000000e+000, 0.000000e+000, 0.000000e+000
 1.753500e-001,-3.367071e+003, 1.287036e+003, 2.057965e+003,-5.600845e+001,-6.093943e+001, 8.808845e+001, 0.000000e+000, 0.000000e+000, 0.000000e+000, 0.000000e+000
 1.754000e-001,-3.358319e+003, 1.227406e+003, 2.108527e+003,-5.591903e+001,-5.956275e+001, 8.965193e+001, 0.000000e+000, 0.000000e+000, 0.000000e+000, 0.000000e+000
 1.754500e-001,-3.348218e+003, 1.167367e+003, 2.158344e+003,-5.580402e+001,-5.815950e+001, 9.118862e+001, 0.000000e+000, 0.000000e+000, 0.000000e+000, 0.000000e+000
 1.755000e-001,-3.337083e+003, 1.106896e+003, 2.207389e+003,-5.566351e+001,-5.673090e+001, 9.269801e+001, 0.000000e+000, 0.000000e+000, 0.000000e+000, 0.000000e+000
 1.755500e-001,-3.324595e+003, 1.046055e+003, 2.255666e+003,-5.549830e+001,-5.527787e+001, 9.417887e+001, 0.000000e+000, 0.000000e+000, 0.000000e+000, 0.000000e+000
 1.756000e-001,-3.311092e+003, 9.848306e+002, 2.303124e+003,-5.530854e+001,-5.380165e+001, 9.563071e+001, 0.000000e+000, 0.000000e+000, 0.000000e+000, 0.000000e+000
 1.756500e-001,-3.296236e+003, 9.232745e+002, 2.349792e+003,-5.509506e+001,-5.230323e+001, 9.705225e+001, 0.000000e+000, 0.000000e+000, 0.000000e+000, 0.000000e+000
 1.757000e-001,-3.280382e+003, 8.613826e+002, 2.395596e+003,-5.485812e+001,-5.078388e+001, 9.844304e+001, 0.000000e+000, 0.000000e+000, 0.000000e+000, 0.000000e+000
 1.757500e-001,-3.263179e+003, 7.992000e+002, 2.440590e+003,-5.459852e+001,-4.924463e+001, 9.980177e+001, 0.000000e+000, 0.000000e+000, 0.000000e+000, 0.000000e+000
 1.758000e-001,-3.244996e+003, 7.367286e+002, 2.484675e+003,-5.431664e+001,-4.768674e+001, 1.011280e+002, 0.000000e+000, 0.000000e+000, 0.000000e+000, 0.000000e+000
 1.758500e-001,-3.225470e+003, 6.740084e+002, 2.527932e+003,-5.401323e+001,-4.611132e+001, 1.024205e+002, 0.000000e+000, 0.000000e+000, 0.000000e+000, 0.000000e+000
 1.759000e-001,-3.204983e+003, 6.110459e+002, 2.570236e+003,-5.368880e+001,-4.451960e+001, 1.036787e+002, 0.000000e+000, 0.000000e+000, 0.000000e+000, 0.000000e+000
 1.759500e-001,-3.183164e+003, 5.478776e+002, 2.611693e+003,-5.334404e+001,-4.291272e+001, 1.049014e+002, 0.000000e+000, 0.000000e+000, 0.000000e+000, 0.000000e+000
 1.760000e-001,-3.160399e+003, 4.845131e+002, 2.652156e+003,-5.297959e+001,-4.129190e+001, 1.060882e+002, 0.000000e+000, 0.000000e+000, 0.000000e+000, 0.000000e+000
 1.760500e-001,-3.136319e+003, 4.209867e+002, 2.691755e+003,-5.259608e+001,-3.965831e+001, 1.072378e+002, 0.000000e+000, 0.000000e+000, 0.000000e+000, 0.000000e+000
 1.761000e-001,-3.111308e+003, 3.573096e+002, 2.730319e+003,-5.219423e+001,-3.801314e+001, 1.083499e+002, 0.000000e+000, 0.000000e+000, 0.000000e+000, 0.000000e+000
 1.761500e-001,-3.085002e+003, 2.935155e+002, 2.768004e+003,-5.177463e+001,-3.635757e+001, 1.094231e+002, 0.000000e+000, 0.000000e+000, 0.000000e+000, 0.000000e+000
 1.762000e-001,-3.057780e+003, 2.296158e+002, 2.804615e+003,-5.133810e+001,-3.469275e+001, 1.104571e+002, 0.000000e+000, 0.000000e+000, 0.000000e+000, 0.000000e+000
 1.762500e-001,-3.029286e+003, 1.656445e+002, 2.840332e+003,-5.088514e+001,-3.301985e+001, 1.114508e+002, 0.000000e+000, 0.000000e+000, 0.000000e+000, 0.000000e+000
 1.763000e-001,-2.999889e+003, 1.016123e+002, 2.874938e+003,-5.041668e+001,-3.134001e+001, 1.124036e+002, 0.000000e+000, 0.000000e+000, 0.000000e+000, 0.000000e+000
 1.763500e-001,-2.969250e+003, 3.755437e+001, 2.908636e+003,-4.993312e+001,-2.965436e+001, 1.133147e+002, 0.000000e+000, 0.000000e+000, 0.000000e+000, 0.000000e+000
 1.764000e-001,-2.937719e+003,-2.651995e+001, 2.941187e+003,-4.943549e+001,-2.796400e+001, 1.141834e+002, 0.000000e+000, 0.000000e+000, 0.000000e+000, 0.000000e+000
 1.764500e-001,-2.904979e+003,-9.057399e+001, 2.972818e+003,-4.892408e+001,-2.627004e+001, 1.150089e+002, 0.000000e+000, 0.000000e+000, 0.000000e+000, 0.000000e+000
 1.765000e-001,-2.871359e+003,-1.546001e+002, 3.003270e+003,-4.840002e+001,-2.457352e+001, 1.157907e+002, 0.000000e+000, 0.000000e+000, 0.000000e+000, 0.000000e+000
 1.765500e-001,-2.836567e+003,-2.185599e+002, 3.032786e+003,-4.786349e+001,-2.287551e+001, 1.165280e+002, 0.000000e+000, 0.000000e+000, 0.000000e+000, 0.000000e+000
 1.766000e-001,-2.800904e+003,-2.824477e+002, 3.061096e+003,-4.731569e+001,-2.117700e+001, 1.172203e+002, 0.000000e+000, 0.000000e+000, 0.000000e+000, 0.000000e+000
 1.766500e-001,-2.764110e+003,-3.462231e+002, 3.088455e+003,-4.675670e+001,-1.947901e+001, 1.178667e+002, 0.000000e+000, 0.000000e+000, 0.000000e+000, 0.000000e+000
 1.767000e-001,-2.726454e+003,-4.098824e+002, 3.114583e+003,-4.618775e+001,-1.778247e+001, 1.184670e+002, 0.000000e+000, 0.000000e+000, 0.000000e+000, 0.000000e+000
 1.767500e-001,-2.687712e+003,-4.733838e+002, 3.139746e+003,-4.560886e+001,-1.608833e+001, 1.190204e+002, 0.000000e+000, 0.000000e+000, 0.000000e+000, 0.000000e+000
 1.768000e-001,-2.648117e+003,-5.367250e+002, 3.163655e+003,-4.502127e+001,-1.439748e+001, 1.195265e+002, 0.000000e+000, 0.000000e+000, 0.000000e+000, 0.000000e+000
 1.768500e-001,-2.607483e+003,-5.998632e+002, 3.186583e+003,-4.442490e+001,-1.271079e+001, 1.199847e+002, 0.000000e+000, 0.000000e+000, 0.000000e+000, 0.000000e+000
 1.769000e-001,-2.566005e+003,-6.627971e+002, 3.208240e+003,-4.382101e+001,-1.102909e+001, 1.203946e+002, 0.000000e+000, 0.000000e+000, 0.000000e+000, 0.000000e+000
 1.769500e-001,-2.523538e+003,-7.254834e+002, 3.228901e+003,-4.320945e+001,-9.353168e+000, 1.207559e+002, 0.000000e+000, 0.000000e+000, 0.000000e+000, 0.000000e+000
 1.770000e-001,-2.480238e+003,-7.879214e+002, 3.248275e+003,-4.259143e+001,-7.683800e+000, 1.210680e+002, 0.000000e+000, 0.000000e+000, 0.000000e+000, 0.000000e+000
 1.770500e-001,-2.435998e+003,-8.500680e+002, 3.266638e+003,-4.196677e+001,-6.021695e+000, 1.213307e+002, 0.000000e+000, 0.000000e+000, 0.000000e+000, 0.000000e+000
 1.771000e-001,-2.390937e+003,-9.119222e+002, 3.283702e+003,-4.133662e+001,-4.367558e+000, 1.215435e+002, 0.000000e+000, 0.000000e+000, 0.000000e+000, 0.000000e+000
 1.771500e-001,-2.344989e+003,-9.734419e+002, 3.299739e+003,-4.070074e+001,-2.722016e+000, 1.217064e+002, 0.000000e+000, 0.000000e+000, 0.000000e+000, 0.000000e+000
 1.772000e-001,-2.298232e+003,-1.034625e+003, 3.314469e+003,-4.006023e+001,-1.085713e+000, 1.218188e+002, 0.000000e+000, 0.000000e+000, 0.000000e+000, 0.000000e+000
 1.772500e-001,-2.250642e+003,-1.095432e+003, 3.328155e+003,-3.941481e+001, 5.408135e-001, 1.218809e+002, 0.000000e+000, 0.000000e+000, 0.000000e+000, 0.000000e+000
 1.773000e-001,-2.202257e+003,-1.155858e+003, 3.340532e+003,-3.876548e+001, 2.156980e+000, 1.218921e+002, 0.000000e+000, 0.000000e+000, 0.000000e+000, 0.000000e+000
 1.773500e-001,-2.153093e+003,-1.215867e+003, 3.351847e+003,-3.811193e+001, 3.762337e+000, 1.218526e+002, 0.000000e+000, 0.000000e+000, 0.000000e+000, 0.000000e+000
 1.774000e-001,-2.103150e+003,-1.275451e+003, 3.361852e+003,-3.745509e+001, 5.356361e+000, 1.217621e+002, 0.000000e+000, 0.000000e+000, 0.000000e+000, 0.000000e+000
 1.774500e-001,-2.052483e+003,-1.334577e+003, 3.370777e+003,-3.679459e+001, 6.938690e+000, 1.216208e+002, 0.000000e+000, 0.000000e+000, 0.000000e+000, 0.000000e+000
 1.775000e-001,-2.001054e+003,-1.393235e+003, 3.378397e+003,-3.613126e+001, 8.508862e+000, 1.214283e+002, 0.000000e+000, 0.000000e+000, 0.000000e+000, 0.000000e+000
 1.775500e-001,-1.948955e+003,-1.451396e+003, 3.384920e+003,-3.546473e+001, 1.006659e+001, 1.211851e+002, 0.000000e+000, 0.000000e+000, 0.000000e+000, 0.000000e+000
 1.776000e-001,-1.896117e+003,-1.509045e+003, 3.390143e+003,-3.479568e+001, 1.161148e+001, 1.208908e+002, 0.000000e+000, 0.000000e+000, 0.000000e+000, 0.000000e+000
 1.776500e-001,-1.842660e+003,-1.566159e+003, 3.394252e+003,-3.412376e+001, 1.314332e+001, 1.205460e+002, 0.000000e+000, 0.000000e+000, 0.000000e+000, 0.000000e+000
 1.777000e-001,-1.788488e+003,-1.622719e+003, 3.397071e+003,-3.344952e+001, 1.466177e+001, 1.201503e+002, 0.000000e+000, 0.000000e+000, 0.000000e+000, 0.000000e+000
 1.777500e-001,-1.733750e+003,-1.678705e+003, 3.398760e+003,-3.277260e+001, 1.616668e+001, 1.197044e+002, 0.000000e+000, 0.000000e+000, 0.000000e+000, 0.000000e+000
 1.778000e-001,-1.678324e+003,-1.734095e+003, 3.399170e+003,-3.209342e+001, 1.765779e+001, 1.192081e+002, 0.000000e+000, 0.000000e+000, 0.000000e+000, 0.000000e+000
 1.778500e-001,-1.622383e+003,-1.788876e+003, 3.398435e+003,-3.141161e+001, 1.913501e+001, 1.186621e+002, 0.000000e+000, 0.000000e+000, 0.000000e+000, 0.000000e+000
 1.779000e-001,-1.565782e+003,-1.843019e+003, 3.396437e+003,-3.072749e+001, 2.059811e+001, 1.180663e+002, 0.000000e+000, 0.000000e+000, 0.000000e+000, 0.000000e+000
 1.779500e-001,-1.508717e+003,-1.896516e+003, 3.393277e+003,-3.004069e+001, 2.204707e+001, 1.174214e+002, 0.000000e+000, 0.000000e+000, 0.000000e+000, 0.000000e+000
 1.780000e-001,-1.451025e+003,-1.949336e+003, 3.388872e+003,-2.935138e+001, 2.348172e+001, 1.167275e+002, 0.000000e+000, 0.000000e+000, 0.000000e+000, 0.000000e+000
 1.780500e-001,-1.392918e+003,-2.001474e+003, 3.383292e+003,-2.865921e+001, 2.490207e+001, 1.159854e+002, 0.000000e+000, 0.000000e+000, 0.000000e+000, 0.000000e+000
 1.781000e-001,-1.334217e+003,-2.052896e+003, 3.376486e+003,-2.796426e+001, 2.630801e+001, 1.151951e+002, 0.000000e+000, 0.000000e+000, 0.000000e+000, 0.000000e+000
 1.781500e-001,-1.275150e+003,-2.103601e+003, 3.368494e+003,-2.726616e+001, 2.769959e+001, 1.143577e+002, 0.000000e+000, 0.000000e+000, 0.000000e+000, 0.000000e+000
 1.782000e-001,-1.215526e+003,-2.153553e+003, 3.359295e+003,-2.656489e+001, 2.907675e+001, 1.134731e+002, 0.000000e+000, 0.000000e+000, 0.000000e+000, 0.000000e+000
 1.782500e-001,-1.155583e+003,-2.202754e+003, 3.348901e+003,-2.586010e+001, 3.043954e+001, 1.125424e+002, 0.000000e+000, 0.000000e+000, 0.000000e+000, 0.000000e+000
 1.783000e-001,-1.095122e+003,-2.251165e+003, 3.337322e+003,-2.515166e+001, 3.178797e+001, 1.115658e+002, 0.000000e+000, 0.000000e+000, 0.000000e+000, 0.000000e+000
 1.783500e-001,-1.034387e+003,-2.298791e+003, 3.324541e+003,-2.443924e+001, 3.312210e+001, 1.105445e+002, 0.000000e+000, 0.000000e+000, 0.000000e+000, 0.000000e+000
 1.784000e-001,-9.731773e+002,-2.345594e+003, 3.310597e+003,-2.372262e+001, 3.444199e+001, 1.094785e+002, 0.000000e+000, 0.000000e+000, 0.000000e+000, 0.000000e+000
 1.784500e-001,-9.117373e+002,-2.391577e+003, 3.295447e+003,-2.300151e+001, 3.574769e+001, 1.083692e+002, 0.000000e+000, 0.000000e+000, 0.000000e+000, 0.000000e+000
 1.785000e-001,-8.498656e+002,-2.436705e+003, 3.279156e+003,-2.227560e+001, 3.703930e+001, 1.072168e+002, 0.000000e+000, 0.000000e+000, 0.000000e+000, 0.000000e+000
 1.785500e-001,-7.878079e+002,-2.480981e+003, 3.261660e+003,-2.154461e+001, 3.831688e+001, 1.060226e+002, 0.000000e+000, 0.000000e+000, 0.000000e+000, 0.000000e+000
 1.786000e-001,-7.253632e+002,-2.524370e+003, 3.243045e+003,-2.080820e+001, 3.958056e+001, 1.047869e+002, 0.000000e+000, 0.000000e+000, 0.000000e+000, 0.000000e+000
 1.786500e-001,-6.627758e+002,-2.566875e+003, 3.223226e+003,-2.006608e+001, 4.083038e+001, 1.035109e+002, 0.000000e+000, 0.000000e+000, 0.000000e+000, 0.000000e+000
 1.787000e-001,-5.998473e+002,-2.608464e+003, 3.202312e+003,-1.931790e+001, 4.206650e+001, 1.021952e+002, 0.000000e+000, 0.000000e+000, 0.000000e+000, 0.000000e+000
 1.787500e-001,-5.368192e+002,-2.649138e+003, 3.180201e+003,-1.856338e+001, 4.328895e+001, 1.008410e+002, 0.000000e+000, 0.000000e+000, 0.000000e+000, 0.000000e+000
 1.788000e-001,-4.734966e+002,-2.688868e+003, 3.157016e+003,-1.780213e+001, 4.449790e+001, 9.944884e+001, 0.000000e+000, 0.000000e+000, 0.000000e+000, 0.000000e+000
 1.788500e-001,-4.101170e+002,-2.727651e+003, 3.132644e+003,-1.703391e+001, 4.569338e+001, 9.801998e+001, 0.000000e+000, 0.000000e+000, 0.000000e+000, 0.000000e+000
 1.789000e-001,-3.464906e+002,-2.765466e+003, 3.107220e+003,-1.625834e+001, 4.687555e+001, 9.655518e+001, 0.000000e+000, 0.000000e+000, 0.000000e+000, 0.000000e+000
 1.789500e-001,-2.828494e+002,-2.802304e+003, 3.080622e+003,-1.547518e+001, 4.804443e+001, 9.505550e+001, 0.000000e+000, 0.000000e+000, 0.000000e+000, 0.000000e+000
 1.790000e-001,-2.190095e+002,-2.838149e+003, 3.052995e+003,-1.468406e+001, 4.920018e+001, 9.352187e+001, 0.000000e+000, 0.000000e+000, 0.000000e+000, 0.000000e+000
 1.790500e-001,-1.551968e+002,-2.872989e+003, 3.024210e+003,-1.388478e+001, 5.034278e+001, 9.195531e+001, 0.000000e+000, 0.000000e+000, 0.000000e+000, 0.000000e+000
 1.791000e-001,-9.123386e+001,-2.906813e+003, 2.994417e+003,-1.307698e+001, 5.147239e+001, 9.035684e+001, 0.000000e+000, 0.000000e+000, 0.000000e+000, 0.000000e+000
 1.791500e-001,-2.733989e+001,-2.939606e+003, 2.963487e+003,-1.226052e+001, 5.258899e+001, 8.872744e+001, 0.000000e+000, 0.000000e+000, 0.000000e+000, 0.000000e+000
 1.792000e-001, 3.665539e+001,-2.971361e+003, 2.931570e+003,-1.143504e+001, 5.369270e+001, 8.706819e+001, 0.000000e+000, 0.000000e+000, 0.000000e+000, 0.000000e+000
 1.792500e-001, 1.005404e+002,-3.002059e+003, 2.898541e+003,-1.060045e+001, 5.478347e+001, 8.538005e+001, 0.000000e+000, 0.000000e+000, 0.000000e+000, 0.000000e+000
 1.793000e-001, 1.644775e+002,-3.031698e+003, 2.864543e+003,-9.756439e+000, 5.586139e+001, 8.366417e+001, 0.000000e+000, 0.000000e+000, 0.000000e+000, 0.000000e+000
 1.793500e-001, 2.282635e+002,-3.060257e+003, 2.829462e+003,-8.902971e+000, 5.692641e+001, 8.192145e+001, 0.000000e+000, 0.000000e+000, 0.000000e+000, 0.000000e+000
 1.794000e-001, 2.920521e+002,-3.087738e+003, 2.793433e+003,-8.039758e+000, 5.797857e+001, 8.015308e+001, 0.000000e+000, 0.000000e+000, 0.000000e+000, 0.000000e+000
 1.794500e-001, 3.556491e+002,-3.114118e+003, 2.756351e+003,-7.166842e+000, 5.901780e+001, 7.835994e+001, 0.000000e+000, 0.000000e+000, 0.000000e+000, 0.000000e+000
 1.795000e-001, 4.191992e+002,-3.139400e+003, 2.718341e+003,-6.283974e+000, 6.004407e+001, 7.654326e+001, 0.000000e+000, 0.000000e+000, 0.000000e+000, 0.000000e+000
 1.795500e-001, 4.825178e+002,-3.163564e+003, 2.679311e+003,-5.391270e+000, 6.105733e+001, 7.470383e+001, 0.000000e+000, 0.000000e+000, 0.000000e+000, 0.000000e+000
 1.796000e-001, 5.457395e+002,-3.186610e+003, 2.639374e+003,-4.488522e+000, 6.205746e+001, 7.284295e+001, 0.000000e+000, 0.000000e+000, 0.000000e+000, 0.000000e+000
 1.796500e-001, 6.086909e+002,-3.208522e+003, 2.598453e+003,-3.575933e+000, 6.304442e+001, 7.096135e+001, 0.000000e+000, 0.000000e+000, 0.000000e+000, 0.000000e+000
 1.797000e-001, 6.714950e+002,-3.229299e+003, 2.556646e+003,-2.653336e+000, 6.401801e+001, 6.906033e+001, 0.000000e+000, 0.000000e+000, 0.000000e+000, 0.000000e+000
 1.797500e-001, 7.339909e+002,-3.248928e+003, 2.513893e+003,-1.721025e+000, 6.497817e+001, 6.714058e+001, 0.000000e+000, 0.000000e+000, 0.000000e+000, 0.000000e+000
 1.798000e-001, 7.962886e+002,-3.267404e+003, 2.470274e+003,-7.788772e-001, 6.592464e+001, 6.520339e+001, 0.000000e+000, 0.000000e+000, 0.000000e+000, 0.000000e+000
 1.798500e-001, 8.582415e+002,-3.284723e+003, 2.425751e+003, 1.727168e-001, 6.685737e+001, 6.324942e+001, 0.000000e+000, 0.000000e+000, 0.000000e+000, 0.000000e+000
 1.799000e-001, 9.199449e+002,-3.300870e+003, 2.380385e+003, 1.133840e+000, 6.777597e+001, 6.127993e+001, 0.000000e+000, 0.000000e+000, 0.000000e+000, 0.000000e+000
 1.799500e-001, 9.812681e+002,-3.315854e+003, 2.334155e+003, 2.103997e+000, 6.868041e+001, 5.929555e+001, 0.000000e+000, 0.000000e+000, 0.000000e+000, 0.000000e+000
 1.800000e-001, 1.042290e+003,-3.329648e+003, 2.287106e+003, 3.083234e+000, 6.957022e+001, 5.729749e+001, 0.000000e+000, 0.000000e+000, 0.000000e+000, 0.000000e+000
 1.800500e-001, 1.102898e+003,-3.342275e+003, 2.239235e+003, 4.070947e+000, 7.044538e+001, 5.528635e+001, 0.000000e+000, 0.000000e+000, 0.000000e+000, 0.000000e+000
 1.801000e-001, 1.163152e+003,-3.353695e+003, 2.190572e+003, 5.067147e+000, 7.130529e+001, 5.326329e+001, 0.000000e+000, 0.000000e+000, 0.000000e+000, 0.000000e+000
 1.801500e-001, 1.222960e+003,-3.363948e+003, 2.141128e+003, 6.071123e+000, 7.214995e+001, 5.122889e+001, 0.000000e+000, 0.000000e+000, 0.000000e+000, 0.000000e+000
 1.802000e-001, 1.282361e+003,-3.372976e+003, 2.090920e+003, 7.082852e+000, 7.297867e+001, 4.918423e+001, 0.000000e+000, 0.000000e+000, 0.000000e+000, 0.000000e+000
 1.802500e-001, 1.341286e+003,-3.380839e+003, 2.039976e+003, 8.101515e+000, 7.379145e+001, 4.712990e+001, 0.000000e+000, 0.000000e+000, 0.000000e+000, 0.000000e+000
 1.803000e-001, 1.399750e+003,-3.387460e+003, 1.988296e+003, 9.127058e+000, 7.458751e+001, 4.506687e+001, 0.000000e+000, 0.000000e+000, 0.000000e+000, 0.000000e+000
 1.803500e-001, 1.457708e+003,-3.392923e+003, 1.935923e+003, 1.015856e+001, 7.536684e+001, 4.299572e+001, 0.000000e+000, 0.000000e+000, 0.000000e+000, 0.000000e+000
 1.804000e-001, 1.515153e+003,-3.397127e+003, 1.882846e+003, 1.119593e+001, 7.612857e+001, 4.091734e+001, 0.000000e+000, 0.000000e+000, 0.000000e+000, 0.000000e+000
 1.804500e-001, 1.572065e+003,-3.400181e+003, 1.829118e+003, 1.223816e+001, 7.687270e+001, 3.883231e+001, 0.000000e+000, 0.000000e+000, 0.000000e+000, 0.000000e+000
 1.805000e-001, 1.628409e+003,-3.401960e+003, 1.774722e+003, 1.328513e+001, 7.759829e+001, 3.674140e+001, 0.000000e+000, 0.000000e+000, 0.000000e+000, 0.000000e+000
 1.805500e-001, 1.684194e+003,-3.402601e+003, 1.719716e+003, 1.433573e+001, 7.830530e+001, 3.464521e+001, 0.000000e+000, 0.000000e+000, 0.000000e+000, 0.000000e+000
 1.806000e-001, 1.739358e+003,-3.401951e+003, 1.664079e+003, 1.538981e+001, 7.899274e+001, 3.254441e+001, 0.000000e+000, 0.000000e+000, 0.000000e+000, 0.000000e+000
 1.806500e-001, 1.793939e+003,-3.400178e+003, 1.607873e+003, 1.644620e+001, 7.966055e+001, 3.043958e+001, 0.000000e+000, 0.000000e+000, 0.000000e+000, 0.000000e+000
 1.807000e-001, 1.847844e+003,-3.397099e+003, 1.551076e+003, 1.750471e+001, 8.030769e+001, 2.833129e+001, 0.000000e+000, 0.000000e+000, 0.000000e+000, 0.000000e+000
 1.807500e-001, 1.901143e+003,-3.392913e+003, 1.493750e+003, 1.856410e+001, 8.093407e+001, 2.622014e+001, 0.000000e+000, 0.000000e+000, 0.000000e+000, 0.000000e+000
 1.808000e-001, 1.953714e+003,-3.387409e+003, 1.435875e+003, 1.962415e+001, 8.153860e+001, 2.410658e+001, 0.000000e+000, 0.000000e+000, 0.000000e+000, 0.000000e+000
 1.808500e-001, 2.005657e+003,-3.380816e+003, 1.377510e+003, 2.068357e+001, 8.212119e+001, 2.199123e+001, 0.000000e+000, 0.000000e+000, 0.000000e+000, 0.000000e+000
 1.809000e-001, 2.056819e+003,-3.372895e+003, 1.318642e+003, 2.174210e+001, 8.268070e+001, 1.987444e+001, 0.000000e+000, 0.000000e+000, 0.000000e+000, 0.000000e+000
 1.809500e-001, 2.107333e+003,-3.363902e+003, 1.259320e+003, 2.279843e+001, 8.321701e+001, 1.775682e+001, 0.000000e+000, 0.000000e+000, 0.000000e+000, 0.000000e+000
 1.810000e-001, 2.157014e+003,-3.353573e+003, 1.199544e+003, 2.385226e+001, 8.372898e+001, 1.563862e+001, 0.000000e+000, 0.000000e+000, 0.000000e+000, 0.000000e+000
 1.810500e-001, 2.206028e+003,-3.342195e+003, 1.139350e+003, 2.490224e+001, 8.421643e+001, 1.352050e+001, 0.000000e+000, 0.000000e+000, 0.000000e+000, 0.000000e+000
 1.811000e-001, 2.254157e+003,-3.329473e+003, 1.078752e+003, 2.594805e+001, 8.467825e+001, 1.140258e+001, 0.000000e+000, 0.000000e+000, 0.000000e+000, 0.000000e+000
 1.811500e-001, 2.301601e+003,-3.315723e+003, 1.017771e+003, 2.698834e+001, 8.511419e+001, 9.285542e+000, 0.000000e+000, 0.000000e+000, 0.000000e+000, 0.000000e+000
 1.812000e-001, 2.348112e+003,-3.300626e+003, 9.564376e+002, 2.802274e+001, 8.552317e+001, 7.169437e+000, 0.000000e+000, 0.000000e+000, 0.000000e+000, 0.000000e+000
 1.812500e-001, 2.393917e+003,-3.284523e+003, 8.947563e+002, 2.904992e+001, 8.590491e+001, 5.054939e+000, 0.000000e+000, 0.000000e+000, 0.000000e+000, 0.000000e+000
 1.813000e-001, 2.438745e+003,-3.267074e+003, 8.327769e+002, 3.006945e+001, 8.625835e+001, 2.942039e+000, 0.000000e+000, 0.000000e+000, 0.000000e+000, 0.000000e+000
 1.813500e-001, 2.482846e+003,-3.248639e+003, 7.704828e+002, 3.108007e+001, 8.658317e+001, 8.314159e-001, 0.000000e+000, 0.000000e+000, 0.000000e+000, 0.000000e+000
 1.814000e-001, 2.525927e+003,-3.228863e+003, 7.079458e+002, 3.208127e+001, 8.687837e+001,-1.276994e+000, 0.000000e+000, 0.000000e+000, 0.000000e+000, 0.000000e+000
 1.814500e-001, 2.568261e+003,-3.208122e+003, 6.451273e+002, 3.307185e+001, 8.714355e+001,-3.382506e+000, 0.000000e+000, 0.000000e+000, 0.000000e+000, 0.000000e+000
 1.815000e-001, 2.609536e+003,-3.186046e+003, 5.821222e+002, 3.405125e+001, 8.737782e+001,-5.485226e+000, 0.000000e+000, 0.000000e+000, 0.000000e+000, 0.000000e+000
 1.815500e-001, 2.650042e+003,-3.163028e+003, 5.188686e+002, 3.501834e+001, 8.758070e+001,-7.584469e+000, 0.000000e+000, 0.000000e+000, 0.000000e+000, 0.000000e+000
 1.816000e-001, 2.689452e+003,-3.138686e+003, 4.554853e+002, 3.597252e+001, 8.775141e+001,-9.680365e+000, 0.000000e+000, 0.000000e+000, 0.000000e+000, 0.000000e+000
 1.816500e-001, 2.728071e+003,-3.113422e+003, 3.918864e+002, 3.691272e+001, 8.788940e+001,-1.177223e+001, 0.000000e+000, 0.000000e+000, 0.000000e+000, 0.000000e+000
 1.817000e-001, 2.765561e+003,-3.086849e+003, 3.282151e+002, 3.783828e+001, 8.799402e+001,-1.386020e+001, 0.000000e+000, 0.000000e+000, 0.000000e+000, 0.000000e+000
 1.817500e-001, 2.802238e+003,-3.059373e+003, 2.643614e+002, 3.874828e+001, 8.806464e+001,-1.594361e+001, 0.000000e+000, 0.000000e+000, 0.000000e+000, 0.000000e+000
 1.818000e-001, 2.837756e+003,-3.030609e+003, 2.004924e+002, 3.964195e+001, 8.810073e+001,-1.802258e+001, 0.000000e+000, 0.000000e+000, 0.000000e+000, 0.000000e+000
 1.818500e-001, 2.872436e+003,-3.000960e+003, 1.364747e+002, 4.051851e+001, 8.810165e+001,-2.009645e+001, 0.000000e+000, 0.000000e+000, 0.000000e+000, 0.000000e+000
 1.819000e-001, 2.905933e+003,-2.970047e+003, 7.249852e+001, 4.137713e+001, 8.806696e+001,-2.216532e+001, 0.000000e+000, 0.000000e+000, 0.000000e+000, 0.000000e+000
 1.819500e-001, 2.938565e+003,-2.938266e+003, 8.407969e+000, 4.221714e+001, 8.799600e+001,-2.422854e+001, 0.000000e+000, 0.000000e+000, 0.000000e+000, 0.000000e+000
 1.820000e-001, 2.969994e+003,-2.905249e+003,-5.558516e+001, 4.303769e+001, 8.788848e+001,-2.628618e+001, 0.000000e+000, 0.000000e+000, 0.000000e+000, 0.000000e+000
 1.820500e-001, 3.000531e+003,-2.871381e+003,-1.196573e+002, 4.383821e+001, 8.774368e+001,-2.833760e+001, 0.000000e+000, 0.000000e+000, 0.000000e+000, 0.000000e+000
 1.821000e-001, 3.029848e+003,-2.836308e+003,-1.835772e+002, 4.461781e+001, 8.756148e+001,-3.038282e+001, 0.000000e+000, 0.000000e+000, 0.000000e+000, 0.000000e+000
 1.821500e-001, 3.058245e+003,-2.800400e+003,-2.475398e+002, 4.537606e+001, 8.734113e+001,-3.242122e+001, 0.000000e+000, 0.000000e+000, 0.000000e+000, 0.000000e+000
 1.822000e-001, 3.085408e+003,-2.763324e+003,-3.112966e+002, 4.611205e+001, 8.708266e+001,-3.445275e+001, 0.000000e+000, 0.000000e+000, 0.000000e+000, 0.000000e+000
 1.822500e-001, 3.111624e+003,-2.725426e+003,-3.750585e+002, 4.682545e+001, 8.678532e+001,-3.647681e+001, 0.000000e+000, 0.000000e+000, 0.000000e+000, 0.000000e+000
 1.823000e-001, 3.136595e+003,-2.686401e+003,-4.385628e+002, 4.751533e+001, 8.644928e+001,-3.849328e+001, 0.000000e+000, 0.000000e+000, 0.000000e+000, 0.000000e+000
 1.823500e-001, 3.160590e+003,-2.646567e+003,-5.020332e+002, 4.818150e+001, 8.607380e+001,-4.050158e+001, 0.000000e+000, 0.000000e+000, 0.000000e+000, 0.000000e+000
 1.824000e-001, 3.183335e+003,-2.605649e+003,-5.651959e+002, 4.882302e+001, 8.565920e+001,-4.250150e+001, 0.000000e+000, 0.000000e+000, 0.000000e+000, 0.000000e+000
 1.824500e-001, 3.205073e+003,-2.563937e+003,-6.282844e+002, 4.943983e+001, 8.520477e+001,-4.449249e+001, 0.000000e+000, 0.000000e+000, 0.000000e+000, 0.000000e+000
 1.825000e-001, 3.225560e+003,-2.521187e+003,-6.910172e+002, 5.003097e+001, 8.471095e+001,-4.647423e+001, 0.000000e+000, 0.000000e+000, 0.000000e+000, 0.000000e+000
 1.825500e-001, 3.245010e+003,-2.477655e+003,-7.536341e+002, 5.059650e+001, 8.417709e+001,-4.844621e+001, 0.000000e+000, 0.000000e+000, 0.000000e+000, 0.000000e+000
 1.826000e-001, 3.263208e+003,-2.433134e+003,-8.158491e+002, 5.113549e+001, 8.360377e+001,-5.040802e+001, 0.000000e+000, 0.000000e+000, 0.000000e+000, 0.000000e+000
 1.826500e-001, 3.280340e+003,-2.387845e+003,-8.779053e+002, 5.164810e+001, 8.299036e+001,-5.235914e+001, 0.000000e+000, 0.000000e+000, 0.000000e+000, 0.000000e+000
 1.827000e-001, 3.296224e+003,-2.341619e+003,-9.395157e+002, 5.213343e+001, 8.233762e+001,-5.429908e+001, 0.000000e+000, 0.000000e+000, 0.000000e+000, 0.000000e+000
 1.827500e-001, 3.311014e+003,-2.294638e+003,-1.000923e+003, 5.259174e+001, 8.164497e+001,-5.622736e+001, 0.000000e+000, 0.000000e+000, 0.000000e+000, 0.000000e+000
 1.828000e-001, 3.324561e+003,-2.246773e+003,-1.061843e+003, 5.302219e+001, 8.091325e+001,-5.814335e+001, 0.000000e+000, 0.000000e+000, 0.000000e+000, 0.000000e+000
 1.828500e-001, 3.336987e+003,-2.198167e+003,-1.122514e+003, 5.342509e+001, 8.014201e+001,-6.004660e+001, 0.000000e+000, 0.000000e+000, 0.000000e+000, 0.000000e+000
 1.829000e-001, 3.348176e+003,-2.148733e+003,-1.182658e+003, 5.379968e+001, 7.933220e+001,-6.193640e+001, 0.000000e+000, 0.000000e+000, 0.000000e+000, 0.000000e+000
 1.829500e-001, 3.358218e+003,-2.098573e+003,-1.242506e+003, 5.414636e+001, 7.848344e+001,-6.381229e+001, 0.000000e+000, 0.000000e+000, 0.000000e+000, 0.000000e+000
 1.830000e-001, 3.367033e+003,-2.047641e+003,-1.301790e+003, 5.446444e+001, 7.759679e+001,-6.567348e+001, 0.000000e+000, 0.000000e+000, 0.000000e+000, 0.000000e+000
 1.830500e-001, 3.374678e+003,-1.995999e+003,-1.360732e+003, 5.475436e+001, 7.667198e+001,-6.751951e+001, 0.000000e+000, 0.000000e+000, 0.000000e+000, 0.000000e+000
 1.831000e-001, 3.381105e+003,-1.943642e+003,-1.419073e+003, 5.501554e+001, 7.571015e+001,-6.934950e+001, 0.000000e+000, 0.000000e+000, 0.000000e+000, 0.000000e+000
 1.831500e-001, 3.386342e+003,-1.890592e+003,-1.477024e+003, 5.524847e+001, 7.471115e+001,-7.116302e+001, 0.000000e+000, 0.000000e+000, 0.000000e+000, 0.000000e+000
 1.832000e-001, 3.390371e+003,-1.836886e+003,-1.534340e+003, 5.545266e+001, 7.367620e+001,-7.295910e+001, 0.000000e+000, 0.000000e+000, 0.000000e+000, 0.000000e+000
 1.832500e-001, 3.393190e+003,-1.782505e+003,-1.591218e+003, 5.562864e+001, 7.260526e+001,-7.473729e+001, 0.000000e+000, 0.000000e+000, 0.000000e+000, 0.000000e+000
 1.833000e-001, 3.394814e+003,-1.727527e+003,-1.647430e+003, 5.577604e+001, 7.149963e+001,-7.649657e+001, 0.000000e+000, 0.000000e+000, 0.000000e+000, 0.000000e+000
 1.833500e-001, 3.395213e+003,-1.671894e+003,-1.703154e+003, 5.589541e+001, 7.035937e+001,-7.823647e+001, 0.000000e+000, 0.000000e+000, 0.000000e+000, 0.000000e+000
 1.834000e-001, 3.394427e+003,-1.615721e+003,-1.758182e+003, 5.598649e+001, 6.918584e+001,-7.995592e+001, 0.000000e+000, 0.000000e+000, 0.000000e+000, 0.000000e+000
 1.834500e-001, 3.392405e+003,-1.558917e+003,-1.812675e+003, 5.604988e+001, 6.797924e+001,-8.165446e+001, 0.000000e+000, 0.000000e+000, 0.000000e+000, 0.000000e+000
 1.835000e-001, 3.389210e+003,-1.501631e+003,-1.866442e+003, 5.608542e+001, 6.674097e+001,-8.333096e+001, 0.000000e+000, 0.000000e+000, 0.000000e+000, 0.000000e+000
 1.835500e-001, 3.384769e+003,-1.443738e+003,-1.919625e+003, 5.609372e+001, 6.547134e+001,-8.498492e+001, 0.000000e+000, 0.000000e+000, 0.000000e+000, 0.000000e+000
 1.836000e-001, 3.379169e+003,-1.385419e+003,-1.972055e+003, 5.607475e+001, 6.417179e+001,-8.661520e+001, 0.000000e+000, 0.000000e+000, 0.000000e+000, 0.000000e+000
 1.836500e-001, 3.372315e+003,-1.326520e+003,-2.023855e+003, 5.602913e+001, 6.284275e+001,-8.822131e+001, 0.000000e+000, 0.000000e+000, 0.000000e+000, 0.000000e+000
 1.837000e-001, 3.364315e+003,-1.267252e+003,-2.074874e+003, 5.595694e+001, 6.148568e+001,-8.980204e+001, 0.000000e+000, 0.000000e+000, 0.000000e+000, 0.000000e+000
 1.837500e-001, 3.355059e+003,-1.207433e+003,-2.125216e+003, 5.585883e+001, 6.010112e+001,-9.135690e+001, 0.000000e+000, 0.000000e+000, 0.000000e+000, 0.000000e+000
 1.838000e-001, 3.344670e+003,-1.147300e+003,-2.174753e+003, 5.573495e+001, 5.869054e+001,-9.288467e+001, 0.000000e+000, 0.000000e+000, 0.000000e+000, 0.000000e+000
 1.838500e-001, 3.333024e+003,-1.086646e+003,-2.223567e+003, 5.558600e+001, 5.725459e+001,-9.438484e+001, 0.000000e+000, 0.000000e+000, 0.000000e+000, 0.000000e+000
 1.839000e-001, 3.320259e+003,-1.025734e+003,-2.271551e+003, 5.541223e+001, 5.579473e+001,-9.585621e+001, 0.000000e+000, 0.000000e+000, 0.000000e+000, 0.000000e+000
 1.839500e-001, 3.306240e+003,-9.643333e+002,-2.318768e+003, 5.521432e+001, 5.431174e+001,-9.729822e+001, 0.000000e+000, 0.000000e+000, 0.000000e+000, 0.000000e+000
 1.840000e-001, 3.291117e+003,-9.027269e+002,-2.365131e+003, 5.499262e+001, 5.280703e+001,-9.870969e+001, 0.000000e+000, 0.000000e+000, 0.000000e+000, 0.000000e+000
 1.840500e-001, 3.274745e+003,-8.406679e+002,-2.410685e+003, 5.474784e+001, 5.128148e+001,-1.000900e+002, 0.000000e+000, 0.000000e+000, 0.000000e+000, 0.000000e+000
 1.841000e-001, 3.257284e+003,-7.784549e+002,-2.455361e+003, 5.448040e+001, 4.973649e+001,-1.014381e+002, 0.000000e+000, 0.000000e+000, 0.000000e+000, 0.000000e+000
 1.841500e-001, 3.238582e+003,-7.158265e+002,-2.499188e+003, 5.419100e+001, 4.817301e+001,-1.027533e+002, 0.000000e+000, 0.000000e+000, 0.000000e+000, 0.000000e+000
 1.842000e-001, 3.218808e+003,-6.530947e+002,-2.542113e+003, 5.388015e+001, 4.659241e+001,-1.040346e+002, 0.000000e+000, 0.000000e+000, 0.000000e+000, 0.000000e+000
 1.842500e-001, 3.197802e+003,-5.899866e+002,-2.584151e+003, 5.354856e+001, 4.499570e+001,-1.052812e+002, 0.000000e+000, 0.000000e+000, 0.000000e+000, 0.000000e+000
 1.843000e-001, 3.175742e+003,-5.268246e+002,-2.625265e+003, 5.319679e+001, 4.338422e+001,-1.064921e+002, 0.000000e+000, 0.000000e+000, 0.000000e+000, 0.000000e+000
 1.843500e-001, 3.152463e+003,-4.633271e+002,-2.665454e+003, 5.282556e+001, 4.175903e+001,-1.076668e+002, 0.000000e+000, 0.000000e+000, 0.000000e+000, 0.000000e+000
 1.844000e-001, 3.128147e+003,-3.998239e+002,-2.704698e+003, 5.243545e+001, 4.012142e+001,-1.088041e+002, 0.000000e+000, 0.000000e+000, 0.000000e+000, 0.000000e+000
 1.844500e-001, 3.102628e+003,-3.360274e+002,-2.742981e+003, 5.202722e+001, 3.847249e+001,-1.099034e+002, 0.000000e+000, 0.000000e+000, 0.000000e+000, 0.000000e+000
 1.845000e-001, 3.076091e+003,-2.722724e+002,-2.780299e+003, 5.160146e+001, 3.681347e+001,-1.109638e+002, 0.000000e+000, 0.000000e+000, 0.000000e+000, 0.000000e+000
 1.845500e-001, 3.048368e+003,-2.082680e+002,-2.816624e+003, 5.115894e+001, 3.514550e+001,-1.119846e+002, 0.000000e+000, 0.000000e+000, 0.000000e+000, 0.000000e+000
 1.846000e-001, 3.019649e+003,-1.443508e+002,-2.851962e+003, 5.070028e+001, 3.346973e+001,-1.129649e+002, 0.000000e+000, 0.000000e+000, 0.000000e+000, 0.000000e+000
 1.846500e-001, 2.989760e+003,-8.022940e+001,-2.886275e+003, 5.022623e+001, 3.178732e+001,-1.139041e+002, 0.000000e+000, 0.000000e+000, 0.000000e+000, 0.000000e+000
 1.847000e-001, 2.958899e+003,-1.623995e+001,-2.919583e+003, 4.973741e+001, 3.009937e+001,-1.148013e+002, 0.000000e+000, 0.000000e+000, 0.000000e+000, 0.000000e+000
 1.847500e-001, 2.926888e+003, 4.790740e+001,-2.951838e+003, 4.923459e+001, 2.840701e+001,-1.156559e+002, 0.000000e+000, 0.000000e+000, 0.000000e+000, 0.000000e+000
 1.848000e-001, 2.893930e+003, 1.118792e+002,-2.983068e+003, 4.871836e+001, 2.671129e+001,-1.164671e+002, 0.000000e+000, 0.000000e+000, 0.000000e+000, 0.000000e+000
 1.848500e-001, 2.859841e+003, 1.759617e+002,-3.013218e+003, 4.818951e+001, 2.501333e+001,-1.172344e+002, 0.000000e+000, 0.000000e+000, 0.000000e+000, 0.000000e+000
 1.849000e-001, 2.824833e+003, 2.398261e+002,-3.042324e+003, 4.764860e+001, 2.331408e+001,-1.179569e+002, 0.000000e+000, 0.000000e+000, 0.000000e+000, 0.000000e+000
 1.849500e-001, 2.788717e+003, 3.037529e+002,-3.070327e+003, 4.709640e+001, 2.161466e+001,-1.186342e+002, 0.000000e+000, 0.000000e+000, 0.000000e+000, 0.000000e+000
 1.850000e-001, 2.751708e+003, 3.674202e+002,-3.097269e+003, 4.653344e+001, 1.991593e+001,-1.192656e+002, 0.000000e+000, 0.000000e+000, 0.000000e+000, 0.000000e+000
 1.850500e-001, 2.713615e+003, 4.311012e+002,-3.123083e+003, 4.596047e+001, 1.821898e+001,-1.198506e+002, 0.000000e+000, 0.000000e+000, 0.000000e+000, 0.000000e+000
 1.851000e-001, 2.674661e+003, 4.944821e+002,-3.147821e+003, 4.537800e+001, 1.652458e+001,-1.203886e+002, 0.000000e+000, 0.000000e+000, 0.000000e+000, 0.000000e+000
 1.851500e-001, 2.634646e+003, 5.578274e+002,-3.171412e+003, 4.478674e+001, 1.483378e+001,-1.208791e+002, 0.000000e+000, 0.000000e+000, 0.000000e+000, 0.000000e+000
 1.852000e-001, 2.593801e+003, 6.208329e+002,-3.193910e+003, 4.418716e+001, 1.314727e+001,-1.213217e+002, 0.000000e+000, 0.000000e+000, 0.000000e+000, 0.000000e+000
 1.852500e-001, 2.551921e+003, 6.837533e+002,-3.215243e+003, 4.357994e+001, 1.146605e+001,-1.217158e+002, 0.000000e+000, 0.000000e+000, 0.000000e+000, 0.000000e+000
 1.853000e-001, 2.509244e+003, 7.462952e+002,-3.235468e+003, 4.296551e+001, 9.790728e+000,-1.220611e+002, 0.000000e+000, 0.000000e+000, 0.000000e+000, 0.000000e+000
 1.853500e-001, 2.465560e+003, 8.087018e+002,-3.254513e+003, 4.234448e+001, 8.122242e+000,-1.223572e+002, 0.000000e+000, 0.000000e+000, 0.000000e+000, 0.000000e+000
 1.854000e-001, 2.421113e+003, 8.706923e+002,-3.272437e+003, 4.171725e+001, 6.461104e+000,-1.226037e+002, 0.000000e+000, 0.000000e+000, 0.000000e+000, 0.000000e+000
 1.854500e-001, 2.375688e+003, 9.324976e+002,-3.289165e+003, 4.108438e+001, 4.808208e+000,-1.228004e+002, 0.000000e+000, 0.000000e+000, 0.000000e+000, 0.000000e+000
 1.855000e-001, 2.329534e+003, 9.938497e+002,-3.304761e+003, 4.044621e+001, 3.163973e+000,-1.229469e+002, 0.000000e+000, 0.000000e+000, 0.000000e+000, 0.000000e+000
 1.855500e-001, 2.282433e+003, 1.054967e+003,-3.319149e+003, 3.980323e+001, 1.529231e+000,-1.230431e+002, 0.000000e+000, 0.000000e+000, 0.000000e+000, 0.000000e+000
 1.856000e-001, 2.234640e+003, 1.115594e+003,-3.332394e+003, 3.915575e+001,-9.568559e-002,-1.230888e+002, 0.000000e+000, 0.000000e+000, 0.000000e+000, 0.000000e+000
 1.856500e-001, 2.185931e+003, 1.175937e+003,-3.344421e+003, 3.850417e+001,-1.710009e+000,-1.230837e+002, 0.000000e+000, 0.000000e+000, 0.000000e+000, 0.000000e+000
 1.857000e-001, 2.136566e+003, 1.235755e+003,-3.355296e+003, 3.784877e+001,-3.313491e+000,-1.230278e+002, 0.000000e+000, 0.000000e+000, 0.000000e+000, 0.000000e+000
 1.857500e-001, 2.086321e+003, 1.295239e+003,-3.364945e+003, 3.718985e+001,-4.905429e+000,-1.229210e+002, 0.000000e+000, 0.000000e+000, 0.000000e+000, 0.000000e+000
 1.858000e-001, 2.035454e+003, 1.354163e+003,-3.373433e+003, 3.652766e+001,-6.485654e+000,-1.227632e+002, 0.000000e+000, 0.000000e+000, 0.000000e+000, 0.000000e+000
 1.858500e-001, 1.983745e+003, 1.412704e+003,-3.380688e+003, 3.586240e+001,-8.053531e+000,-1.225545e+002, 0.000000e+000, 0.000000e+000, 0.000000e+000, 0.000000e+000
 1.859000e-001, 1.931451e+003, 1.470653e+003,-3.386777e+003, 3.519430e+001,-9.608966e+000,-1.222948e+002, 0.000000e+000, 0.000000e+000, 0.000000e+000, 0.000000e+000
 1.859500e-001, 1.878353e+003, 1.528169e+003,-3.391629e+003, 3.452344e+001,-1.115139e+001,-1.219844e+002, 0.000000e+000, 0.000000e+000, 0.000000e+000, 0.000000e+000
 1.860000e-001, 1.824704e+003, 1.585059e+003,-3.395309e+003, 3.385004e+001,-1.268078e+001,-1.216232e+002, 0.000000e+000, 0.000000e+000, 0.000000e+000, 0.000000e+000
 1.860500e-001, 1.770295e+003, 1.641470e+003,-3.397749e+003, 3.317406e+001,-1.419662e+001,-1.212116e+002, 0.000000e+000, 0.000000e+000, 0.000000e+000, 0.000000e+000
 1.861000e-001, 1.715370e+003, 1.697222e+003,-3.399015e+003, 3.249570e+001,-1.569896e+001,-1.207495e+002, 0.000000e+000, 0.000000e+000, 0.000000e+000, 0.000000e+000
 1.861500e-001, 1.659728e+003, 1.752447e+003,-3.399039e+003, 3.181481e+001,-1.718736e+001,-1.202375e+002, 0.000000e+000, 0.000000e+000, 0.000000e+000, 0.000000e+000
 1.862000e-001, 1.603604e+003, 1.806983e+003,-3.397888e+003, 3.113159e+001,-1.866191e+001,-1.196756e+002, 0.000000e+000, 0.000000e+000, 0.000000e+000, 0.000000e+000
 1.862500e-001, 1.546810e+003, 1.860946e+003,-3.395496e+003, 3.044576e+001,-2.012222e+001,-1.190642e+002, 0.000000e+000, 0.000000e+000, 0.000000e+000, 0.000000e+000
 1.863000e-001, 1.489567e+003, 1.914188e+003,-3.391929e+003, 2.975752e+001,-2.156845e+001,-1.184037e+002, 0.000000e+000, 0.000000e+000, 0.000000e+000, 0.000000e+000
 1.863500e-001, 1.431703e+003, 1.966812e+003,-3.387123e+003, 2.906647e+001,-2.300027e+001,-1.176946e+002, 0.000000e+000, 0.000000e+000, 0.000000e+000, 0.000000e+000
 1.864000e-001, 1.373423e+003, 2.018686e+003,-3.381145e+003, 2.837282e+001,-2.441785e+001,-1.169372e+002, 0.000000e+000, 0.000000e+000, 0.000000e+000, 0.000000e+000
 1.864500e-001, 1.314574e+003, 2.069897e+003,-3.373931e+003, 2.767607e+001,-2.582093e+001,-1.161320e+002, 0.000000e+000, 0.000000e+000, 0.000000e+000, 0.000000e+000
 1.865000e-001, 1.255339e+003, 2.120329e+003,-3.365549e+003, 2.697641e+001,-2.720972e+001,-1.152796e+002, 0.000000e+000, 0.000000e+000, 0.000000e+000, 0.000000e+000
 1.865500e-001, 1.195589e+003, 2.170055e+003,-3.355937e+003, 2.627326e+001,-2.858401e+001,-1.143805e+002, 0.000000e+000, 0.000000e+000, 0.000000e+000, 0.000000e+000
 1.866000e-001, 1.135484e+003, 2.218973e+003,-3.345163e+003, 2.556680e+001,-2.994402e+001,-1.134354e+002, 0.000000e+000, 0.000000e+000, 0.000000e+000, 0.000000e+000
 1.866500e-001, 1.074919e+003, 2.267145e+003,-3.333166e+003, 2.485638e+001,-3.128959e+001,-1.124448e+002, 0.000000e+000, 0.000000e+000, 0.000000e+000, 0.000000e+000
 1.867000e-001, 1.014030e+003, 2.314479e+003,-3.320015e+003, 2.414218e+001,-3.262097e+001,-1.114093e+002, 0.000000e+000, 0.000000e+000, 0.000000e+000, 0.000000e+000
 1.867500e-001, 9.527378e+002, 2.361028e+003,-3.305648e+003, 2.342347e+001,-3.393802e+001,-1.103299e+002, 0.000000e+000, 0.000000e+000, 0.000000e+000, 0.000000e+000
 1.868000e-001, 8.911508e+002, 2.406712e+003,-3.290139e+003, 2.270043e+001,-3.524100e+001,-1.092070e+002, 0.000000e+000, 0.000000e+000, 0.000000e+000, 0.000000e+000
 1.868500e-001, 8.292184e+002, 2.451573e+003,-3.273423e+003, 2.197229e+001,-3.652981e+001,-1.080415e+002, 0.000000e+000, 0.000000e+000, 0.000000e+000, 0.000000e+000
 1.869000e-001, 7.670214e+002, 2.495541e+003,-3.255576e+003, 2.123923e+001,-3.780471e+001,-1.068343e+002, 0.000000e+000, 0.000000e+000, 0.000000e+000, 0.000000e+000
 1.869500e-001, 7.045375e+002, 2.538649e+003,-3.236535e+003, 2.050046e+001,-3.906562e+001,-1.055861e+002, 0.000000e+000, 0.000000e+000, 0.000000e+000, 0.000000e+000
 1.870000e-001, 6.418192e+002, 2.580839e+003,-3.216376e+003, 1.975613e+001,-4.031281e+001,-1.042977e+002, 0.000000e+000, 0.000000e+000, 0.000000e+000, 0.000000e+000
 1.870500e-001, 5.788725e+002, 2.622135e+003,-3.195035e+003, 1.900544e+001,-4.154622e+001,-1.029700e+002, 0.000000e+000, 0.000000e+000, 0.000000e+000, 0.000000e+000
 1.871000e-001, 5.157224e+002, 2.662486e+003,-3.172593e+003, 1.824855e+001,-4.276609e+001,-1.016040e+002, 0.000000e+000, 0.000000e+000, 0.000000e+000, 0.000000e+000
 1.871500e-001, 4.524023e+002, 2.701911e+003,-3.148982e+003, 1.748468e+001,-4.397239e+001,-1.002005e+002, 0.000000e+000, 0.000000e+000, 0.000000e+000, 0.000000e+000
 1.872000e-001, 3.889104e+002, 2.740365e+003,-3.124289e+003, 1.671395e+001,-4.516533e+001,-9.876051e+001, 0.000000e+000, 0.000000e+000, 0.000000e+000, 0.000000e+000
 1.872500e-001, 3.253063e+002, 2.777862e+003,-3.098442e+003, 1.593563e+001,-4.634490e+001,-9.728495e+001, 0.000000e+000, 0.000000e+000, 0.000000e+000, 0.000000e+000
 1.873000e-001, 2.615633e+002, 2.814365e+003,-3.071531e+003, 1.514982e+001,-4.751128e+001,-9.577478e+001, 0.000000e+000, 0.000000e+000, 0.000000e+000, 0.000000e+000
 1.873500e-001, 1.977649e+002, 2.849881e+003,-3.043484e+003, 1.435584e+001,-4.866447e+001,-9.423103e+001, 0.000000e+000, 0.000000e+000, 0.000000e+000, 0.000000e+000
 1.874000e-001, 1.338618e+002, 2.884381e+003,-3.014396e+003, 1.355379e+001,-4.980462e+001,-9.265465e+001, 0.000000e+000, 0.000000e+000, 0.000000e+000, 0.000000e+000
 1.874500e-001, 6.995869e+001, 2.917865e+003,-2.984189e+003, 1.274306e+001,-5.093171e+001,-9.104670e+001, 0.000000e+000, 0.000000e+000, 0.000000e+000, 0.000000e+000
 1.875000e-001, 5.986719e+000, 2.950311e+003,-2.952963e+003, 1.192371e+001,-5.204588e+001,-8.940815e+001, 0.000000e+000, 0.000000e+000, 0.000000e+000, 0.000000e+000
 1.875500e-001,-5.793162e+001, 2.981716e+003,-2.920639e+003, 1.109525e+001,-5.314710e+001,-8.774008e+001, 0.000000e+000, 0.000000e+000, 0.000000e+000, 0.000000e+000
 1.876000e-001,-1.218811e+002, 3.012061e+003,-2.887321e+003, 1.025770e+001,-5.423545e+001,-8.604348e+001, 0.000000e+000, 0.000000e+000, 0.000000e+000, 0.000000e+000
 1.876500e-001,-1.857253e+002, 3.041342e+003,-2.852926e+003, 9.410675e+000,-5.531091e+001,-8.431944e+001, 0.000000e+000, 0.000000e+000, 0.000000e+000, 0.000000e+000
 1.877000e-001,-2.495610e+002, 3.069543e+003,-2.817563e+003, 8.554187e+000,-5.637352e+001,-8.256893e+001, 0.000000e+000, 0.000000e+000, 0.000000e+000, 0.000000e+000
 1.877500e-001,-3.132420e+002, 3.096658e+003,-2.781146e+003, 7.687970e+000,-5.742321e+001,-8.079306e+001, 0.000000e+000, 0.000000e+000, 0.000000e+000, 0.000000e+000
 1.878000e-001,-3.768728e+002, 3.122674e+003,-2.743788e+003, 6.812012e+000,-5.846001e+001,-7.899281e+001, 0.000000e+000, 0.000000e+000, 0.000000e+000, 0.000000e+000
 1.878500e-001,-4.403019e+002, 3.147583e+003,-2.705402e+003, 5.926181e+000,-5.948380e+001,-7.716927e+001, 0.000000e+000, 0.000000e+000, 0.000000e+000, 0.000000e+000
 1.879000e-001,-5.036371e+002, 3.171377e+003,-2.666103e+003, 5.030447e+000,-6.049460e+001,-7.532341e+001, 0.000000e+000, 0.000000e+000, 0.000000e+000, 0.000000e+000
 1.879500e-001,-5.667260e+002, 3.194044e+003,-2.625802e+003, 4.124817e+000,-6.149223e+001,-7.345630e+001, 0.000000e+000, 0.000000e+000, 0.000000e+000, 0.000000e+000
 1.880000e-001,-6.296754e+002, 3.215582e+003,-2.584618e+003, 3.209249e+000,-6.247667e+001,-7.156892e+001, 0.000000e+000, 0.000000e+000, 0.000000e+000, 0.000000e+000
 1.880500e-001,-6.923364e+002, 3.235973e+003,-2.542460e+003, 2.283888e+000,-6.344771e+001,-6.966229e+001, 0.000000e+000, 0.000000e+000, 0.000000e+000, 0.000000e+000
 1.881000e-001,-7.548103e+002, 3.255224e+003,-2.499450e+003, 1.348690e+000,-6.440529e+001,-6.773740e+001, 0.000000e+000, 0.000000e+000, 0.000000e+000, 0.000000e+000
 1.881500e-001,-8.169562e+002, 3.273309e+003,-2.455497e+003, 4.039355e-001,-6.534914e+001,-6.579520e+001, 0.000000e+000, 0.000000e+000, 0.000000e+000, 0.000000e+000
 1.882000e-001,-8.788659e+002, 3.290245e+003,-2.410722e+003,-5.504133e-001,-6.627918e+001,-6.383670e+001, 0.000000e+000, 0.000000e+000, 0.000000e+000, 0.000000e+000
 1.882500e-001,-9.404102e+002, 3.305998e+003,-2.365036e+003,-1.513944e+000,-6.719507e+001,-6.186279e+001, 0.000000e+000, 0.000000e+000, 0.000000e+000, 0.000000e+000
 1.883000e-001,-1.001668e+003, 3.320594e+003,-2.318560e+003,-2.486680e+000,-6.809672e+001,-5.987444e+001, 0.000000e+000, 0.000000e+000, 0.000000e+000, 0.000000e+000
 1.883500e-001,-1.062525e+003, 3.333991e+003,-2.271207e+003,-3.468084e+000,-6.898370e+001,-5.787252e+001, 0.000000e+000, 0.000000e+000, 0.000000e+000, 0.000000e+000
 1.884000e-001,-1.123044e+003, 3.346226e+003,-2.223098e+003,-4.458157e+000,-6.985592e+001,-5.585796e+001, 0.000000e+000, 0.000000e+000, 0.000000e+000, 0.000000e+000
 1.884500e-001,-1.183128e+003, 3.357247e+003,-2.174147e+003,-5.456246e+000,-7.071286e+001,-5.383157e+001, 0.000000e+000, 0.000000e+000, 0.000000e+000, 0.000000e+000
 1.885000e-001,-1.242823e+003, 3.367103e+003,-2.124472e+003,-6.462318e+000,-7.155442e+001,-5.179427e+001, 0.000000e+000, 0.000000e+000, 0.000000e+000, 0.000000e+000
 1.885500e-001,-1.302052e+003, 3.375731e+003,-2.073993e+003,-7.475620e+000,-7.238001e+001,-4.974678e+001, 0.000000e+000, 0.000000e+000, 0.000000e+000, 0.000000e+000
 1.886000e-001,-1.360838e+003, 3.383195e+003,-2.022823e+003,-8.496075e+000,-7.318951e+001,-4.769001e+001, 0.000000e+000, 0.000000e+000, 0.000000e+000, 0.000000e+000
 1.886500e-001,-1.419127e+003, 3.389416e+003,-1.970890e+003,-9.522838e+000,-7.398225e+001,-4.562462e+001, 0.000000e+000, 0.000000e+000, 0.000000e+000, 0.000000e+000
 1.887000e-001,-1.476921e+003, 3.394475e+003,-1.918299e+003,-1.055578e+001,-7.475809e+001,-4.355149e+001, 0.000000e+000, 0.000000e+000, 0.000000e+000, 0.000000e+000
 1.887500e-001,-1.534190e+003, 3.398279e+003,-1.864986e+003,-1.159399e+001,-7.551629e+001,-4.147118e+001, 0.000000e+000, 0.000000e+000, 0.000000e+000, 0.000000e+000
 1.888000e-001,-1.590912e+003, 3.400927e+003,-1.811050e+003,-1.263728e+001,-7.625671e+001,-3.938457e+001, 0.000000e+000, 0.000000e+000, 0.000000e+000, 0.000000e+000
 1.888500e-001,-1.647078e+003, 3.402307e+003,-1.756434e+003,-1.368467e+001,-7.697852e+001,-3.729214e+001, 0.000000e+000, 0.000000e+000, 0.000000e+000, 0.000000e+000
 1.889000e-001,-1.702648e+003, 3.402540e+003,-1.701228e+003,-1.473590e+001,-7.768157e+001,-3.519474e+001, 0.000000e+000, 0.000000e+000, 0.000000e+000, 0.000000e+000
 1.889500e-001,-1.757634e+003, 3.401493e+003,-1.645388e+003,-1.578996e+001,-7.836497e+001,-3.309278e+001, 0.000000e+000, 0.000000e+000, 0.000000e+000, 0.000000e+000
 1.890000e-001,-1.811973e+003, 3.399310e+003,-1.588993e+003,-1.684653e+001,-7.902856e+001,-3.098707e+001, 0.000000e+000, 0.000000e+000, 0.000000e+000, 0.000000e+000
 1.890500e-001,-1.865701e+003, 3.395836e+003,-1.532010e+003,-1.790455e+001,-7.967138e+001,-2.887796e+001, 0.000000e+000, 0.000000e+000, 0.000000e+000, 0.000000e+000
 1.891000e-001,-1.918734e+003, 3.391239e+003,-1.474505e+003,-1.896363e+001,-8.029325e+001,-2.676623e+001, 0.000000e+000, 0.000000e+000, 0.000000e+000, 0.000000e+000
 1.891500e-001,-1.971127e+003, 3.385342e+003,-1.416460e+003,-2.002271e+001,-8.089317e+001,-2.465216e+001, 0.000000e+000, 0.000000e+000, 0.000000e+000, 0.000000e+000
 1.892000e-001,-2.022779e+003, 3.378338e+003,-1.357928e+003,-2.108130e+001,-8.147094e+001,-2.253650e+001, 0.000000e+000, 0.000000e+000, 0.000000e+000, 0.000000e+000
 1.892500e-001,-2.073763e+003, 3.370026e+003,-1.298905e+003,-2.213836e+001,-8.202552e+001,-2.041945e+001, 0.000000e+000, 0.000000e+000, 0.000000e+000, 0.000000e+000
 1.893000e-001,-2.123962e+003, 3.360624e+003,-1.239429e+003,-2.319333e+001,-8.255669e+001,-1.830176e+001, 0.000000e+000, 0.000000e+000, 0.000000e+000, 0.000000e+000
 1.893500e-001,-2.173465e+003, 3.349907e+003,-1.179514e+003,-2.424516e+001,-8.306339e+001,-1.618357e+001, 0.000000e+000, 0.000000e+000, 0.000000e+000, 0.000000e+000
 1.894000e-001,-2.222140e+003, 3.338120e+003,-1.119179e+003,-2.529323e+001,-8.354537e+001,-1.406557e+001, 0.000000e+000, 0.000000e+000, 0.000000e+000, 0.000000e+000
 1.894500e-001,-2.270091e+003, 3.325014e+003,-1.058456e+003,-2.633651e+001,-8.400156e+001,-1.194788e+001, 0.000000e+000, 0.000000e+000, 0.000000e+000, 0.000000e+000
 1.895000e-001,-2.317175e+003, 3.310858e+003,-9.973492e+002,-2.737432e+001,-8.443170e+001,-9.831156e+000, 0.000000e+000, 0.000000e+000, 0.000000e+000, 0.000000e+000
 1.895500e-001,-2.363505e+003, 3.295381e+003,-9.359053e+002,-2.840566e+001,-8.483471e+001,-7.715477e+000, 0.000000e+000, 0.000000e+000, 0.000000e+000, 0.000000e+000
 1.896000e-001,-2.408931e+003, 3.278875e+003,-8.741138e+002,-2.942979e+001,-8.521028e+001,-5.601460e+000, 0.000000e+000, 0.000000e+000, 0.000000e+000, 0.000000e+000
 1.896500e-001,-2.453575e+003, 3.261049e+003,-8.120369e+002,-3.044574e+001,-8.555740e+001,-3.489168e+000, 0.000000e+000, 0.000000e+000, 0.000000e+000, 0.000000e+000
 1.897000e-001,-2.497280e+003, 3.242217e+003,-7.496488e+002,-3.145271e+001,-8.587569e+001,-1.379179e+000, 0.000000e+000, 0.000000e+000, 0.000000e+000, 0.000000e+000
 1.897500e-001,-2.540173e+003, 3.222067e+003,-6.870273e+002,-3.244980e+001,-8.616418e+001, 7.284543e-001, 0.000000e+000, 0.000000e+000, 0.000000e+000, 0.000000e+000
 1.898000e-001,-2.582095e+003, 3.200934e+003,-6.241318e+002,-3.343616e+001,-8.642249e+001, 2.833191e+000, 0.000000e+000, 0.000000e+000, 0.000000e+000, 0.000000e+000
 1.898500e-001,-2.623176e+003, 3.178490e+003,-5.610548e+002,-3.441092e+001,-8.664969e+001, 4.934978e+000, 0.000000e+000, 0.000000e+000, 0.000000e+000, 0.000000e+000
 1.899000e-001,-2.663257e+003, 3.155084e+003,-4.977417e+002,-3.537323e+001,-8.684535e+001, 7.033310e+000, 0.000000e+000, 0.000000e+000, 0.000000e+000, 0.000000e+000
 1.899500e-001,-2.702466e+003, 3.130378e+003,-4.342986e+002,-3.632224e+001,-8.700862e+001, 9.128120e+000, 0.000000e+000, 0.000000e+000, 0.000000e+000, 0.000000e+000
 1.900000e-001,-2.740649e+003, 3.104734e+003,-3.706584e+002,-3.725709e+001,-8.713905e+001, 1.121894e+001, 0.000000e+000, 0.000000e+000, 0.000000e+000, 0.000000e+000
 1.900500e-001,-2.777931e+003, 3.077802e+003,-3.069389e+002,-3.817700e+001,-8.723587e+001, 1.330568e+001, 0.000000e+000, 0.000000e+000, 0.000000e+000, 0.000000e+000
 1.901000e-001,-2.814161e+003, 3.049954e+003,-2.430626e+002,-3.908109e+001,-8.729858e+001, 1.538790e+001, 0.000000e+000, 0.000000e+000, 0.000000e+000, 0.000000e+000
 1.901500e-001,-2.849463e+003, 3.020836e+003,-1.791569e+002,-3.996862e+001,-8.732655e+001, 1.746548e+001, 0.000000e+000, 0.000000e+000, 0.000000e+000, 0.000000e+000
 1.902000e-001,-2.883688e+003, 2.990822e+003,-1.151355e+002,-4.083875e+001,-8.731922e+001, 1.953802e+001, 0.000000e+000, 0.000000e+000, 0.000000e+000, 0.000000e+000
 1.902500e-001,-2.916959e+003, 2.959561e+003,-5.113364e+001,-4.169076e+001,-8.727610e+001, 2.160534e+001, 0.000000e+000, 0.000000e+000, 0.000000e+000, 0.000000e+000
 1.903000e-001,-2.949132e+003, 2.927424e+003, 1.294142e+001,-4.252384e+001,-8.719659e+001, 2.366708e+001, 0.000000e+000, 0.000000e+000, 0.000000e+000, 0.000000e+000
 1.903500e-001,-2.980323e+003, 2.894065e+003, 7.694921e+001,-4.333733e+001,-8.708033e+001, 2.572300e+001, 0.000000e+000, 0.000000e+000, 0.000000e+000, 0.000000e+000
 1.904000e-001,-3.010397e+003, 2.859850e+003, 1.409866e+002,-4.413044e+001,-8.692670e+001, 2.777276e+001, 0.000000e+000, 0.000000e+000, 0.000000e+000, 0.000000e+000
 1.904500e-001,-3.039465e+003, 2.824443e+003, 2.049103e+002,-4.490257e+001,-8.673548e+001, 2.981608e+001, 0.000000e+000, 0.000000e+000, 0.000000e+000, 0.000000e+000
 1.905000e-001,-3.067396e+003, 2.788197e+003, 2.688189e+002,-4.565297e+001,-8.650603e+001, 3.185262e+001, 0.000000e+000, 0.000000e+000, 0.000000e+000, 0.000000e+000
 1.905500e-001,-3.094299e+003, 2.750794e+003, 3.325685e+002,-4.638108e+001,-8.623831e+001, 3.388205e+001, 0.000000e+000, 0.000000e+000, 0.000000e+000, 0.000000e+000
 1.906000e-001,-3.120047e+003, 2.712569e+003, 3.962573e+002,-4.708621e+001,-8.593163e+001, 3.590404e+001, 0.000000e+000, 0.000000e+000, 0.000000e+000, 0.000000e+000
 1.906500e-001,-3.144746e+003, 2.673224e+003, 4.597434e+002,-4.776786e+001,-8.558614e+001, 3.791818e+001, 0.000000e+000, 0.000000e+000, 0.000000e+000, 0.000000e+000
 1.907000e-001,-3.168275e+003, 2.633073e+003, 5.231219e+002,-4.842539e+001,-8.520113e+001, 3.992417e+001, 0.000000e+000, 0.000000e+000, 0.000000e+000, 0.000000e+000
 1.907500e-001,-3.190734e+003, 2.591846e+003, 5.862552e+002,-4.905835e+001,-8.477689e+001, 4.192152e+001, 0.000000e+000, 0.000000e+000, 0.000000e+000, 0.000000e+000
 1.908000e-001,-3.212009e+003, 2.549826e+003, 6.492335e+002,-4.966617e+001,-8.431276e+001, 4.390992e+001, 0.000000e+000, 0.000000e+000, 0.000000e+000, 0.000000e+000
 1.908500e-001,-3.232196e+003, 2.506776e+003, 7.119254e+002,-5.024845e+001,-8.380919e+001, 4.588882e+001, 0.000000e+000, 0.000000e+000, 0.000000e+000, 0.000000e+000
 1.909000e-001,-3.251185e+003, 2.462946e+003, 7.744142e+002,-5.080471e+001,-8.326550e+001, 4.785791e+001, 0.000000e+000, 0.000000e+000, 0.000000e+000, 0.000000e+000
 1.909500e-001,-3.269072e+003, 2.418137e+003, 8.365767e+002,-5.133458e+001,-8.268233e+001, 4.981658e+001, 0.000000e+000, 0.000000e+000, 0.000000e+000, 0.000000e+000
 1.910000e-001,-3.285747e+003, 2.372560e+003, 8.984875e+002,-5.183766e+001,-8.205903e+001, 5.176450e+001, 0.000000e+000, 0.000000e+000, 0.000000e+000, 0.000000e+000
 1.910500e-001,-3.301307e+003, 2.326057e+003, 9.600331e+002,-5.231366e+001,-8.139639e+001, 5.370097e+001, 0.000000e+000, 0.000000e+000, 0.000000e+000, 0.000000e+000
 1.911000e-001,-3.315645e+003, 2.278798e+003, 1.021278e+003,-5.276223e+001,-8.069379e+001, 5.562567e+001, 0.000000e+000, 0.000000e+000, 0.000000e+000, 0.000000e+000
 1.911500e-001,-3.328855e+003, 2.230669e+003, 1.082121e+003,-5.318315e+001,-7.995219e+001, 5.753785e+001, 0.000000e+000, 0.000000e+000, 0.000000e+000, 0.000000e+000
 1.912000e-001,-3.340834e+003, 2.181795e+003, 1.142614e+003,-5.357616e+001,-7.917103e+001, 5.943714e+001, 0.000000e+000, 0.000000e+000, 0.000000e+000, 0.000000e+000
 1.912500e-001,-3.351675e+003, 2.132110e+003, 1.202667e+003,-5.394109e+001,-7.835138e+001, 6.132274e+001, 0.000000e+000, 0.000000e+000, 0.000000e+000, 0.000000e+000
 1.913000e-001,-3.361277e+003, 2.081692e+003, 1.262324e+003,-5.427776e+001,-7.749275e+001, 6.319425e+001, 0.000000e+000, 0.000000e+000, 0.000000e+000, 0.000000e+000
 1.913500e-001,-3.369733e+003, 2.030523e+003, 1.321503e+003,-5.458608e+001,-7.659637e+001, 6.505083e+001, 0.000000e+000, 0.000000e+000, 0.000000e+000, 0.000000e+000
 1.914000e-001,-3.376943e+003, 1.978633e+003, 1.380238e+003,-5.486593e+001,-7.566180e+001, 6.689204e+001, 0.000000e+000, 0.000000e+000, 0.000000e+000, 0.000000e+000
 1.914500e-001,-3.383001e+003, 1.926054e+003, 1.438461e+003,-5.511729e+001,-7.469038e+001, 6.871700e+001, 0.000000e+000, 0.000000e+000, 0.000000e+000, 0.000000e+000
 1.915000e-001,-3.387810e+003, 1.872766e+003, 1.496192e+003,-5.534012e+001,-7.368179e+001, 7.052522e+001, 0.000000e+000, 0.000000e+000, 0.000000e+000, 0.000000e+000
 1.915500e-001,-3.391459e+003, 1.818854e+003, 1.553376e+003,-5.553448e+001,-7.263743e+001, 7.231580e+001, 0.000000e+000, 0.000000e+000, 0.000000e+000, 0.000000e+000
 1.916000e-001,-3.393859e+003, 1.764245e+003, 1.610022e+003,-5.570038e+001,-7.155711e+001, 7.408819e+001, 0.000000e+000, 0.000000e+000, 0.000000e+000, 0.000000e+000
 1.916500e-001,-3.395094e+003, 1.709075e+003, 1.666086e+003,-5.583799e+001,-7.044231e+001, 7.584148e+001, 0.000000e+000, 0.000000e+000, 0.000000e+000, 0.000000e+000
 1.917000e-001,-3.395080e+003, 1.653225e+003, 1.721568e+003,-5.594735e+001,-6.929292e+001, 7.757508e+001, 0.000000e+000, 0.000000e+000, 0.000000e+000, 0.000000e+000
 1.917500e-001,-3.393899e+003, 1.596878e+003, 1.776432e+003,-5.602872e+001,-6.811051e+001, 7.928806e+001, 0.000000e+000, 0.000000e+000, 0.000000e+000, 0.000000e+000
 1.918000e-001,-3.391471e+003, 1.539867e+003, 1.830672e+003,-5.608221e+001,-6.689510e+001, 8.097974e+001, 0.000000e+000, 0.000000e+000, 0.000000e+000, 0.000000e+000
 1.918500e-001,-3.387874e+003, 1.482422e+003, 1.884259e+003,-5.610816e+001,-6.564827e+001, 8.264924e+001, 0.000000e+000, 0.000000e+000, 0.000000e+000, 0.000000e+000
 1.919000e-001,-3.383036e+003, 1.424333e+003, 1.937182e+003,-5.610670e+001,-6.437017e+001, 8.429581e+001, 0.000000e+000, 0.000000e+000, 0.000000e+000, 0.000000e+000
 1.919500e-001,-3.377025e+003, 1.365873e+003, 1.989415e+003,-5.607832e+001,-6.306243e+001, 8.591856e+001, 0.000000e+000, 0.000000e+000, 0.000000e+000, 0.000000e+000
 1.920000e-001,-3.369784e+003, 1.306789e+003, 2.040945e+003,-5.602312e+001,-6.172532e+001, 8.751670e+001, 0.000000e+000, 0.000000e+000, 0.000000e+000, 0.000000e+000
 1.920500e-001,-3.361368e+003, 1.247396e+003, 2.091752e+003,-5.594173e+001,-6.036045e+001, 8.908936e+001, 0.000000e+000, 0.000000e+000, 0.000000e+000, 0.000000e+000
 1.921000e-001,-3.351734e+003, 1.187403e+003, 2.141817e+003,-5.583426e+001,-5.896825e+001, 9.063570e+001, 0.000000e+000, 0.000000e+000, 0.000000e+000, 0.000000e+000
 1.921500e-001,-3.340923e+003, 1.127162e+003, 2.191124e+003,-5.570143e+001,-5.755032e+001, 9.215485e+001, 0.000000e+000, 0.000000e+000, 0.000000e+000, 0.000000e+000
 1.922000e-001,-3.328909e+003, 1.066348e+003, 2.239656e+003,-5.554339e+001,-5.610719e+001, 9.364593e+001, 0.000000e+000, 0.000000e+000, 0.000000e+000, 0.000000e+000
 1.922500e-001,-3.315718e+003, 1.005343e+003, 2.287392e+003,-5.536094e+001,-5.464045e+001, 9.510811e+001, 0.000000e+000, 0.000000e+000, 0.000000e+000, 0.000000e+000
 1.923000e-001,-3.301342e+003, 9.437942e+002, 2.334321e+003,-5.515423e+001,-5.315076e+001, 9.654047e+001, 0.000000e+000, 0.000000e+000, 0.000000e+000, 0.000000e+000
 1.923500e-001,-3.285787e+003, 8.821116e+002, 2.380420e+003,-5.492416e+001,-5.163966e+001, 9.794219e+001, 0.000000e+000, 0.000000e+000, 0.000000e+000, 0.000000e+000
 1.924000e-001,-3.269069e+003, 8.199181e+002, 2.425680e+003,-5.467091e+001,-5.010794e+001, 9.931234e+001, 0.000000e+000, 0.000000e+000, 0.000000e+000, 0.000000e+000
 1.924500e-001,-3.251173e+003, 7.576445e+002, 2.470076e+003,-5.439544e+001,-4.855707e+001, 1.006501e+002, 0.000000e+000, 0.000000e+000, 0.000000e+000, 0.000000e+000
 1.925000e-001,-3.232138e+003, 6.948958e+002, 2.513604e+003,-5.409792e+001,-4.698796e+001, 1.019546e+002, 0.000000e+000, 0.000000e+000, 0.000000e+000, 0.000000e+000
 1.925500e-001,-3.211924e+003, 6.321185e+002, 2.556233e+003,-5.377940e+001,-4.540200e+001, 1.032250e+002, 0.000000e+000, 0.000000e+000, 0.000000e+000, 0.000000e+000
 1.926000e-001,-3.190598e+003, 5.689052e+002, 2.597969e+003,-5.344007e+001,-4.380022e+001, 1.044603e+002, 0.000000e+000, 0.000000e+000, 0.000000e+000, 0.000000e+000
 1.926500e-001,-3.168095e+003, 5.057122e+002, 2.638769e+003,-5.308101e+001,-4.218392e+001, 1.056599e+002, 0.000000e+000, 0.000000e+000, 0.000000e+000, 0.000000e+000
 1.927000e-001,-3.144509e+003, 4.421250e+002, 2.678653e+003,-5.270242e+001,-4.055422e+001, 1.068227e+002, 0.000000e+000, 0.000000e+000, 0.000000e+000, 0.000000e+000
 1.927500e-001,-3.119749e+003, 3.786048e+002, 2.717568e+003,-5.230543e+001,-3.891233e+001, 1.079481e+002, 0.000000e+000, 0.000000e+000, 0.000000e+000, 0.000000e+000
 1.928000e-001,-3.093936e+003, 3.147352e+002, 2.755543e+003,-5.189024e+001,-3.725946e+001, 1.090352e+002, 0.000000e+000, 0.000000e+000, 0.000000e+000, 0.000000e+000
 1.928500e-001,-3.066952e+003, 2.509766e+002, 2.792517e+003,-5.145802e+001,-3.559671e+001, 1.100832e+002, 0.000000e+000, 0.000000e+000, 0.000000e+000, 0.000000e+000
 1.929000e-001,-3.038950e+003, 1.869161e+002, 2.828530e+003,-5.100896e+001,-3.392536e+001, 1.110912e+002, 0.000000e+000, 0.000000e+000, 0.000000e+000, 0.000000e+000
 1.929500e-001,-3.009782e+003, 1.230081e+002, 2.863510e+003,-5.054424e+001,-3.224641e+001, 1.120586e+002, 0.000000e+000, 0.000000e+000, 0.000000e+000, 0.000000e+000
 1.930000e-001,-2.979630e+003, 5.884838e+001, 2.897509e+003,-5.006407e+001,-3.056118e+001, 1.129846e+002, 0.000000e+000, 0.000000e+000, 0.000000e+000, 0.000000e+000
 1.930500e-001,-2.948319e+003,-5.119605e+000, 2.930447e+003,-4.956962e+001,-2.887058e+001, 1.138685e+002, 0.000000e+000, 0.000000e+000, 0.000000e+000, 0.000000e+000
 1.931000e-001,-2.916060e+003,-6.928708e+001, 2.962382e+003,-4.906110e+001,-2.717596e+001, 1.147094e+002, 0.000000e+000, 0.000000e+000, 0.000000e+000, 0.000000e+000
 1.931500e-001,-2.882652e+003,-1.332257e+002, 2.993230e+003,-4.853967e+001,-2.547811e+001, 1.155070e+002, 0.000000e+000, 0.000000e+000, 0.000000e+000, 0.000000e+000
 1.932000e-001,-2.848332e+003,-1.973096e+002, 3.023057e+003,-4.800554e+001,-2.377842e+001, 1.162602e+002, 0.000000e+000, 0.000000e+000, 0.000000e+000, 0.000000e+000
 1.932500e-001,-2.812873e+003,-2.611295e+002, 3.051772e+003,-4.745982e+001,-2.207755e+001, 1.169687e+002, 0.000000e+000, 0.000000e+000, 0.000000e+000, 0.000000e+000
 1.933000e-001,-2.776541e+003,-3.250387e+002, 3.079447e+003,-4.690275e+001,-2.037691e+001, 1.176316e+002, 0.000000e+000, 0.000000e+000, 0.000000e+000, 0.000000e+000
 1.933500e-001,-2.739083e+003,-3.886507e+002, 3.105988e+003,-4.633538e+001,-1.867705e+001, 1.182486e+002, 0.000000e+000, 0.000000e+000, 0.000000e+000, 0.000000e+000
 1.934000e-001,-2.700791e+003,-4.522946e+002, 3.131471e+003,-4.575795e+001,-1.697936e+001, 1.188189e+002, 0.000000e+000, 0.000000e+000, 0.000000e+000, 0.000000e+000
 1.934500e-001,-2.661389e+003,-5.156097e+002, 3.155800e+003,-4.517144e+001,-1.528430e+001, 1.193422e+002, 0.000000e+000, 0.000000e+000, 0.000000e+000, 0.000000e+000
 1.935000e-001,-2.621191e+003,-5.788984e+002, 3.179055e+003,-4.457611e+001,-1.359322e+001, 1.198178e+002, 0.000000e+000, 0.000000e+000, 0.000000e+000, 0.000000e+000
 1.935500e-001,-2.579902e+003,-6.418281e+002, 3.201137e+003,-4.397285e+001,-1.190649e+001, 1.202453e+002, 0.000000e+000, 0.000000e+000, 0.000000e+000, 0.000000e+000
 1.936000e-001,-2.537855e+003,-7.046721e+002, 3.222129e+003,-4.336192e+001,-1.022543e+001, 1.206243e+002, 0.000000e+000, 0.000000e+000, 0.000000e+000, 0.000000e+000
 1.936500e-001,-2.494739e+003,-7.671282e+002, 3.241935e+003,-4.274414e+001,-8.550296e+000, 1.209543e+002, 0.000000e+000, 0.000000e+000, 0.000000e+000, 0.000000e+000
 1.937000e-001,-2.450902e+003,-8.294390e+002, 3.260632e+003,-4.211975e+001,-6.882361e+000, 1.212351e+002, 0.000000e+000, 0.000000e+000, 0.000000e+000, 0.000000e+000
 1.937500e-001,-2.406022e+003,-8.913339e+002, 3.278133e+003,-4.148946e+001,-5.221795e+000, 1.214662e+002, 0.000000e+000, 0.000000e+000, 0.000000e+000, 0.000000e+000
 1.938000e-001,-2.360459e+003,-9.530239e+002, 3.294508e+003,-4.085355e+001,-3.569814e+000, 1.216475e+002, 0.000000e+000, 0.000000e+000, 0.000000e+000, 0.000000e+000
 1.938500e-001,-2.313879e+003,-1.014271e+003, 3.309679e+003,-4.021259e+001,-1.926499e+000, 1.217785e+002, 0.000000e+000, 0.000000e+000, 0.000000e+000, 0.000000e+000
 1.939000e-001,-2.266655e+003,-1.075253e+003, 3.323708e+003,-3.956686e+001,-2.930017e-001, 1.218592e+002, 0.000000e+000, 0.000000e+000, 0.000000e+000, 0.000000e+000
 1.939500e-001,-2.218444e+003,-1.135766e+003, 3.336527e+003,-3.891684e+001, 1.330680e+000, 1.218892e+002, 0.000000e+000, 0.000000e+000, 0.000000e+000, 0.000000e+000
 1.940000e-001,-2.169626e+003,-1.195955e+003, 3.348189e+003,-3.826276e+001, 2.943465e+000, 1.218686e+002, 0.000000e+000, 0.000000e+000, 0.000000e+000, 0.000000e+000
 1.940500e-001,-2.119854e+003,-1.255649e+003, 3.358639e+003,-3.760501e+001, 4.545431e+000, 1.217971e+002, 0.000000e+000, 0.000000e+000, 0.000000e+000, 0.000000e+000
 1.941000e-001,-2.069511e+003,-1.314961e+003, 3.367915e+003,-3.694383e+001, 6.135572e+000, 1.216747e+002, 0.000000e+000, 0.000000e+000, 0.000000e+000, 0.000000e+000
 1.941500e-001,-2.018250e+003,-1.373752e+003, 3.375980e+003,-3.627946e+001, 7.714032e+000, 1.215013e+002, 0.000000e+000, 0.000000e+000, 0.000000e+000, 0.000000e+000
 1.942000e-001,-1.966455e+003,-1.432102e+003, 3.382857e+003,-3.561213e+001, 9.279889e+000, 1.212772e+002, 0.000000e+000, 0.000000e+000, 0.000000e+000, 0.000000e+000
 1.942500e-001,-1.913779e+003,-1.489907e+003, 3.388526e+003,-3.494197e+001, 1.083334e+001, 1.210020e+002, 0.000000e+000, 0.000000e+000, 0.000000e+000, 0.000000e+000
 1.943000e-001,-1.860607e+003,-1.547215e+003, 3.392992e+003,-3.426920e+001, 1.237356e+001, 1.206762e+002, 0.000000e+000, 0.000000e+000, 0.000000e+000, 0.000000e+000
 1.943500e-001,-1.806592e+003,-1.603953e+003, 3.396257e+003,-3.359384e+001, 1.390078e+001, 1.202997e+002, 0.000000e+000, 0.000000e+000, 0.000000e+000, 0.000000e+000
 1.944000e-001,-1.752117e+003,-1.660138e+003, 3.398304e+003,-3.291606e+001, 1.541426e+001, 1.198728e+002, 0.000000e+000, 0.000000e+000, 0.000000e+000, 0.000000e+000
 1.944500e-001,-1.696843e+003,-1.715728e+003, 3.399160e+003,-3.223581e+001, 1.691429e+001, 1.193956e+002, 0.000000e+000, 0.000000e+000, 0.000000e+000, 0.000000e+000
 1.945000e-001,-1.641144e+003,-1.770711e+003, 3.398786e+003,-3.155321e+001, 1.840019e+001, 1.188686e+002, 0.000000e+000, 0.000000e+000, 0.000000e+000, 0.000000e+000
 1.945500e-001,-1.584689e+003,-1.825076e+003, 3.397230e+003,-3.086812e+001, 1.987230e+001, 1.182917e+002, 0.000000e+000, 0.000000e+000, 0.000000e+000, 0.000000e+000
 1.946000e-001,-1.527847e+003,-1.878780e+003, 3.394434e+003,-3.018063e+001, 2.133002e+001, 1.176656e+002, 0.000000e+000, 0.000000e+000, 0.000000e+000, 0.000000e+000
 1.946500e-001,-1.470293e+003,-1.931841e+003, 3.390469e+003,-2.949052e+001, 2.277371e+001, 1.169904e+002, 0.000000e+000, 0.000000e+000, 0.000000e+000, 0.000000e+000
 1.947000e-001,-1.412388e+003,-1.984191e+003, 3.385253e+003,-2.879784e+001, 2.420285e+001, 1.162669e+002, 0.000000e+000, 0.000000e+000, 0.000000e+000, 0.000000e+000
 1.947500e-001,-1.353817e+003,-2.035874e+003, 3.378884e+003,-2.810229e+001, 2.561783e+001, 1.154951e+002, 0.000000e+000, 0.000000e+000, 0.000000e+000, 0.000000e+000
 1.948000e-001,-1.294933e+003,-2.086797e+003, 3.371256e+003,-2.740389e+001, 2.701819e+001, 1.146759e+002, 0.000000e+000, 0.000000e+000, 0.000000e+000, 0.000000e+000
 1.948500e-001,-1.235430e+003,-2.137028e+003, 3.362491e+003,-2.670229e+001, 2.840433e+001, 1.138095e+002, 0.000000e+000, 0.000000e+000, 0.000000e+000, 0.000000e+000
 1.949000e-001,-1.175651e+003,-2.186452e+003, 3.352462e+003,-2.599745e+001, 2.977586e+001, 1.128968e+002, 0.000000e+000, 0.000000e+000, 0.000000e+000, 0.000000e+000
 1.949500e-001,-1.115300e+003,-2.235160e+003, 3.341312e+003,-2.528898e+001, 3.113319e+001, 1.119380e+002, 0.000000e+000, 0.000000e+000, 0.000000e+000, 0.000000e+000
 1.950000e-001,-1.054712e+003,-2.283015e+003, 3.328895e+003,-2.457681e+001, 3.247599e+001, 1.109342e+002, 0.000000e+000, 0.000000e+000, 0.000000e+000, 0.000000e+000
 1.950500e-001,-9.936004e+002,-2.330131e+003, 3.315375e+003,-2.386050e+001, 3.380466e+001, 1.098857e+002, 0.000000e+000, 0.000000e+000, 0.000000e+000, 0.000000e+000
 1.951000e-001,-9.322895e+002,-2.376350e+003, 3.300588e+003,-2.313996e+001, 3.511895e+001, 1.087934e+002, 0.000000e+000, 0.000000e+000, 0.000000e+000, 0.000000e+000
 1.951500e-001,-8.705045e+002,-2.421806e+003, 3.284716e+003,-2.241472e+001, 3.641922e+001, 1.076580e+002, 0.000000e+000, 0.000000e+000, 0.000000e+000, 0.000000e+000
 1.952000e-001,-8.085586e+002,-2.466324e+003, 3.267580e+003,-2.168467e+001, 3.770527e+001, 1.064803e+002, 0.000000e+000, 0.000000e+000, 0.000000e+000, 0.000000e+000
 1.952500e-001,-7.461882e+002,-2.510055e+003, 3.249379e+003,-2.094930e+001, 3.897747e+001, 1.052609e+002, 0.000000e+000, 0.000000e+000, 0.000000e+000, 0.000000e+000
 1.953000e-001,-6.836956e+002,-2.552810e+003, 3.229918e+003,-2.020850e+001, 4.023565e+001, 1.040010e+002, 0.000000e+000, 0.000000e+000, 0.000000e+000, 0.000000e+000
 1.953500e-001,-6.208286e+002,-2.594754e+003, 3.209412e+003,-1.946176e+001, 4.148014e+001, 1.027011e+002, 0.000000e+000, 0.000000e+000, 0.000000e+000, 0.000000e+000
 1.954000e-001,-5.578783e+002,-2.635684e+003, 3.187655e+003,-1.870894e+001, 4.271084e+001, 1.013623e+002, 0.000000e+000, 0.000000e+000, 0.000000e+000, 0.000000e+000
 1.954500e-001,-4.946042e+002,-2.675781e+003, 3.164872e+003,-1.794952e+001, 4.392803e+001, 9.998535e+001, 0.000000e+000, 0.000000e+000, 0.000000e+000, 0.000000e+000
 1.955000e-001,-4.312856e+002,-2.714829e+003, 3.140849e+003,-1.718341e+001, 4.513164e+001, 9.857131e+001, 0.000000e+000, 0.000000e+000, 0.000000e+000, 0.000000e+000
 1.955500e-001,-3.676945e+002,-2.753021e+003, 3.115821e+003,-1.641005e+001, 4.632192e+001, 9.712101e+001, 0.000000e+000, 0.000000e+000, 0.000000e+000, 0.000000e+000
 1.956000e-001,-3.040974e+002,-2.790132e+003, 3.089568e+003,-1.562938e+001, 4.749883e+001, 9.563548e+001, 0.000000e+000, 0.000000e+000, 0.000000e+000, 0.000000e+000
 1.956500e-001,-2.402798e+002,-2.826365e+003, 3.062328e+003,-1.484086e+001, 4.866256e+001, 9.411565e+001, 0.000000e+000, 0.000000e+000, 0.000000e+000, 0.000000e+000
 1.957000e-001,-1.764939e+002,-2.861485e+003, 3.033882e+003,-1.404445e+001, 4.981310e+001, 9.256255e+001, 0.000000e+000, 0.000000e+000, 0.000000e+000, 0.000000e+000
 1.957500e-001,-1.125405e+002,-2.895706e+003, 3.004470e+003,-1.323961e+001, 5.095061e+001, 9.097716e+001, 0.000000e+000, 0.000000e+000, 0.000000e+000, 0.000000e+000
 1.958000e-001,-4.865586e+001,-2.928787e+003, 2.973873e+003,-1.242637e+001, 5.207507e+001, 8.936048e+001, 0.000000e+000, 0.000000e+000, 0.000000e+000, 0.000000e+000
 1.958500e-001, 1.534230e+001,-2.960945e+003, 2.942329e+003,-1.160417e+001, 5.318660e+001, 8.771358e+001, 0.000000e+000, 0.000000e+000, 0.000000e+000, 0.000000e+000
 1.959000e-001, 7.923588e+001,-2.991940e+003, 2.909624e+003,-1.077314e+001, 5.428519e+001, 8.603742e+001, 0.000000e+000, 0.000000e+000, 0.000000e+000, 0.000000e+000
 1.959500e-001, 1.431879e+002,-3.021990e+003, 2.875994e+003,-9.932709e+000, 5.537089e+001, 8.433312e+001, 0.000000e+000, 0.000000e+000, 0.000000e+000, 0.000000e+000
 1.960000e-001, 2.070007e+002,-3.050854e+003, 2.841228e+003,-9.083079e+000, 5.644371e+001, 8.260162e+001, 0.000000e+000, 0.000000e+000, 0.000000e+000, 0.000000e+000
 1.960500e-001, 2.708156e+002,-3.078751e+003, 2.805558e+003,-8.223708e+000, 5.750364e+001, 8.084406e+001, 0.000000e+000, 0.000000e+000, 0.000000e+000, 0.000000e+000
 1.961000e-001, 3.344582e+002,-3.105444e+003, 2.768781e+003,-7.354882e+000, 5.855069e+001, 7.906137e+001, 0.000000e+000, 0.000000e+000, 0.000000e+000, 0.000000e+000
 1.961500e-001, 3.980454e+002,-3.131149e+003, 2.731123e+003,-6.476064e+000, 5.958476e+001, 7.725472e+001, 0.000000e+000, 0.000000e+000, 0.000000e+000, 0.000000e+000
 1.962000e-001, 4.614289e+002,-3.155631e+003, 2.692389e+003,-5.587650e+000, 6.060588e+001, 7.542497e+001, 0.000000e+000, 0.000000e+000, 0.000000e+000, 0.000000e+000
 1.962500e-001, 5.246981e+002,-3.179105e+003, 2.652795e+003,-4.689113e+000, 6.161389e+001, 7.357334e+001, 0.000000e+000, 0.000000e+000, 0.000000e+000, 0.000000e+000
 1.963000e-001, 5.877338e+002,-3.201343e+003, 2.612160e+003,-3.780961e+000, 6.260880e+001, 7.170065e+001, 0.000000e+000, 0.000000e+000, 0.000000e+000, 0.000000e+000
 1.963500e-001, 6.505950e+002,-3.222552e+003, 2.570687e+003,-2.862679e+000, 6.359037e+001, 6.980811e+001, 0.000000e+000, 0.000000e+000, 0.000000e+000, 0.000000e+000
 1.964000e-001, 7.131952e+002,-3.242512e+003, 2.528208e+003,-1.934896e+000, 6.455862e+001, 6.789650e+001, 0.000000e+000, 0.000000e+000, 0.000000e+000, 0.000000e+000
 1.964500e-001, 7.755594e+002,-3.261426e+003, 2.484916e+003,-9.971091e-001, 6.551324e+001, 6.596703e+001, 0.000000e+000, 0.000000e+000, 0.000000e+000, 0.000000e+000
 1.965000e-001, 8.376366e+002,-3.279080e+003, 2.440655e+003,-5.006957e-002, 6.645421e+001, 6.402044e+001, 0.000000e+000, 0.000000e+000, 0.000000e+000, 0.000000e+000
 1.965500e-001, 8.994153e+002,-3.295669e+003, 2.395605e+003, 9.067040e-001, 6.738117e+001, 6.205792e+001, 0.000000e+000, 0.000000e+000, 0.000000e+000, 0.000000e+000
 1.966000e-001, 9.608830e+002,-3.310992e+003, 2.349626e+003, 1.872344e+000, 6.829408e+001, 6.008017e+001, 0.000000e+000, 0.000000e+000, 0.000000e+000, 0.000000e+000
 1.966500e-001, 1.021989e+003,-3.325233e+003, 2.302883e+003, 2.847302e+000, 6.919250e+001, 5.808835e+001, 0.000000e+000, 0.000000e+000, 0.000000e+000, 0.000000e+000
 1.967000e-001, 1.082761e+003,-3.338202e+003, 2.255251e+003, 3.830601e+000, 7.007639e+001, 5.608312e+001, 0.000000e+000, 0.000000e+000, 0.000000e+000, 0.000000e+000
 1.967500e-001, 1.143107e+003,-3.350072e+003, 2.206883e+003, 4.822656e+000, 7.094521e+001, 5.406560e+001, 0.000000e+000, 0.000000e+000, 0.000000e+000, 0.000000e+000
 1.968000e-001, 1.203100e+003,-3.360668e+003, 2.157667e+003, 5.822385e+000, 7.179890e+001, 5.203640e+001, 0.000000e+000, 0.000000e+000, 0.000000e+000, 0.000000e+000
 1.968500e-001, 1.262601e+003,-3.370151e+003, 2.107742e+003, 6.830162e+000, 7.263689e+001, 4.999660e+001, 0.000000e+000, 0.000000e+000, 0.000000e+000, 0.000000e+000
 1.969000e-001, 1.321729e+003,-3.378358e+003, 2.057014e+003, 7.844810e+000, 7.345906e+001, 4.794678e+001, 0.000000e+000, 0.000000e+000, 0.000000e+000, 0.000000e+000
 1.969500e-001, 1.380303e+003,-3.385439e+003, 2.005604e+003, 8.866652e+000, 7.426479e+001, 4.588796e+001, 0.000000e+000, 0.000000e+000, 0.000000e+000, 0.000000e+000
 1.970000e-001, 1.438484e+003,-3.391245e+003, 1.953435e+003, 9.894436e+000, 7.505389e+001, 4.382067e+001, 0.000000e+000, 0.000000e+000, 0.000000e+000, 0.000000e+000
 1.970500e-001, 1.496046e+003,-3.395912e+003, 1.900615e+003, 1.092842e+001, 7.582574e+001, 4.174589e+001, 0.000000e+000, 0.000000e+000, 0.000000e+000, 0.000000e+000
 1.971000e-001, 1.553198e+003,-3.399308e+003, 1.847080e+003, 1.196728e+001, 7.658009e+001, 3.966409e+001, 0.000000e+000, 0.000000e+000, 0.000000e+000, 0.000000e+000
 1.971500e-001, 1.609669e+003,-3.401554e+003, 1.792926e+003, 1.301122e+001, 7.731626e+001, 3.757620e+001, 0.000000e+000, 0.000000e+000, 0.000000e+000, 0.000000e+000
 1.972000e-001, 1.665712e+003,-3.402534e+003, 1.738103e+003, 1.405886e+001, 7.803398e+001, 3.548265e+001, 0.000000e+000, 0.000000e+000, 0.000000e+000, 0.000000e+000
 1.972500e-001, 1.721011e+003,-3.402356e+003, 1.682691e+003, 1.511033e+001, 7.873252e+001, 3.338431e+001, 0.000000e+000, 0.000000e+000, 0.000000e+000, 0.000000e+000
 1.973000e-001, 1.775866e+003,-3.400918e+003, 1.626658e+003, 1.616423e+001, 7.941157e+001, 3.128156e+001, 0.000000e+000, 0.000000e+000, 0.000000e+000, 0.000000e+000
 1.973500e-001, 1.829917e+003,-3.398315e+003, 1.570070e+003, 1.722057e+001, 8.007035e+001, 2.917521e+001, 0.000000e+000, 0.000000e+000, 0.000000e+000, 0.000000e+000
 1.974000e-001, 1.883505e+003,-3.394459e+003, 1.512906e+003, 1.827798e+001, 8.070853e+001, 2.706561e+001, 0.000000e+000, 0.000000e+000, 0.000000e+000, 0.000000e+000
 1.974500e-001, 1.936233e+003,-3.389434e+003, 1.455223e+003, 1.933636e+001, 8.132529e+001, 2.495352e+001, 0.000000e+000, 0.000000e+000, 0.000000e+000, 0.000000e+000
 1.975000e-001, 1.988478e+003,-3.383166e+003, 1.397011e+003, 2.039436e+001, 8.192025e+001, 2.283923e+001, 0.000000e+000, 0.000000e+000, 0.000000e+000, 0.000000e+000
 1.975500e-001, 2.039809e+003,-3.375726e+003, 1.338315e+003, 2.145175e+001, 8.249261e+001, 2.072345e+001, 0.000000e+000, 0.000000e+000, 0.000000e+000, 0.000000e+000
 1.976000e-001, 2.090636e+003,-3.367052e+003, 1.279139e+003, 2.250724e+001, 8.304190e+001, 1.860643e+001, 0.000000e+000, 0.000000e+000, 0.000000e+000, 0.000000e+000
 1.976500e-001, 2.140500e+003,-3.357208e+003, 1.219513e+003, 2.356049e+001, 8.356732e+001, 1.648883e+001, 0.000000e+000, 0.000000e+000, 0.000000e+000, 0.000000e+000
 1.977000e-001, 2.189836e+003,-3.346141e+003, 1.159458e+003, 2.461025e+001, 8.406839e+001, 1.437087e+001, 0.000000e+000, 0.000000e+000, 0.000000e+000, 0.000000e+000
 1.977500e-001, 2.238162e+003,-3.333906e+003, 1.098989e+003, 2.565606e+001, 8.454429e+001, 1.225316e+001, 0.000000e+000, 0.000000e+000, 0.000000e+000, 0.000000e+000
 1.978000e-001, 2.285937e+003,-3.320460e+003, 1.038139e+003, 2.669676e+001, 8.499448e+001, 1.013589e+001, 0.000000e+000, 0.000000e+000, 0.000000e+000, 0.000000e+000
 1.978500e-001, 2.332659e+003,-3.305852e+003, 9.769138e+002, 2.773176e+001, 8.541819e+001, 8.019637e+000, 0.000000e+000, 0.000000e+000, 0.000000e+000, 0.000000e+000
 1.979000e-001, 2.378803e+003,-3.290045e+003, 9.153569e+002, 2.876000e+001, 8.581483e+001, 5.904544e+000, 0.000000e+000, 0.000000e+000, 0.000000e+000, 0.000000e+000
 1.979500e-001, 2.423856e+003,-3.273083e+003, 8.534621e+002, 2.978076e+001, 8.618362e+001, 3.791154e+000, 0.000000e+000, 0.000000e+000, 0.000000e+000, 0.000000e+000
 1.980000e-001, 2.468303e+003,-3.254938e+003, 7.912861e+002, 3.079309e+001, 8.652397e+001, 1.679596e+000, 0.000000e+000, 0.000000e+000, 0.000000e+000, 0.000000e+000
 1.980500e-001, 2.511625e+003,-3.235648e+003, 7.288103e+002, 3.179614e+001, 8.683514e+001,-4.296178e-001, 0.000000e+000, 0.000000e+000, 0.000000e+000, 0.000000e+000
 1.981000e-001, 2.554309e+003,-3.215189e+003, 6.661036e+002, 3.278908e+001, 8.711649e+001,-2.536381e+000, 0.000000e+000, 0.000000e+000, 0.000000e+000, 0.000000e+000
 1.981500e-001, 2.595840e+003,-3.193598e+003, 6.031361e+002, 3.377095e+001, 8.736732e+001,-4.640203e+000, 0.000000e+000, 0.000000e+000, 0.000000e+000, 0.000000e+000
 1.982000e-001, 2.636700e+003,-3.170854e+003, 5.399882e+002, 3.474106e+001, 8.758699e+001,-6.740991e+000, 0.000000e+000, 0.000000e+000, 0.000000e+000, 0.000000e+000
 1.982500e-001, 2.676383e+003,-3.146993e+003, 4.766185e+002, 3.569832e+001, 8.777482e+001,-8.838271e+000, 0.000000e+000, 0.000000e+000, 0.000000e+000, 0.000000e+000
 1.983000e-001, 2.715358e+003,-3.121996e+003, 4.131192e+002, 3.664217e+001, 8.793018e+001,-1.093196e+001, 0.000000e+000, 0.000000e+000, 0.000000e+000, 0.000000e+000
 1.983500e-001, 2.753137e+003,-3.095898e+003, 3.494376e+002, 3.757143e+001, 8.805244e+001,-1.302159e+001, 0.000000e+000, 0.000000e+000, 0.000000e+000, 0.000000e+000
 1.984000e-001, 2.790172e+003,-3.068684e+003, 2.856771e+002, 3.848568e+001, 8.814098e+001,-1.510708e+001, 0.000000e+000, 0.000000e+000, 0.000000e+000, 0.000000e+000
 1.984500e-001, 2.825995e+003,-3.040387e+003, 2.217740e+002, 3.938366e+001, 8.819520e+001,-1.718797e+001, 0.000000e+000, 0.000000e+000, 0.000000e+000, 0.000000e+000
 1.985000e-001, 2.861034e+003,-3.010994e+003, 1.578429e+002, 4.026505e+001, 8.821452e+001,-1.926417e+001, 0.000000e+000, 0.000000e+000, 0.000000e+000, 0.000000e+000
 1.985500e-001, 2.894852e+003,-2.980540e+003, 9.380912e+001, 4.112855e+001, 8.819839e+001,-2.133523e+001, 0.000000e+000, 0.000000e+000, 0.000000e+000, 0.000000e+000
 1.986000e-001, 2.927844e+003,-2.949009e+003, 2.979803e+001, 4.197396e+001, 8.814627e+001,-2.340103e+001, 0.000000e+000, 0.000000e+000, 0.000000e+000, 0.000000e+000
 1.986500e-001, 2.959609e+003,-2.916440e+003,-3.427558e+001, 4.279992e+001, 8.805767e+001,-2.546111e+001, 0.000000e+000, 0.000000e+000, 0.000000e+000, 0.000000e+000
 1.987000e-001, 2.990507e+003,-2.882817e+003,-9.827605e+001, 4.360637e+001, 8.793209e+001,-2.751536e+001, 0.000000e+000, 0.000000e+000, 0.000000e+000, 0.000000e+000
 1.987500e-001, 3.020174e+003,-2.848181e+003,-1.622986e+002, 4.439190e+001, 8.776910e+001,-2.956329e+001, 0.000000e+000, 0.000000e+000, 0.000000e+000, 0.000000e+000
 1.988000e-001, 3.048931e+003,-2.812515e+003,-2.261980e+002, 4.515657e+001, 8.756828e+001,-3.160475e+001, 0.000000e+000, 0.000000e+000, 0.000000e+000, 0.000000e+000
 1.988500e-001, 3.076459e+003,-2.775861e+003,-2.900787e+002, 4.589896e+001, 8.732924e+001,-3.363927e+001, 0.000000e+000, 0.000000e+000, 0.000000e+000, 0.000000e+000
 1.989000e-001, 3.103034e+003,-2.738202e+003,-3.537868e+002, 4.661921e+001, 8.705164e+001,-3.566665e+001, 0.000000e+000, 0.000000e+000, 0.000000e+000, 0.000000e+000
 1.989500e-001, 3.128383e+003,-2.699583e+003,-4.174352e+002, 4.731594e+001, 8.673517e+001,-3.768639e+001, 0.000000e+000, 0.000000e+000, 0.000000e+000, 0.000000e+000
 1.990000e-001, 3.152738e+003,-2.659986e+003,-4.808621e+002, 4.798937e+001, 8.637955e+001,-3.969826e+001, 0.000000e+000, 0.000000e+000, 0.000000e+000, 0.000000e+000
 1.990500e-001, 3.175872e+003,-2.619458e+003,-5.441880e+002, 4.863814e+001, 8.598457e+001,-4.170175e+001, 0.000000e+000, 0.000000e+000, 0.000000e+000, 0.000000e+000
 1.991000e-001, 3.197970e+003,-2.577980e+003,-6.072444e+002, 4.926254e+001, 8.555004e+001,-4.369657e+001, 0.000000e+000, 0.000000e+000, 0.000000e+000, 0.000000e+000
 1.991500e-001, 3.218856e+003,-2.535600e+003,-6.701583e+002, 4.986128e+001, 8.507581e+001,-4.568221e+001, 0.000000e+000, 0.000000e+000, 0.000000e+000, 0.000000e+000
 1.992000e-001, 3.238666e+003,-2.492302e+003,-7.327555e+002, 5.043471e+001, 8.456179e+001,-4.765831e+001, 0.000000e+000, 0.000000e+000, 0.000000e+000, 0.000000e+000
 1.992500e-001, 3.257272e+003,-2.448131e+003,-7.951682e+002, 5.098161e+001, 8.400790e+001,-4.962434e+001, 0.000000e+000, 0.000000e+000, 0.000000e+000, 0.000000e+000
 1.993000e-001, 3.274766e+003,-2.403075e+003,-8.572181e+002, 5.150236e+001, 8.341419e+001,-5.157990e+001, 0.000000e+000, 0.000000e+000, 0.000000e+000, 0.000000e+000
 1.993500e-001, 3.291066e+003,-2.357178e+003,-9.190414e+002, 5.199585e+001, 8.278064e+001,-5.352442e+001, 0.000000e+000, 0.000000e+000, 0.000000e+000, 0.000000e+000
 1.994000e-001, 3.306218e+003,-2.310429e+003,-9.804568e+002, 5.246250e+001, 8.210741e+001,-5.545744e+001, 0.000000e+000, 0.000000e+000, 0.000000e+000, 0.000000e+000
 1.994500e-001, 3.320187e+003,-2.262870e+003,-1.041603e+003, 5.290128e+001, 8.139456e+001,-5.737840e+001, 0.000000e+000, 0.000000e+000, 0.000000e+000, 0.000000e+000
 1.995000e-001, 3.332976e+003,-2.214497e+003,-1.102298e+003, 5.331267e+001, 8.064237e+001,-5.928674e+001, 0.000000e+000, 0.000000e+000, 0.000000e+000, 0.000000e+000
 1.995500e-001, 3.344593e+003,-2.165345e+003,-1.162681e+003, 5.369576e+001, 7.985098e+001,-6.118190e+001, 0.000000e+000, 0.000000e+000, 0.000000e+000, 0.000000e+000
 1.996000e-001, 3.354999e+003,-2.115417e+003,-1.222570e+003, 5.405101e+001, 7.902080e+001,-6.306326e+001, 0.000000e+000, 0.000000e+000, 0.000000e+000, 0.000000e+000
 1.996500e-001, 3.364246e+003,-2.064743e+003,-1.282105e+003, 5.437765e+001, 7.815205e+001,-6.493023e+001, 0.000000e+000, 0.000000e+000, 0.000000e+000, 0.000000e+000
 1.997000e-001, 3.372257e+003,-2.013333e+003,-1.341104e+003, 5.467618e+001, 7.724523e+001,-6.678214e+001, 0.000000e+000, 0.000000e+000, 0.000000e+000, 0.000000e+000
 1.997500e-001, 3.379118e+003,-1.961210e+003,-1.399705e+003, 5.494595e+001, 7.630067e+001,-6.861837e+001, 0.000000e+000, 0.000000e+000, 0.000000e+000, 0.000000e+000
 1.998000e-001, 3.384721e+003,-1.908392e+003,-1.457731e+003, 5.518746e+001, 7.531899e+001,-7.043819e+001, 0.000000e+000, 0.000000e+000, 0.000000e+000, 0.000000e+000
 1.998500e-001, 3.389185e+003,-1.854894e+003,-1.515317e+003, 5.540021e+001, 7.430058e+001,-7.224097e+001, 0.000000e+000, 0.000000e+000, 0.000000e+000, 0.000000e+000
 1.999000e-001, 3.392374e+003,-1.800745e+003,-1.572289e+003, 5.558470e+001, 7.324619e+001,-7.402591e+001, 0.000000e+000, 0.000000e+000, 0.000000e+000, 0.000000e+000
 1.999500e-001, 3.394433e+003,-1.745949e+003,-1.628778e+003, 5.574056e+001, 7.215628e+001,-7.579238e+001, 0.000000e+000, 0.000000e+000, 0.000000e+000, 0.000000e+000
 2.000000e-001, 3.395202e+003,-1.690547e+003,-1.684616e+003, 5.586832e+001, 7.103172e+001,-7.753952e+001, 0.000000e+000, 0.000000e+000, 0.000000e+000, 0.000000e+000
 2.000500e-001, 3.394852e+003,-1.634531e+003,-1.739928e+003, 5.596773e+001, 6.987302e+001,-7.926669e+001, 0.000000e+000, 0.000000e+000, 0.000000e+000, 0.000000e+000
 2.001000e-001, 3.393200e+003,-1.577956e+003,-1.794553e+003, 5.603932e+001, 6.868118e+001,-8.097297e+001, 0.000000e+000, 0.000000e+000, 0.000000e+000, 0.000000e+000
 2.001500e-001, 3.390439e+003,-1.520802e+003,-1.848610e+003, 5.608299e+001, 6.745677e+001,-8.265770e+001, 0.000000e+000, 0.000000e+000, 0.000000e+000, 0.000000e+000
 2.002000e-001, 3.386370e+003,-1.463134e+003,-1.901946e+003, 5.609926e+001, 6.620087e+001,-8.431995e+001, 0.000000e+000, 0.000000e+000, 0.000000e+000, 0.000000e+000
 2.002500e-001, 3.381201e+003,-1.404923e+003,-1.954672e+003, 5.608817e+001, 6.491416e+001,-8.595902e+001, 0.000000e+000, 0.000000e+000, 0.000000e+000, 0.000000e+000
 2.003000e-001, 3.374719e+003,-1.346247e+003,-2.006642e+003, 5.605025e+001, 6.359777e+001,-8.757396e+001, 0.000000e+000, 0.000000e+000, 0.000000e+000, 0.000000e+000
 2.003500e-001, 3.367148e+003,-1.287062e+003,-2.057963e+003, 5.598564e+001, 6.225244e+001,-8.916405e+001, 0.000000e+000, 0.000000e+000, 0.000000e+000, 0.000000e+000
 2.004000e-001, 3.358263e+003,-1.227461e+003,-2.108496e+003, 5.589490e+001, 6.087938e+001,-9.072832e+001, 0.000000e+000, 0.000000e+000, 0.000000e+000, 0.000000e+000
 2.004500e-001, 3.348299e+003,-1.167387e+003,-2.158338e+003, 5.577827e+001, 5.947940e+001,-9.226604e+001, 0.000000e+000, 0.000000e+000, 0.000000e+000, 0.000000e+000
 2.005000e-001, 3.337024e+003,-1.106947e+003,-2.207361e+003, 5.563632e+001, 5.805377e+001,-9.377621e+001, 0.000000e+000, 0.000000e+000, 0.000000e+000, 0.000000e+000
 2.005500e-001, 3.324680e+003,-1.046070e+003,-2.255656e+003, 5.546941e+001, 5.660334e+001,-9.525811e+001, 0.000000e+000, 0.000000e+000, 0.000000e+000, 0.000000e+000
 2.006000e-001, 3.311031e+003,-9.848764e+002,-2.303100e+003, 5.527810e+001, 5.512944e+001,-9.671073e+001, 0.000000e+000, 0.000000e+000, 0.000000e+000, 0.000000e+000
 2.006500e-001, 3.296324e+003,-9.232839e+002,-2.349778e+003, 5.506284e+001, 5.363295e+001,-9.813333e+001, 0.000000e+000, 0.000000e+000, 0.000000e+000, 0.000000e+000
 2.007000e-001, 3.280319e+003,-8.614242e+002,-2.395576e+003, 5.482422e+001, 5.211524e+001,-9.952492e+001, 0.000000e+000, 0.000000e+000, 0.000000e+000, 0.000000e+000
 2.007500e-001, 3.263270e+003,-7.992038e+002,-2.440572e+003, 5.456276e+001, 5.057726e+001,-1.008847e+002, 0.000000e+000, 0.000000e+000, 0.000000e+000, 0.000000e+000
 2.008000e-001, 3.244932e+003,-7.367661e+002,-2.484660e+003, 5.427906e+001, 4.902035e+001,-1.022118e+002, 0.000000e+000, 0.000000e+000, 0.000000e+000, 0.000000e+000
 2.008500e-001, 3.225563e+003,-6.740065e+002,-2.527909e+003, 5.397371e+001, 4.744552e+001,-1.035054e+002, 0.000000e+000, 0.000000e+000, 0.000000e+000, 0.000000e+000
 2.009000e-001, 3.204919e+003,-6.110793e+002,-2.570223e+003, 5.364733e+001, 4.585412e+001,-1.047645e+002, 0.000000e+000, 0.000000e+000, 0.000000e+000, 0.000000e+000
 2.009500e-001, 3.183258e+003,-5.478701e+002,-2.611666e+003, 5.330054e+001, 4.424719e+001,-1.059884e+002, 0.000000e+000, 0.000000e+000, 0.000000e+000, 0.000000e+000
 2.010000e-001, 3.160337e+003,-4.845425e+002,-2.652147e+003, 5.293400e+001, 4.262605e+001,-1.071761e+002, 0.000000e+000, 0.000000e+000, 0.000000e+000, 0.000000e+000
 2.010500e-001, 3.136414e+003,-4.209737e+002,-2.691724e+003, 5.254836e+001, 4.099177e+001,-1.083270e+002, 0.000000e+000, 0.000000e+000, 0.000000e+000, 0.000000e+000
 2.011000e-001, 3.111247e+003,-3.573353e+002,-2.730313e+003, 5.214429e+001, 3.934566e+001,-1.094400e+002, 0.000000e+000, 0.000000e+000, 0.000000e+000, 0.000000e+000
 2.011500e-001, 3.085097e+003,-2.934972e+002,-2.767969e+003, 5.172248e+001, 3.768878e+001,-1.105145e+002, 0.000000e+000, 0.000000e+000, 0.000000e+000, 0.000000e+000
 2.012000e-001, 3.057721e+003,-2.296377e+002,-2.804612e+003, 5.128359e+001, 3.602242e+001,-1.115497e+002, 0.000000e+000, 0.000000e+000, 0.000000e+000, 0.000000e+000
 2.012500e-001, 3.029380e+003,-1.656212e+002,-2.840293e+003, 5.082833e+001, 3.434764e+001,-1.125447e+002, 0.000000e+000, 0.000000e+000, 0.000000e+000, 0.000000e+000
 2.013000e-001, 2.999833e+003,-1.016306e+002,-2.874937e+003, 5.035737e+001, 3.266568e+001,-1.134988e+002, 0.000000e+000, 0.000000e+000, 0.000000e+000, 0.000000e+000
 2.013500e-001, 2.969343e+003,-3.752643e+001,-2.908593e+003, 4.987142e+001, 3.097760e+001,-1.144113e+002, 0.000000e+000, 0.000000e+000, 0.000000e+000, 0.000000e+000
 2.014000e-001, 2.937667e+003, 2.650520e+001,-2.941189e+003, 4.937116e+001, 2.928457e+001,-1.152813e+002, 0.000000e+000, 0.000000e+000, 0.000000e+000, 0.000000e+000
 2.014500e-001, 2.905070e+003, 9.060617e+001,-2.972771e+003, 4.885729e+001, 2.758766e+001,-1.161084e+002, 0.000000e+000, 0.000000e+000, 0.000000e+000, 0.000000e+000
 2.015000e-001, 2.871311e+003, 1.545889e+002,-3.003273e+003, 4.833047e+001, 2.588796e+001,-1.168917e+002, 0.000000e+000, 0.000000e+000, 0.000000e+000, 0.000000e+000
 2.015500e-001, 2.836654e+003, 2.185959e+002,-3.032736e+003, 4.779141e+001, 2.418652e+001,-1.176306e+002, 0.000000e+000, 0.000000e+000, 0.000000e+000, 0.000000e+000
 2.016000e-001, 2.800861e+003, 2.824398e+002,-3.061100e+003, 4.724073e+001, 2.248436e+001,-1.183244e+002, 0.000000e+000, 0.000000e+000, 0.000000e+000, 0.000000e+000
 2.016500e-001, 2.764193e+003, 3.462623e+002,-3.088403e+003, 4.667914e+001, 2.078250e+001,-1.189726e+002, 0.000000e+000, 0.000000e+000, 0.000000e+000, 0.000000e+000
 2.017000e-001, 2.726417e+003, 4.098779e+002,-3.114588e+003, 4.610722e+001, 1.908187e+001,-1.195746e+002, 0.000000e+000, 0.000000e+000, 0.000000e+000, 0.000000e+000
 2.017500e-001, 2.687790e+003, 4.734257e+002,-3.139691e+003, 4.552566e+001, 1.738347e+001,-1.201299e+002, 0.000000e+000, 0.000000e+000, 0.000000e+000, 0.000000e+000
 2.018000e-001, 2.648085e+003, 5.367239e+002,-3.163660e+003, 4.493500e+001, 1.568813e+001,-1.206378e+002, 0.000000e+000, 0.000000e+000, 0.000000e+000, 0.000000e+000
 2.018500e-001, 2.607556e+003, 5.999072e+002,-3.186527e+003, 4.433592e+001, 1.399683e+001,-1.210981e+002, 0.000000e+000, 0.000000e+000, 0.000000e+000, 0.000000e+000
 2.019000e-001, 2.565980e+003, 6.627993e+002,-3.208245e+003, 4.372888e+001, 1.231029e+001,-1.215100e+002, 0.000000e+000, 0.000000e+000, 0.000000e+000, 0.000000e+000
 2.019500e-001, 2.523606e+003, 7.255289e+002,-3.228843e+003, 4.311456e+001, 1.062944e+001,-1.218734e+002, 0.000000e+000, 0.000000e+000, 0.000000e+000, 0.000000e+000
 2.020000e-001, 2.480219e+003, 7.879268e+002,-3.248279e+003, 4.249335e+001, 8.954926e+000,-1.221877e+002, 0.000000e+000, 0.000000e+000, 0.000000e+000, 0.000000e+000
 2.020500e-001, 2.436060e+003, 8.501144e+002,-3.266578e+003, 4.186590e+001, 7.287621e+000,-1.224526e+002, 0.000000e+000, 0.000000e+000, 0.000000e+000, 0.000000e+000
 2.021000e-001, 2.390926e+003, 9.119308e+002,-3.283705e+003, 4.123251e+001, 5.628073e+000,-1.226678e+002, 0.000000e+000, 0.000000e+000, 0.000000e+000, 0.000000e+000
 2.021500e-001, 2.345044e+003, 9.734888e+002,-3.299678e+003, 4.059385e+001, 3.977103e+000,-1.228330e+002, 0.000000e+000, 0.000000e+000, 0.000000e+000, 0.000000e+000
 2.022000e-001, 2.298228e+003, 1.034637e+003,-3.314471e+003, 3.995008e+001, 2.335164e+000,-1.229479e+002, 0.000000e+000, 0.000000e+000, 0.000000e+000, 0.000000e+000
 2.022500e-001, 2.250690e+003, 1.095479e+003,-3.328094e+003, 3.930187e+001, 7.030226e-001,-1.230125e+002, 0.000000e+000, 0.000000e+000, 0.000000e+000, 0.000000e+000
 2.023000e-001, 2.202260e+003, 1.155873e+003,-3.340531e+003, 3.864928e+001,-9.189647e-001,-1.230263e+002, 0.000000e+000, 0.000000e+000, 0.000000e+000, 0.000000e+000
 2.023500e-001, 2.153134e+003, 1.215912e+003,-3.351785e+003, 3.799298e+001,-2.530084e+000,-1.229895e+002, 0.000000e+000, 0.000000e+000, 0.000000e+000, 0.000000e+000
 2.024000e-001, 2.103160e+003, 1.275469e+003,-3.361849e+003, 3.733290e+001,-4.130075e+000,-1.229017e+002, 0.000000e+000, 0.000000e+000, 0.000000e+000, 0.000000e+000
 2.024500e-001, 2.052515e+003, 1.334621e+003,-3.370716e+003, 3.666969e+001,-5.718277e+000,-1.227632e+002, 0.000000e+000, 0.000000e+000, 0.000000e+000, 0.000000e+000
 2.025000e-001, 2.001072e+003, 1.393256e+003,-3.378392e+003, 3.600318e+001,-7.294520e+000,-1.225736e+002, 0.000000e+000, 0.000000e+000, 0.000000e+000, 0.000000e+000
 2.025500e-001, 1.948980e+003, 1.451438e+003,-3.384859e+003, 3.533400e+001,-8.858200e+000,-1.223333e+002, 0.000000e+000, 0.000000e+000, 0.000000e+000, 0.000000e+000
 2.026000e-001, 1.896141e+003, 1.509069e+003,-3.390135e+003, 3.466185e+001,-1.040923e+001,-1.220420e+002, 0.000000e+000, 0.000000e+000, 0.000000e+000, 0.000000e+000
 2.026500e-001, 1.842677e+003, 1.566200e+003,-3.394192e+003, 3.398737e+001,-1.194707e+001,-1.217001e+002, 0.000000e+000, 0.000000e+000, 0.000000e+000, 0.000000e+000
 2.027000e-001, 1.788519e+003, 1.622746e+003,-3.397061e+003, 3.331012e+001,-1.347170e+001,-1.213075e+002, 0.000000e+000, 0.000000e+000, 0.000000e+000, 0.000000e+000
 2.027500e-001, 1.733759e+003, 1.678743e+003,-3.398700e+003, 3.263074e+001,-1.498263e+001,-1.208647e+002, 0.000000e+000, 0.000000e+000, 0.000000e+000, 0.000000e+000
 2.028000e-001, 1.678361e+003, 1.734126e+003,-3.399158e+003, 3.194868e+001,-1.647993e+001,-1.203717e+002, 0.000000e+000, 0.000000e+000, 0.000000e+000, 0.000000e+000
 2.028500e-001, 1.622383e+003, 1.788911e+003,-3.398377e+003, 3.126455e+001,-1.796315e+001,-1.198289e+002, 0.000000e+000, 0.000000e+000, 0.000000e+000, 0.000000e+000
 2.029000e-001, 1.565826e+003, 1.843052e+003,-3.396422e+003, 3.057769e+001,-1.943243e+001,-1.192364e+002, 0.000000e+000, 0.000000e+000, 0.000000e+000, 0.000000e+000
 2.029500e-001, 1.508709e+003, 1.896549e+003,-3.393220e+003, 2.988871e+001,-2.088736e+001,-1.185948e+002, 0.000000e+000, 0.000000e+000, 0.000000e+000, 0.000000e+000
 2.030000e-001, 1.451074e+003, 1.949371e+003,-3.388855e+003, 2.919685e+001,-2.232815e+001,-1.179043e+002, 0.000000e+000, 0.000000e+000, 0.000000e+000, 0.000000e+000
 2.030500e-001, 1.392902e+003, 2.001503e+003,-3.383237e+003, 2.850267e+001,-2.375442e+001,-1.171655e+002, 0.000000e+000, 0.000000e+000, 0.000000e+000, 0.000000e+000
 2.031000e-001, 1.334272e+003, 2.052934e+003,-3.376467e+003, 2.780535e+001,-2.516645e+001,-1.163787e+002, 0.000000e+000, 0.000000e+000, 0.000000e+000, 0.000000e+000
 2.031500e-001, 1.275126e+003, 2.103627e+003,-3.368439e+003, 2.710543e+001,-2.656387e+001,-1.155446e+002, 0.000000e+000, 0.000000e+000, 0.000000e+000, 0.000000e+000
 2.032000e-001, 1.215585e+003, 2.153594e+003,-3.359274e+003, 2.640202e+001,-2.794704e+001,-1.146636e+002, 0.000000e+000, 0.000000e+000, 0.000000e+000, 0.000000e+000
 2.032500e-001, 1.155551e+003, 2.202777e+003,-3.348847e+003, 2.569560e+001,-2.931561e+001,-1.137364e+002, 0.000000e+000, 0.000000e+000, 0.000000e+000, 0.000000e+000
 2.033000e-001, 1.095185e+003, 2.251208e+003,-3.337299e+003, 2.498526e+001,-3.066996e+001,-1.127633e+002, 0.000000e+000, 0.000000e+000, 0.000000e+000, 0.000000e+000
 2.033500e-001, 1.034349e+003, 2.298811e+003,-3.324488e+003, 2.427143e+001,-3.200978e+001,-1.117455e+002, 0.000000e+000, 0.000000e+000, 0.000000e+000, 0.000000e+000
 2.034000e-001, 9.732437e+002, 2.345639e+003,-3.310572e+003, 2.355317e+001,-3.333549e+001,-1.106831e+002, 0.000000e+000, 0.000000e+000, 0.000000e+000, 0.000000e+000
 2.034500e-001, 9.116919e+002, 2.391594e+003,-3.295395e+003, 2.283088e+001,-3.464678e+001,-1.095773e+002, 0.000000e+000, 0.000000e+000, 0.000000e+000, 0.000000e+000
 2.035000e-001, 8.499348e+002, 2.436752e+003,-3.279131e+003, 2.210360e+001,-3.594412e+001,-1.084285e+002, 0.000000e+000, 0.000000e+000, 0.000000e+000, 0.000000e+000
 2.035500e-001, 7.877561e+002, 2.480994e+003,-3.261609e+003, 2.137167e+001,-3.722720e+001,-1.072378e+002, 0.000000e+000, 0.000000e+000, 0.000000e+000, 0.000000e+000
 2.036000e-001, 7.254345e+002, 2.524419e+003,-3.243018e+003, 2.063417e+001,-3.849649e+001,-1.060056e+002, 0.000000e+000, 0.000000e+000, 0.000000e+000, 0.000000e+000
 2.036500e-001, 6.627182e+002, 2.566885e+003,-3.223177e+003, 1.989137e+001,-3.975171e+001,-1.047332e+002, 0.000000e+000, 0.000000e+000, 0.000000e+000, 0.000000e+000
 2.037000e-001, 5.999202e+002, 2.608515e+003,-3.202285e+003, 1.914239e+001,-4.099335e+001,-1.034211e+002, 0.000000e+000, 0.000000e+000, 0.000000e+000, 0.000000e+000
 2.037500e-001, 5.367562e+002, 2.649145e+003,-3.180152e+003, 1.838743e+001,-4.222111e+001,-1.020703e+002, 0.000000e+000, 0.000000e+000, 0.000000e+000, 0.000000e+000
 2.038000e-001, 4.735703e+002, 2.688920e+003,-3.156988e+003, 1.762569e+001,-4.343549e+001,-1.006817e+002, 0.000000e+000, 0.000000e+000, 0.000000e+000, 0.000000e+000
 2.038500e-001, 4.100495e+002, 2.727655e+003,-3.132595e+003, 1.685730e+001,-4.463619e+001,-9.925636e+001, 0.000000e+000, 0.000000e+000, 0.000000e+000, 0.000000e+000
 2.039000e-001, 3.465645e+002, 2.765520e+003,-3.107192e+003, 1.608153e+001,-4.582369e+001,-9.779502e+001, 0.000000e+000, 0.000000e+000, 0.000000e+000, 0.000000e+000
 2.039500e-001, 2.827779e+002, 2.802306e+003,-3.080574e+003, 1.529846e+001,-4.699772e+001,-9.629877e+001, 0.000000e+000, 0.000000e+000, 0.000000e+000, 0.000000e+000
 2.040000e-001, 2.190829e+002, 2.838205e+003,-3.052967e+003, 1.450744e+001,-4.815871e+001,-9.476855e+001, 0.000000e+000, 0.000000e+000, 0.000000e+000, 0.000000e+000
 2.040500e-001, 1.551219e+002, 2.872989e+003,-3.024163e+003, 1.370850e+001,-4.930640e+001,-9.320537e+001, 0.000000e+000, 0.000000e+000, 0.000000e+000, 0.000000e+000
 2.041000e-001, 9.130615e+001, 2.906871e+003,-2.994390e+003, 1.290111e+001,-5.044120e+001,-9.161022e+001, 0.000000e+000, 0.000000e+000, 0.000000e+000, 0.000000e+000
 2.041500e-001, 2.726253e+001, 2.939603e+003,-2.963440e+003, 1.208522e+001,-5.156283e+001,-8.998412e+001, 0.000000e+000, 0.000000e+000, 0.000000e+000, 0.000000e+000
 2.042000e-001,-3.658490e+001, 2.971419e+003,-2.931544e+003, 1.126044e+001,-5.267167e+001,-8.832812e+001, 0.000000e+000, 0.000000e+000, 0.000000e+000, 0.000000e+000
 2.042500e-001,-1.006195e+002, 3.002053e+003,-2.898494e+003, 1.042667e+001,-5.376743e+001,-8.664319e+001, 0.000000e+000, 0.000000e+000, 0.000000e+000, 0.000000e+000
 2.043000e-001,-1.644095e+002, 3.031758e+003,-2.864518e+003, 9.583633e+000,-5.485045e+001,-8.493045e+001, 0.000000e+000, 0.000000e+000, 0.000000e+000, 0.000000e+000
 2.043500e-001,-2.283436e+002, 3.060250e+003,-2.829416e+003, 8.731209e+000,-5.592045e+001,-8.319084e+001, 0.000000e+000, 0.000000e+000, 0.000000e+000, 0.000000e+000
 2.044000e-001,-2.919870e+002, 3.087800e+003,-2.793409e+003, 7.869239e+000,-5.697768e+001,-8.142551e+001, 0.000000e+000, 0.000000e+000, 0.000000e+000, 0.000000e+000
 2.044500e-001,-3.557295e+002, 3.114110e+003,-2.756305e+003, 6.997579e+000,-5.802188e+001,-7.963537e+001, 0.000000e+000, 0.000000e+000, 0.000000e+000, 0.000000e+000
 2.045000e-001,-4.191376e+002, 3.139464e+003,-2.718318e+003, 6.116203e+000,-5.905324e+001,-7.782159e+001, 0.000000e+000, 0.000000e+000, 0.000000e+000, 0.000000e+000
 2.045500e-001,-4.825976e+002, 3.163554e+003,-2.679266e+003, 5.224952e+000,-6.007149e+001,-7.598505e+001, 0.000000e+000, 0.000000e+000, 0.000000e+000, 0.000000e+000
 2.046000e-001,-5.456821e+002, 3.186676e+003,-2.639352e+003, 4.323928e+000,-6.107674e+001,-7.412695e+001, 0.000000e+000, 0.000000e+000, 0.000000e+000, 0.000000e+000
 2.046500e-001,-6.087693e+002, 3.208511e+003,-2.598408e+003, 3.412971e+000,-6.206873e+001,-7.224809e+001, 0.000000e+000, 0.000000e+000, 0.000000e+000, 0.000000e+000
 2.047000e-001,-6.714421e+002, 3.229367e+003,-2.556625e+003, 2.492309e+000,-6.304747e+001,-7.034971e+001, 0.000000e+000, 0.000000e+000, 0.000000e+000, 0.000000e+000
 2.047500e-001,-7.340672e+002, 3.248917e+003,-2.513849e+003, 1.561790e+000,-6.401274e+001,-6.843256e+001, 0.000000e+000, 0.000000e+000, 0.000000e+000, 0.000000e+000
 2.048000e-001,-7.962407e+002, 3.267474e+003,-2.470255e+003, 6.217642e-001,-6.496444e+001,-6.649787e+001, 0.000000e+000, 0.000000e+000, 0.000000e+000, 0.000000e+000
 2.048500e-001,-8.583151e+002, 3.284711e+003,-2.425708e+003,-3.278983e-001,-6.590235e+001,-6.454634e+001, 0.000000e+000, 0.000000e+000, 0.000000e+000, 0.000000e+000
 2.049000e-001,-9.199023e+002, 3.300942e+003,-2.380367e+003,-1.286735e+000,-6.682627e+001,-6.257919e+001, 0.000000e+000, 0.000000e+000, 0.000000e+000, 0.000000e+000
 2.049500e-001,-9.813382e+002, 3.315842e+003,-2.334113e+003,-2.254842e+000,-6.773602e+001,-6.059708e+001, 0.000000e+000, 0.000000e+000, 0.000000e+000, 0.000000e+000
 2.050000e-001,-1.042253e+003, 3.329723e+003,-2.287089e+003,-3.231653e+000,-6.863126e+001,-5.860120e+001, 0.000000e+000, 0.000000e+000, 0.000000e+000, 0.000000e+000
 2.050500e-001,-1.102964e+003, 3.342263e+003,-2.239194e+003,-4.217219e+000,-6.951184e+001,-5.659216e+001, 0.000000e+000, 0.000000e+000, 0.000000e+000, 0.000000e+000
 2.051000e-001,-1.163121e+003, 3.353772e+003,-2.190556e+003,-5.210879e+000,-7.037733e+001,-5.457112e+001, 0.000000e+000, 0.000000e+000, 0.000000e+000, 0.000000e+000
 2.051500e-001,-1.223021e+003, 3.363936e+003,-2.141089e+003,-6.212632e+000,-7.122758e+001,-5.253864e+001, 0.000000e+000, 0.000000e+000, 0.000000e+000, 0.000000e+000
 2.052000e-001,-1.282336e+003, 3.373055e+003,-2.090906e+003,-7.221733e+000,-7.206203e+001,-5.049583e+001, 0.000000e+000, 0.000000e+000, 0.000000e+000, 0.000000e+000
 2.052500e-001,-1.341342e+003, 3.380828e+003,-2.039939e+003,-8.238117e+000,-7.288058e+001,-4.844322e+001, 0.000000e+000, 0.000000e+000, 0.000000e+000, 0.000000e+000
 2.053000e-001,-1.399731e+003, 3.387542e+003,-1.988282e+003,-9.260968e+000,-7.368255e+001,-4.638187e+001, 0.000000e+000, 0.000000e+000, 0.000000e+000, 0.000000e+000
 2.053500e-001,-1.457759e+003, 3.392912e+003,-1.935888e+003,-1.029016e+001,-7.446784e+001,-4.431226e+001, 0.000000e+000, 0.000000e+000, 0.000000e+000, 0.000000e+000
 2.054000e-001,-1.515141e+003, 3.397210e+003,-1.882833e+003,-1.132480e+001,-7.523569e+001,-4.223538e+001, 0.000000e+000, 0.000000e+000, 0.000000e+000, 0.000000e+000
 2.054500e-001,-1.572110e+003, 3.400172e+003,-1.829086e+003,-1.236470e+001,-7.598601e+001,-4.015169e+001, 0.000000e+000, 0.000000e+000, 0.000000e+000, 0.000000e+000
 2.055000e-001,-1.628403e+003, 3.402046e+003,-1.774708e+003,-1.340892e+001,-7.671792e+001,-3.806212e+001, 0.000000e+000, 0.000000e+000, 0.000000e+000, 0.000000e+000
 2.055500e-001,-1.684233e+003, 3.402593e+003,-1.719686e+003,-1.445719e+001,-7.743136e+001,-3.596707e+001, 0.000000e+000, 0.000000e+000, 0.000000e+000, 0.000000e+000
 2.056000e-001,-1.739358e+003, 3.402039e+003,-1.664065e+003,-1.550854e+001,-7.812535e+001,-3.386742e+001, 0.000000e+000, 0.000000e+000, 0.000000e+000, 0.000000e+000
 2.056500e-001,-1.793971e+003, 3.400172e+003,-1.607846e+003,-1.656262e+001,-7.879984e+001,-3.176353e+001, 0.000000e+000, 0.000000e+000, 0.000000e+000, 0.000000e+000
 2.057000e-001,-1.847850e+003, 3.397189e+003,-1.551062e+003,-1.761842e+001,-7.945377e+001,-2.965622e+001, 0.000000e+000, 0.000000e+000, 0.000000e+000, 0.000000e+000
 2.057500e-001,-1.901169e+003, 3.392910e+003,-1.493726e+003,-1.867553e+001,-8.008709e+001,-2.754582e+001, 0.000000e+000, 0.000000e+000, 0.000000e+000, 0.000000e+000
 2.058000e-001,-1.953726e+003, 3.387501e+003,-1.435860e+003,-1.973291e+001,-8.069867e+001,-2.543307e+001, 0.000000e+000, 0.000000e+000, 0.000000e+000, 0.000000e+000
 2.058500e-001,-2.005676e+003, 3.380815e+003,-1.377490e+003,-2.079011e+001,-8.128847e+001,-2.331827e+001, 0.000000e+000, 0.000000e+000, 0.000000e+000, 0.000000e+000
 2.059000e-001,-2.056837e+003, 3.372987e+003,-1.318626e+003,-2.184604e+001,-8.185529e+001,-2.120211e+001, 0.000000e+000, 0.000000e+000, 0.000000e+000, 0.000000e+000
 2.059500e-001,-2.107346e+003, 3.363905e+003,-1.259305e+003,-2.290020e+001,-8.239909e+001,-1.908486e+001, 0.000000e+000, 0.000000e+000, 0.000000e+000, 0.000000e+000
 2.060000e-001,-2.157038e+003, 3.353667e+003,-1.199526e+003,-2.395149e+001,-8.291862e+001,-1.696713e+001, 0.000000e+000, 0.000000e+000, 0.000000e+000, 0.000000e+000
 2.060500e-001,-2.206033e+003, 3.342200e+003,-1.139339e+003,-2.499937e+001,-8.341384e+001,-1.484919e+001, 0.000000e+000, 0.000000e+000, 0.000000e+000, 0.000000e+000
 2.061000e-001,-2.254186e+003, 3.329567e+003,-1.078732e+003,-2.604273e+001,-8.388346e+001,-1.273158e+001, 0.000000e+000, 0.000000e+000, 0.000000e+000, 0.000000e+000
 2.061500e-001,-2.301600e+003, 3.315732e+003,-1.017764e+003,-2.708100e+001,-8.432745e+001,-1.061455e+001, 0.000000e+000, 0.000000e+000, 0.000000e+000, 0.000000e+000
 2.062000e-001,-2.348146e+003, 3.300721e+003,-9.564155e+002,-2.811303e+001,-8.474450e+001,-8.498598e+000, 0.000000e+000, 0.000000e+000, 0.000000e+000, 0.000000e+000
 2.062500e-001,-2.393910e+003, 3.284536e+003,-8.947543e+002,-2.913827e+001,-8.513455e+001,-6.383939e+000, 0.000000e+000, 0.000000e+000, 0.000000e+000, 0.000000e+000
 2.063000e-001,-2.438783e+003, 3.267168e+003,-8.327523e+002,-3.015555e+001,-8.549630e+001,-4.271046e+000, 0.000000e+000, 0.000000e+000, 0.000000e+000, 0.000000e+000
 2.063500e-001,-2.482834e+003, 3.248657e+003,-7.704856e+002,-3.116430e+001,-8.582970e+001,-2.160105e+000, 0.000000e+000, 0.000000e+000, 0.000000e+000, 0.000000e+000
 2.064000e-001,-2.525970e+003, 3.228956e+003,-7.079183e+002,-3.216335e+001,-8.613342e+001,-5.156464e-002, 0.000000e+000, 0.000000e+000, 0.000000e+000, 0.000000e+000
 2.064500e-001,-2.568244e+003, 3.208145e+003,-6.451351e+002,-3.315215e+001,-8.640742e+001, 2.054412e+000, 0.000000e+000, 0.000000e+000, 0.000000e+000, 0.000000e+000
 2.065000e-001,-2.609583e+003, 3.186139e+003,-5.820918e+002,-3.412950e+001,-8.665041e+001, 4.157393e+000, 0.000000e+000, 0.000000e+000, 0.000000e+000, 0.000000e+000
 2.065500e-001,-2.650019e+003, 3.163055e+003,-5.188813e+002,-3.509489e+001,-8.686234e+001, 6.257234e+000, 0.000000e+000, 0.000000e+000, 0.000000e+000, 0.000000e+000
 2.066000e-001,-2.689502e+003, 3.138777e+003,-4.554516e+002,-3.604712e+001,-8.704196e+001, 8.353511e+000, 0.000000e+000, 0.000000e+000, 0.000000e+000, 0.000000e+000
 2.066500e-001,-2.728043e+003, 3.113454e+003,-3.919041e+002,-3.698570e+001,-8.718919e+001, 1.044610e+001, 0.000000e+000, 0.000000e+000, 0.000000e+000, 0.000000e+000
 2.067000e-001,-2.765615e+003, 3.086938e+003,-3.281781e+002,-3.790942e+001,-8.730286e+001, 1.253456e+001, 0.000000e+000, 0.000000e+000, 0.000000e+000, 0.000000e+000
 2.067500e-001,-2.802206e+003, 3.059411e+003,-2.643841e+002,-3.881787e+001,-8.738289e+001, 1.461880e+001, 0.000000e+000, 0.000000e+000, 0.000000e+000, 0.000000e+000
 2.068000e-001,-2.837813e+003, 3.030695e+003,-2.004520e+002,-3.970980e+001,-8.742817e+001, 1.669836e+001, 0.000000e+000, 0.000000e+000, 0.000000e+000, 0.000000e+000
 2.068500e-001,-2.872400e+003, 3.001003e+003,-1.365023e+002,-4.058487e+001,-8.743861e+001, 1.877314e+001, 0.000000e+000, 0.000000e+000, 0.000000e+000, 0.000000e+000
 2.069000e-001,-2.905992e+003, 2.970129e+003,-7.245461e+001,-4.144185e+001,-8.741321e+001, 2.084269e+001, 0.000000e+000, 0.000000e+000, 0.000000e+000, 0.000000e+000
 2.069500e-001,-2.938526e+003, 2.938314e+003,-8.440236e+000,-4.228045e+001,-8.735185e+001, 2.290691e+001, 0.000000e+000, 0.000000e+000, 0.000000e+000, 0.000000e+000
 2.070000e-001,-2.970055e+003, 2.905327e+003, 5.563254e+001,-4.309942e+001,-8.725367e+001, 2.496531e+001, 0.000000e+000, 0.000000e+000, 0.000000e+000, 0.000000e+000
 2.070500e-001,-3.000489e+003, 2.871433e+003, 1.196206e+002,-4.389858e+001,-8.711852e+001, 2.701780e+001, 0.000000e+000, 0.000000e+000, 0.000000e+000, 0.000000e+000
 2.071000e-001,-3.029911e+003, 2.836382e+003, 1.836280e+002,-4.467669e+001,-8.694567e+001, 2.906384e+001, 0.000000e+000, 0.000000e+000, 0.000000e+000, 0.000000e+000
 2.071500e-001,-3.058200e+003, 2.800457e+003, 2.474989e+002,-4.543363e+001,-8.673497e+001, 3.110336e+001, 0.000000e+000, 0.000000e+000, 0.000000e+000, 0.000000e+000
 2.072000e-001,-3.085473e+003, 2.763393e+003, 3.113507e+002,-4.616818e+001,-8.648582e+001, 3.313578e+001, 0.000000e+000, 0.000000e+000, 0.000000e+000, 0.000000e+000
 2.072500e-001,-3.111577e+003, 2.725487e+003, 3.750138e+002,-4.688030e+001,-8.619807e+001, 3.516099e+001, 0.000000e+000, 0.000000e+000, 0.000000e+000, 0.000000e+000
 2.073000e-001,-3.136662e+003, 2.686465e+003, 4.386198e+002,-4.756881e+001,-8.587126e+001, 3.717839e+001, 0.000000e+000, 0.000000e+000, 0.000000e+000, 0.000000e+000
 2.073500e-001,-3.160542e+003, 2.646633e+003, 5.019850e+002,-4.823372e+001,-8.550528e+001, 3.918787e+001, 0.000000e+000, 0.000000e+000, 0.000000e+000, 0.000000e+000
 2.074000e-001,-3.183402e+003, 2.605708e+003, 5.652557e+002,-4.887392e+001,-8.509978e+001, 4.118877e+001, 0.000000e+000, 0.000000e+000, 0.000000e+000, 0.000000e+000
 2.074500e-001,-3.205024e+003, 2.564006e+003, 6.282332e+002,-4.948948e+001,-8.465469e+001, 4.318094e+001, 0.000000e+000, 0.000000e+000, 0.000000e+000, 0.000000e+000
 2.075000e-001,-3.225628e+003, 2.521240e+003, 6.910795e+002,-5.007933e+001,-8.416981e+001, 4.516370e+001, 0.000000e+000, 0.000000e+000, 0.000000e+000, 0.000000e+000
 2.075500e-001,-3.244959e+003, 2.477727e+003, 7.535803e+002,-5.064361e+001,-8.364506e+001, 4.713687e+001, 0.000000e+000, 0.000000e+000, 0.000000e+000, 0.000000e+000
 2.076000e-001,-3.263276e+003, 2.433181e+003, 8.159135e+002,-5.118133e+001,-8.308045e+001, 4.909972e+001, 0.000000e+000, 0.000000e+000, 0.000000e+000, 0.000000e+000
 2.076500e-001,-3.280290e+003, 2.387919e+003, 8.778496e+002,-5.169269e+001,-8.247591e+001, 5.105202e+001, 0.000000e+000, 0.000000e+000, 0.000000e+000, 0.000000e+000
 2.077000e-001,-3.296293e+003, 2.341660e+003, 9.395818e+002,-5.217676e+001,-8.183159e+001, 5.299303e+001, 0.000000e+000, 0.000000e+000, 0.000000e+000, 0.000000e+000
 2.077500e-001,-3.310964e+003, 2.294714e+003, 1.000866e+003,-5.263380e+001,-8.114748e+001, 5.492247e+001, 0.000000e+000, 0.000000e+000, 0.000000e+000, 0.000000e+000
 2.078000e-001,-3.324629e+003, 2.246808e+003, 1.061910e+003,-5.306298e+001,-8.042387e+001, 5.683955e+001, 0.000000e+000, 0.000000e+000, 0.000000e+000, 0.000000e+000
 2.078500e-001,-3.336937e+003, 2.198244e+003, 1.122456e+003,-5.346458e+001,-7.966080e+001, 5.874393e+001, 0.000000e+000, 0.000000e+000, 0.000000e+000, 0.000000e+000
 2.079000e-001,-3.348243e+003, 2.148762e+003, 1.182725e+003,-5.383789e+001,-7.885873e+001, 6.063483e+001, 0.000000e+000, 0.000000e+000, 0.000000e+000, 0.000000e+000
 2.079500e-001,-3.358170e+003, 2.098650e+003, 1.242448e+003,-5.418323e+001,-7.801772e+001, 6.251184e+001, 0.000000e+000, 0.000000e+000, 0.000000e+000, 0.000000e+000
 2.080000e-001,-3.367100e+003, 2.047663e+003, 1.301858e+003,-5.450000e+001,-7.713839e+001, 6.437415e+001, 0.000000e+000, 0.000000e+000, 0.000000e+000, 0.000000e+000
 2.080500e-001,-3.374631e+003, 1.996075e+003, 1.360674e+003,-5.478853e+001,-7.622086e+001, 6.622128e+001, 0.000000e+000, 0.000000e+000, 0.000000e+000, 0.000000e+000
 2.081000e-001,-3.381172e+003, 1.943658e+003, 1.419140e+003,-5.504837e+001,-7.526590e+001, 6.805240e+001, 0.000000e+000, 0.000000e+000, 0.000000e+000, 0.000000e+000
 2.081500e-001,-3.386297e+003, 1.890668e+003, 1.476967e+003,-5.527983e+001,-7.427367e+001, 6.986698e+001, 0.000000e+000, 0.000000e+000, 0.000000e+000, 0.000000e+000
 2.082000e-001,-3.390436e+003, 1.836896e+003, 1.534406e+003,-5.548264e+001,-7.324509e+001, 7.166421e+001, 0.000000e+000, 0.000000e+000, 0.000000e+000, 0.000000e+000
 2.082500e-001,-3.393147e+003, 1.782579e+003, 1.591162e+003,-5.565709e+001,-7.218037e+001, 7.344344e+001, 0.000000e+000, 0.000000e+000, 0.000000e+000, 0.000000e+000
 2.083000e-001,-3.394877e+003, 1.727531e+003, 1.647494e+003,-5.580305e+001,-7.108056e+001, 7.520387e+001, 0.000000e+000, 0.000000e+000, 0.000000e+000, 0.000000e+000
 2.083500e-001,-3.395173e+003, 1.671966e+003, 1.703101e+003,-5.592080e+001,-6.994595e+001, 7.694480e+001, 0.000000e+000, 0.000000e+000, 0.000000e+000, 0.000000e+000
 2.084000e-001,-3.394489e+003, 1.615719e+003, 1.758244e+003,-5.601039e+001,-6.877767e+001, 7.866544e+001, 0.000000e+000, 0.000000e+000, 0.000000e+000, 0.000000e+000
 2.084500e-001,-3.392368e+003, 1.558986e+003, 1.812624e+003,-5.607207e+001,-6.757611e+001, 8.036498e+001, 0.000000e+000, 0.000000e+000, 0.000000e+000, 0.000000e+000
 2.085000e-001,-3.389270e+003, 1.501623e+003, 1.866500e+003,-5.610603e+001,-6.634249e+001, 8.204269e+001, 0.000000e+000, 0.000000e+000, 0.000000e+000, 0.000000e+000
 2.085500e-001,-3.384736e+003, 1.443803e+003, 1.919578e+003,-5.611253e+001,-6.507727e+001, 8.369765e+001, 0.000000e+000, 0.000000e+000, 0.000000e+000, 0.000000e+000
 2.086000e-001,-3.379226e+003, 1.385406e+003, 1.972110e+003,-5.609190e+001,-6.378175e+001, 8.532917e+001, 0.000000e+000, 0.000000e+000, 0.000000e+000, 0.000000e+000
 2.086500e-001,-3.372286e+003, 1.326581e+003, 2.023811e+003,-5.604437e+001,-6.245647e+001, 8.693627e+001, 0.000000e+000, 0.000000e+000, 0.000000e+000, 0.000000e+000
 2.087000e-001,-3.364370e+003, 1.267234e+003, 2.074925e+003,-5.597044e+001,-6.110279e+001, 8.851828e+001, 0.000000e+000, 0.000000e+000, 0.000000e+000, 0.000000e+000
 2.087500e-001,-3.355034e+003, 1.207489e+003, 2.125176e+003,-5.587030e+001,-5.972132e+001, 9.007414e+001, 0.000000e+000, 0.000000e+000, 0.000000e+000, 0.000000e+000
 2.088000e-001,-3.344721e+003, 1.147277e+003, 2.174799e+003,-5.574461e+001,-5.831349e+001, 9.160324e+001, 0.000000e+000, 0.000000e+000, 0.000000e+000, 0.000000e+000
 2.088500e-001,-3.333004e+003, 1.086698e+003, 2.223531e+003,-5.559351e+001,-5.687996e+001, 9.310445e+001, 0.000000e+000, 0.000000e+000, 0.000000e+000, 0.000000e+000
 2.089000e-001,-3.320307e+003, 1.025706e+003, 2.271592e+003,-5.541781e+001,-5.542220e+001, 9.457719e+001, 0.000000e+000, 0.000000e+000, 0.000000e+000, 0.000000e+000
 2.089500e-001,-3.306226e+003, 9.643796e+002, 2.318737e+003,-5.521763e+001,-5.394095e+001, 9.602026e+001, 0.000000e+000, 0.000000e+000, 0.000000e+000, 0.000000e+000
 2.090000e-001,-3.291162e+003, 9.026946e+002, 2.365167e+003,-5.499391e+001,-5.243769e+001, 9.743316e+001, 0.000000e+000, 0.000000e+000, 0.000000e+000, 0.000000e+000
 2.090500e-001,-3.274736e+003, 8.407087e+002, 2.410658e+003,-5.474673e+001,-5.091322e+001, 9.881463e+001, 0.000000e+000, 0.000000e+000, 0.000000e+000, 0.000000e+000
 2.091000e-001,-3.257325e+003, 7.784185e+002, 2.455391e+003,-5.447716e+001,-4.936902e+001, 1.001642e+002, 0.000000e+000, 0.000000e+000, 0.000000e+000, 0.000000e+000
 2.091500e-001,-3.238579e+003, 7.158618e+002, 2.499166e+003,-5.418525e+001,-4.780597e+001, 1.014806e+002, 0.000000e+000, 0.000000e+000, 0.000000e+000, 0.000000e+000
 2.092000e-001,-3.218844e+003, 6.530544e+002, 2.542137e+003,-5.387216e+001,-4.622552e+001, 1.027634e+002, 0.000000e+000, 0.000000e+000, 0.000000e+000, 0.000000e+000
 2.092500e-001,-3.197805e+003, 5.900165e+002, 2.584134e+003,-5.353794e+001,-4.462860e+001, 1.040113e+002, 0.000000e+000, 0.000000e+000, 0.000000e+000, 0.000000e+000
 2.093000e-001,-3.175774e+003, 5.267805e+002, 2.625282e+003,-5.318381e+001,-4.301665e+001, 1.052239e+002, 0.000000e+000, 0.000000e+000, 0.000000e+000, 0.000000e+000
 2.093500e-001,-3.152471e+003, 4.633515e+002, 2.665442e+003,-5.280983e+001,-4.139064e+001, 1.063999e+002, 0.000000e+000, 0.000000e+000, 0.000000e+000, 0.000000e+000
 2.094000e-001,-3.128176e+003, 3.997762e+002, 2.704709e+003,-5.241726e+001,-3.975196e+001, 1.075389e+002, 0.000000e+000, 0.000000e+000, 0.000000e+000, 0.000000e+000
 2.094500e-001,-3.102642e+003, 3.360465e+002, 2.742974e+003,-5.200616e+001,-3.810160e+001, 1.086397e+002, 0.000000e+000, 0.000000e+000, 0.000000e+000, 0.000000e+000
 2.095000e-001,-3.076115e+003, 2.722214e+002, 2.780304e+003,-5.157783e+001,-3.644094e+001, 1.097019e+002, 0.000000e+000, 0.000000e+000, 0.000000e+000, 0.000000e+000
 2.095500e-001,-3.048388e+003, 2.082820e+002, 2.816621e+003,-5.113234e+001,-3.477098e+001, 1.107242e+002, 0.000000e+000, 0.000000e+000, 0.000000e+000, 0.000000e+000
 2.096000e-001,-3.019668e+003, 1.442967e+002, 2.851960e+003,-5.067099e+001,-3.309303e+001, 1.117065e+002, 0.000000e+000, 0.000000e+000, 0.000000e+000, 0.000000e+000
 2.096500e-001,-2.989786e+003, 8.023865e+001, 2.886277e+003,-5.019387e+001,-3.140811e+001, 1.126473e+002, 0.000000e+000, 0.000000e+000, 0.000000e+000, 0.000000e+000
 2.097000e-001,-2.958915e+003, 1.618296e+001, 2.919576e+003,-4.970227e+001,-2.971745e+001, 1.135465e+002, 0.000000e+000, 0.000000e+000, 0.000000e+000, 0.000000e+000
 2.097500e-001,-2.926920e+003,-4.790260e+001, 2.951844e+003,-4.919629e+001,-2.802211e+001, 1.144029e+002, 0.000000e+000, 0.000000e+000, 0.000000e+000, 0.000000e+000
 2.098000e-001,-2.893941e+003,-1.119390e+002, 2.983055e+003,-4.867719e+001,-2.632320e+001, 1.152163e+002, 0.000000e+000, 0.000000e+000, 0.000000e+000, 0.000000e+000
 2.098500e-001,-2.859879e+003,-1.759609e+002, 3.013227e+003,-4.814509e+001,-2.462180e+001, 1.159855e+002, 0.000000e+000, 0.000000e+000, 0.000000e+000, 0.000000e+000
 2.099000e-001,-2.824840e+003,-2.398884e+002, 3.042306e+003,-4.760122e+001,-2.291893e+001, 1.167104e+002, 0.000000e+000, 0.000000e+000, 0.000000e+000, 0.000000e+000
 2.099500e-001,-2.788760e+003,-3.037558e+002, 3.070340e+003,-4.704570e+001,-2.121566e+001, 1.173897e+002, 0.000000e+000, 0.000000e+000, 0.000000e+000, 0.000000e+000
 2.100000e-001,-2.751711e+003,-3.674850e+002, 3.097245e+003,-4.647970e+001,-1.951291e+001, 1.180236e+002, 0.000000e+000, 0.000000e+000, 0.000000e+000, 0.000000e+000
 2.100500e-001,-2.713664e+003,-4.311072e+002, 3.123099e+003,-4.590337e+001,-1.781174e+001, 1.186108e+002, 0.000000e+000, 0.000000e+000, 0.000000e+000, 0.000000e+000
 2.101000e-001,-2.674660e+003,-4.945493e+002, 3.147793e+003,-4.531779e+001,-1.611296e+001, 1.191513e+002, 0.000000e+000, 0.000000e+000, 0.000000e+000, 0.000000e+000
 2.101500e-001,-2.634698e+003,-5.578361e+002, 3.171429e+003,-4.472314e+001,-1.441762e+001, 1.196442e+002, 0.000000e+000, 0.000000e+000, 0.000000e+000, 0.000000e+000
 2.102000e-001,-2.593796e+003,-6.209023e+002, 3.193878e+003,-4.412041e+001,-1.272643e+001, 1.200893e+002, 0.000000e+000, 0.000000e+000, 0.000000e+000, 0.000000e+000
 2.102500e-001,-2.551977e+003,-6.837640e+002, 3.215262e+003,-4.350977e+001,-1.104039e+001, 1.204860e+002, 0.000000e+000, 0.000000e+000, 0.000000e+000, 0.000000e+000
 2.103000e-001,-2.509236e+003,-7.463665e+002, 3.235432e+003,-4.289215e+001,-9.360110e+000, 1.208340e+002, 0.000000e+000, 0.000000e+000, 0.000000e+000, 0.000000e+000
 2.103500e-001,-2.465620e+003,-8.087142e+002, 3.254533e+003,-4.226772e+001,-7.686566e+000, 1.211328e+002, 0.000000e+000, 0.000000e+000, 0.000000e+000, 0.000000e+000
 2.104000e-001,-2.421102e+003,-8.707656e+002, 3.272397e+003,-4.163728e+001,-6.020248e+000, 1.213822e+002, 0.000000e+000, 0.000000e+000, 0.000000e+000, 0.000000e+000
 2.104500e-001,-2.375750e+003,-9.325112e+002, 3.289186e+003,-4.100102e+001,-4.362101e+000, 1.215817e+002, 0.000000e+000, 0.000000e+000, 0.000000e+000, 0.000000e+000
 2.105000e-001,-2.329521e+003,-9.939248e+002, 3.304719e+003,-4.035965e+001,-2.712501e+000, 1.217313e+002, 0.000000e+000, 0.000000e+000, 0.000000e+000, 0.000000e+000
 2.105500e-001,-2.282498e+003,-1.054981e+003, 3.319171e+003,-3.971333e+001,-1.072353e+000, 1.218304e+002, 0.000000e+000, 0.000000e+000, 0.000000e+000, 0.000000e+000
 2.106000e-001,-2.234624e+003,-1.115671e+003, 3.332350e+003,-3.906267e+001, 5.580725e-001, 1.218792e+002, 0.000000e+000, 0.000000e+000, 0.000000e+000, 0.000000e+000
 2.106500e-001,-2.185997e+003,-1.175952e+003, 3.344443e+003,-3.840781e+001, 2.177916e+000, 1.218772e+002, 0.000000e+000, 0.000000e+000, 0.000000e+000, 0.000000e+000
 2.107000e-001,-2.136548e+003,-1.235833e+003, 3.355251e+003,-3.774928e+001, 3.787012e+000, 1.218245e+002, 0.000000e+000, 0.000000e+000, 0.000000e+000, 0.000000e+000
 2.107500e-001,-2.086387e+003,-1.295253e+003, 3.364966e+003,-3.708718e+001, 5.384548e+000, 1.217210e+002, 0.000000e+000, 0.000000e+000, 0.000000e+000, 0.000000e+000
 2.108000e-001,-2.035435e+003,-1.354243e+003, 3.373386e+003,-3.642192e+001, 6.970456e+000, 1.215665e+002, 0.000000e+000, 0.000000e+000, 0.000000e+000, 0.000000e+000
 2.108500e-001,-1.983812e+003,-1.412718e+003, 3.380709e+003,-3.575359e+001, 8.543976e+000, 1.213612e+002, 0.000000e+000, 0.000000e+000, 0.000000e+000, 0.000000e+000
 2.109000e-001,-1.931430e+003,-1.470733e+003, 3.386730e+003,-3.508252e+001, 1.010513e+001, 1.211049e+002, 0.000000e+000, 0.000000e+000, 0.000000e+000, 0.000000e+000
 2.109500e-001,-1.878419e+003,-1.528182e+003, 3.391648e+003,-3.440873e+001, 1.165320e+001, 1.207980e+002, 0.000000e+000, 0.000000e+000, 0.000000e+000, 0.000000e+000
 2.110000e-001,-1.824683e+003,-1.585141e+003, 3.395262e+003,-3.373246e+001, 1.318831e+001, 1.204403e+002, 0.000000e+000, 0.000000e+000, 0.000000e+000, 0.000000e+000
 2.110500e-001,-1.770360e+003,-1.641482e+003, 3.397767e+003,-3.305371e+001, 1.470980e+001, 1.200322e+002, 0.000000e+000, 0.000000e+000, 0.000000e+000, 0.000000e+000
 2.111000e-001,-1.715348e+003,-1.697305e+003, 3.398968e+003,-3.237263e+001, 1.621783e+001, 1.195738e+002, 0.000000e+000, 0.000000e+000, 0.000000e+000, 0.000000e+000
 2.111500e-001,-1.659790e+003,-1.752458e+003, 3.399056e+003,-3.168915e+001, 1.771183e+001, 1.190653e+002, 0.000000e+000, 0.000000e+000, 0.000000e+000, 0.000000e+000
 2.112000e-001,-1.603582e+003,-1.807066e+003, 3.397841e+003,-3.100337e+001, 1.919202e+001, 1.185071e+002, 0.000000e+000, 0.000000e+000, 0.000000e+000, 0.000000e+000
 2.112500e-001,-1.546870e+003,-1.860956e+003, 3.395511e+003,-3.031515e+001, 2.065788e+001, 1.178995e+002, 0.000000e+000, 0.000000e+000, 0.000000e+000, 0.000000e+000
 2.113000e-001,-1.489545e+003,-1.914272e+003, 3.391883e+003,-2.962453e+001, 2.210966e+001, 1.172427e+002, 0.000000e+000, 0.000000e+000, 0.000000e+000, 0.000000e+000
 2.113500e-001,-1.431760e+003,-1.966821e+003, 3.387136e+003,-2.893132e+001, 2.354695e+001, 1.165374e+002, 0.000000e+000, 0.000000e+000, 0.000000e+000, 0.000000e+000
 2.114000e-001,-1.373401e+003,-2.018770e+003, 3.381099e+003,-2.823550e+001, 2.496999e+001, 1.157837e+002, 0.000000e+000, 0.000000e+000, 0.000000e+000, 0.000000e+000
 2.114500e-001,-1.314627e+003,-2.069905e+003, 3.373942e+003,-2.753682e+001, 2.637845e+001, 1.149824e+002, 0.000000e+000, 0.000000e+000, 0.000000e+000, 0.000000e+000
 2.115000e-001,-1.255318e+003,-2.120412e+003, 3.365504e+003,-2.683521e+001, 2.777260e+001, 1.141338e+002, 0.000000e+000, 0.000000e+000, 0.000000e+000, 0.000000e+000
 2.115500e-001,-1.195638e+003,-2.170061e+003, 3.355947e+003,-2.613038e+001, 2.915216e+001, 1.132386e+002, 0.000000e+000, 0.000000e+000, 0.000000e+000, 0.000000e+000
 2.116000e-001,-1.135464e+003,-2.219056e+003, 3.345119e+003,-2.542222e+001, 3.051741e+001, 1.122972e+002, 0.000000e+000, 0.000000e+000, 0.000000e+000, 0.000000e+000
 2.116500e-001,-1.074964e+003,-2.267150e+003, 3.333174e+003,-2.471039e+001, 3.186814e+001, 1.113105e+002, 0.000000e+000, 0.000000e+000, 0.000000e+000, 0.000000e+000
 2.117000e-001,-1.014010e+003,-2.314562e+003, 3.319972e+003,-2.399474e+001, 3.320462e+001, 1.102789e+002, 0.000000e+000, 0.000000e+000, 0.000000e+000, 0.000000e+000
 2.117500e-001,-9.527775e+002,-2.361032e+003, 3.305656e+003,-2.327489e+001, 3.452671e+001, 1.092033e+002, 0.000000e+000, 0.000000e+000, 0.000000e+000, 0.000000e+000
 2.118000e-001,-8.911315e+002,-2.406793e+003, 3.290097e+003,-2.255067e+001, 3.583466e+001, 1.080842e+002, 0.000000e+000, 0.000000e+000, 0.000000e+000, 0.000000e+000
 2.118500e-001,-8.292532e+002,-2.451576e+003, 3.273429e+003,-2.182169e+001, 3.712840e+001, 1.069227e+002, 0.000000e+000, 0.000000e+000, 0.000000e+000, 0.000000e+000
 2.119000e-001,-7.670030e+002,-2.495621e+003, 3.255536e+003,-2.108773e+001, 3.840812e+001, 1.057192e+002, 0.000000e+000, 0.000000e+000, 0.000000e+000, 0.000000e+000
 2.119500e-001,-7.045673e+002,-2.538653e+003, 3.236540e+003,-2.034840e+001, 3.967385e+001, 1.044748e+002, 0.000000e+000, 0.000000e+000, 0.000000e+000, 0.000000e+000
 2.120000e-001,-6.418015e+002,-2.580918e+003, 3.216337e+003,-1.960345e+001, 4.092573e+001, 1.031902e+002, 0.000000e+000, 0.000000e+000, 0.000000e+000, 0.000000e+000
 2.120500e-001,-5.788972e+002,-2.622139e+003, 3.195040e+003,-1.885250e+001, 4.216384e+001, 1.018663e+002, 0.000000e+000, 0.000000e+000, 0.000000e+000, 0.000000e+000
 2.121000e-001,-5.157056e+002,-2.662563e+003, 3.172555e+003,-1.809529e+001, 4.338826e+001, 1.005040e+002, 0.000000e+000, 0.000000e+000, 0.000000e+000, 0.000000e+000
 2.121500e-001,-4.524219e+002,-2.701915e+003, 3.148987e+003,-1.733143e+001, 4.459916e+001, 9.910430e+001, 0.000000e+000, 0.000000e+000, 0.000000e+000, 0.000000e+000
 2.122000e-001,-3.888944e+002,-2.740439e+003, 3.124251e+003,-1.656067e+001, 4.579652e+001, 9.766795e+001, 0.000000e+000, 0.000000e+000, 0.000000e+000, 0.000000e+000
 2.122500e-001,-3.253209e+002,-2.777868e+003, 3.098446e+003,-1.578265e+001, 4.698059e+001, 9.619608e+001, 0.000000e+000, 0.000000e+000, 0.000000e+000, 0.000000e+000
 2.123000e-001,-2.615481e+002,-2.814437e+003, 3.071495e+003,-1.499709e+001, 4.815128e+001, 9.468950e+001, 0.000000e+000, 0.000000e+000, 0.000000e+000, 0.000000e+000
 2.123500e-001,-1.977746e+002,-2.849888e+003, 3.043489e+003,-1.420370e+001, 4.930889e+001, 9.314935e+001, 0.000000e+000, 0.000000e+000, 0.000000e+000, 0.000000e+000
 2.124000e-001,-1.338474e+002,-2.884449e+003, 3.014361e+003,-1.340218e+001, 5.045324e+001, 9.157648e+001, 0.000000e+000, 0.000000e+000, 0.000000e+000, 0.000000e+000
 2.124500e-001,-6.996352e+001,-2.917875e+003, 2.984193e+003,-1.259231e+001, 5.158468e+001, 8.997203e+001, 0.000000e+000, 0.000000e+000, 0.000000e+000, 0.000000e+000
 2.125000e-001,-5.973010e+000,-2.950375e+003, 2.952929e+003,-1.177376e+001, 5.270295e+001, 8.833690e+001, 0.000000e+000, 0.000000e+000, 0.000000e+000, 0.000000e+000
 2.125500e-001, 5.793136e+001,-2.981728e+003, 2.920644e+003,-1.094640e+001, 5.380846e+001, 8.667223e+001, 0.000000e+000, 0.000000e+000, 0.000000e+000, 0.000000e+000
 2.126000e-001, 1.218941e+002,-3.012122e+003, 2.887288e+003,-1.010990e+001, 5.490085e+001, 8.497894e+001, 0.000000e+000, 0.000000e+000, 0.000000e+000, 0.000000e+000
 2.126500e-001, 1.857294e+002,-3.041358e+003, 2.852931e+003,-9.264229e+000, 5.598055e+001, 8.325819e+001, 0.000000e+000, 0.000000e+000, 0.000000e+000, 0.000000e+000
 2.127000e-001, 2.495732e+002,-3.069600e+003, 2.817531e+003,-8.409037e+000, 5.704713e+001, 8.151087e+001, 0.000000e+000, 0.000000e+000, 0.000000e+000, 0.000000e+000
 2.127500e-001, 3.132502e+002,-3.096677e+003, 2.781152e+003,-7.544391e+000, 5.810104e+001, 7.973817e+001, 0.000000e+000, 0.000000e+000, 0.000000e+000, 0.000000e+000
 2.128000e-001, 3.768843e+002,-3.122727e+003, 2.743758e+003,-6.669953e+000, 5.914177e+001, 7.794098e+001, 0.000000e+000, 0.000000e+000, 0.000000e+000, 0.000000e+000
 2.128500e-001, 4.403139e+002,-3.147607e+003, 2.705408e+003,-5.785897e+000, 6.016980e+001, 7.612046e+001, 0.000000e+000, 0.000000e+000, 0.000000e+000, 0.000000e+000
 2.129000e-001, 5.036479e+002,-3.171425e+003, 2.666074e+003,-4.891887e+000, 6.118449e+001, 7.427752e+001, 0.000000e+000, 0.000000e+000, 0.000000e+000, 0.000000e+000
 2.129500e-001, 5.667416e+002,-3.194073e+003, 2.625809e+003,-3.988214e+000, 6.218637e+001, 7.241330e+001, 0.000000e+000, 0.000000e+000, 0.000000e+000, 0.000000e+000
 2.130000e-001, 6.296854e+002,-3.215625e+003, 2.584591e+003,-3.074550e+000, 6.317472e+001, 7.052869e+001, 0.000000e+000, 0.000000e+000, 0.000000e+000, 0.000000e+000
 2.130500e-001, 6.923552e+002,-3.236008e+003, 2.542467e+003,-2.151308e+000, 6.415003e+001, 6.862480e+001, 0.000000e+000, 0.000000e+000, 0.000000e+000, 0.000000e+000
 2.131000e-001, 7.548195e+002,-3.255261e+003, 2.499425e+003,-1.218172e+000, 6.511154e+001, 6.670251e+001, 0.000000e+000, 0.000000e+000, 0.000000e+000, 0.000000e+000
 2.131500e-001, 8.169779e+002,-3.273350e+003, 2.455504e+003,-2.756740e-001, 6.605972e+001, 6.476291e+001, 0.000000e+000, 0.000000e+000, 0.000000e+000, 0.000000e+000
 2.132000e-001, 8.788743e+002,-3.290277e+003, 2.410699e+003, 6.764777e-001, 6.699374e+001, 6.280684e+001, 0.000000e+000, 0.000000e+000, 0.000000e+000, 0.000000e+000
 2.132500e-001, 9.404345e+002,-3.306046e+003, 2.365043e+003, 1.637638e+000, 6.791405e+001, 6.083535e+001, 0.000000e+000, 0.000000e+000, 0.000000e+000, 0.000000e+000
 2.133000e-001, 1.001675e+003,-3.320620e+003, 2.318540e+003, 2.608067e+000, 6.881974e+001, 5.884927e+001, 0.000000e+000, 0.000000e+000, 0.000000e+000, 0.000000e+000
 2.133500e-001, 1.062552e+003,-3.334046e+003, 2.271215e+003, 3.587012e+000, 6.971123e+001, 5.684961e+001, 0.000000e+000, 0.000000e+000, 0.000000e+000, 0.000000e+000
 2.134000e-001, 1.123050e+003,-3.346247e+003, 2.223080e+003, 4.574690e+000, 7.058758e+001, 5.483713e+001, 0.000000e+000, 0.000000e+000, 0.000000e+000, 0.000000e+000
 2.134500e-001, 1.183157e+003,-3.357310e+003, 2.174154e+003, 5.570256e+000, 7.144915e+001, 5.281283e+001, 0.000000e+000, 0.000000e+000, 0.000000e+000, 0.000000e+000
 2.135000e-001, 1.242829e+003,-3.367119e+003, 2.124457e+003, 6.573871e+000, 7.229496e+001, 5.077742e+001, 0.000000e+000, 0.000000e+000, 0.000000e+000, 0.000000e+000
 2.135500e-001, 1.302082e+003,-3.375801e+003, 2.073999e+003, 7.584608e+000, 7.312531e+001, 4.873186e+001, 0.000000e+000, 0.000000e+000, 0.000000e+000, 0.000000e+000
 2.136000e-001, 1.360842e+003,-3.383205e+003, 2.022812e+003, 8.602563e+000, 7.393919e+001, 4.667680e+001, 0.000000e+000, 0.000000e+000, 0.000000e+000, 0.000000e+000
 2.136500e-001, 1.419158e+003,-3.389493e+003, 1.970896e+003, 9.626744e+000, 7.473682e+001, 4.461315e+001, 0.000000e+000, 0.000000e+000, 0.000000e+000, 0.000000e+000
 2.137000e-001, 1.476925e+003,-3.394480e+003, 1.918291e+003, 1.065717e+001, 7.551721e+001, 4.254153e+001, 0.000000e+000, 0.000000e+000, 0.000000e+000, 0.000000e+000
 2.137500e-001, 1.534222e+003,-3.398365e+003, 1.864991e+003, 1.169280e+001, 7.628048e+001, 4.046279e+001, 0.000000e+000, 0.000000e+000, 0.000000e+000, 0.000000e+000
 2.138000e-001, 1.590915e+003,-3.400927e+003, 1.811045e+003, 1.273357e+001, 7.702562e+001, 3.837750e+001, 0.000000e+000, 0.000000e+000, 0.000000e+000, 0.000000e+000
 2.138500e-001, 1.647111e+003,-3.402401e+003, 1.756438e+003, 1.377840e+001, 7.775267e+001, 3.628646e+001, 0.000000e+000, 0.000000e+000, 0.000000e+000, 0.000000e+000
 2.139000e-001, 1.702650e+003,-3.402535e+003, 1.701228e+003, 1.482714e+001, 7.846064e+001, 3.419019e+001, 0.000000e+000, 0.000000e+000, 0.000000e+000, 0.000000e+000
 2.139500e-001, 1.757667e+003,-3.401594e+003, 1.645391e+003, 1.587869e+001, 7.914947e+001, 3.208944e+001, 0.000000e+000, 0.000000e+000, 0.000000e+000, 0.000000e+000
 2.140000e-001, 1.811975e+003,-3.399300e+003, 1.588996e+003, 1.693279e+001, 7.981818e+001, 2.998468e+001, 0.000000e+000, 0.000000e+000, 0.000000e+000, 0.000000e+000
 2.140500e-001, 1.865734e+003,-3.395944e+003, 1.532011e+003, 1.798836e+001, 8.046661e+001, 2.787661e+001, 0.000000e+000, 0.000000e+000, 0.000000e+000, 0.000000e+000
 2.141000e-001, 1.918735e+003,-3.391226e+003, 1.474512e+003, 1.904502e+001, 8.109383e+001, 2.576563e+001, 0.000000e+000, 0.000000e+000, 0.000000e+000, 0.000000e+000
 2.141500e-001, 1.971159e+003,-3.385458e+003, 1.416460e+003, 2.010172e+001, 8.169955e+001, 2.365242e+001, 0.000000e+000, 0.000000e+000, 0.000000e+000, 0.000000e+000
 2.142000e-001, 2.022780e+003,-3.378322e+003, 1.357939e+003, 2.115796e+001, 8.228291e+001, 2.153734e+001, 0.000000e+000, 0.000000e+000, 0.000000e+000, 0.000000e+000
 2.142500e-001, 2.073794e+003,-3.370148e+003, 1.298903e+003, 2.221273e+001, 8.284350e+001, 1.942099e+001, 0.000000e+000, 0.000000e+000, 0.000000e+000, 0.000000e+000
 2.143000e-001, 2.123963e+003,-3.360604e+003, 1.239445e+003, 2.326541e+001, 8.338049e+001, 1.730370e+001, 0.000000e+000, 0.000000e+000, 0.000000e+000, 0.000000e+000
 2.143500e-001, 2.173494e+003,-3.350035e+003, 1.179510e+003, 2.431505e+001, 8.389339e+001, 1.518603e+001, 0.000000e+000, 0.000000e+000, 0.000000e+000, 0.000000e+000
 2.144000e-001, 2.222141e+003,-3.338099e+003, 1.119199e+003, 2.536091e+001, 8.438144e+001, 1.306828e+001, 0.000000e+000, 0.000000e+000, 0.000000e+000, 0.000000e+000
 2.144500e-001, 2.270119e+003,-3.325147e+003, 1.058451e+003, 2.640211e+001, 8.484403e+001, 1.095095e+001, 0.000000e+000, 0.000000e+000, 0.000000e+000, 0.000000e+000
 2.145000e-001, 2.317177e+003,-3.310835e+003, 9.973724e+002, 2.743780e+001, 8.528046e+001, 8.834323e+000, 0.000000e+000, 0.000000e+000, 0.000000e+000, 0.000000e+000
 2.145500e-001, 2.363531e+003,-3.295519e+003, 9.358992e+002, 2.846717e+001, 8.569006e+001, 6.718839e+000, 0.000000e+000, 0.000000e+000, 0.000000e+000, 0.000000e+000
 2.146000e-001, 2.408935e+003,-3.278852e+003, 8.741405e+002, 2.948925e+001, 8.607217e+001, 4.604780e+000, 0.000000e+000, 0.000000e+000, 0.000000e+000, 0.000000e+000
 2.146500e-001, 2.453598e+003,-3.261190e+003, 8.120295e+002, 3.050334e+001, 8.642603e+001, 2.492531e+000, 0.000000e+000, 0.000000e+000, 0.000000e+000, 0.000000e+000
 2.147000e-001, 2.497285e+003,-3.242193e+003, 7.496787e+002, 3.150836e+001, 8.675108e+001, 3.823692e-001, 0.000000e+000, 0.000000e+000, 0.000000e+000, 0.000000e+000
 2.147500e-001, 2.540193e+003,-3.222211e+003, 6.870188e+002, 3.250370e+001, 8.704650e+001,-1.725363e+000, 0.000000e+000, 0.000000e+000, 0.000000e+000, 0.000000e+000
 2.148000e-001, 2.582102e+003,-3.200911e+003, 6.241646e+002, 3.348820e+001, 8.731178e+001,-3.830393e+000, 0.000000e+000, 0.000000e+000, 0.000000e+000, 0.000000e+000
 2.148500e-001, 2.623193e+003,-3.178635e+003, 5.610453e+002, 3.446132e+001, 8.754604e+001,-5.932413e+000, 0.000000e+000, 0.000000e+000, 0.000000e+000, 0.000000e+000
 2.149000e-001, 2.663265e+003,-3.155063e+003, 4.977770e+002, 3.542184e+001, 8.774886e+001,-8.031145e+000, 0.000000e+000, 0.000000e+000, 0.000000e+000, 0.000000e+000
 2.149500e-001, 2.702479e+003,-3.130524e+003, 4.342885e+002, 3.636933e+001, 8.791931e+001,-1.012631e+001, 0.000000e+000, 0.000000e+000, 0.000000e+000, 0.000000e+000
 2.150000e-001, 2.740660e+003,-3.104715e+003, 3.706958e+002, 3.730249e+001, 8.805706e+001,-1.221763e+001, 0.000000e+000, 0.000000e+000, 0.000000e+000, 0.000000e+000
 2.150500e-001, 2.777940e+003,-3.077947e+003, 3.069285e+002, 3.822097e+001, 8.816116e+001,-1.430484e+001, 0.000000e+000, 0.000000e+000, 0.000000e+000, 0.000000e+000
 2.151000e-001, 2.814175e+003,-3.049938e+003, 2.431017e+002, 3.912344e+001, 8.823135e+001,-1.638764e+001, 0.000000e+000, 0.000000e+000, 0.000000e+000, 0.000000e+000
 2.151500e-001, 2.849468e+003,-3.020979e+003, 1.791463e+002, 4.000964e+001, 8.826666e+001,-1.846579e+001, 0.000000e+000, 0.000000e+000, 0.000000e+000, 0.000000e+000
 2.152000e-001, 2.883706e+003,-2.990811e+003, 1.151758e+002, 4.087821e+001, 8.826692e+001,-2.053898e+001, 0.000000e+000, 0.000000e+000, 0.000000e+000, 0.000000e+000
 2.152500e-001, 2.916959e+003,-2.959701e+003, 5.112323e+001, 4.172898e+001, 8.823118e+001,-2.260696e+001, 0.000000e+000, 0.000000e+000, 0.000000e+000, 0.000000e+000
 2.153000e-001, 2.949152e+003,-2.927417e+003,-1.290040e+001, 4.256057e+001, 8.815933e+001,-2.466941e+001, 0.000000e+000, 0.000000e+000, 0.000000e+000, 0.000000e+000
 2.153500e-001, 2.980319e+003,-2.894201e+003,-7.695920e+001, 4.337288e+001, 8.805046e+001,-2.672607e+001, 0.000000e+000, 0.000000e+000, 0.000000e+000, 0.000000e+000
 2.154000e-001, 3.010421e+003,-2.859848e+003,-1.409453e+002, 4.416457e+001, 8.790454e+001,-2.877659e+001, 0.000000e+000, 0.000000e+000, 0.000000e+000, 0.000000e+000
 2.154500e-001, 3.039456e+003,-2.824574e+003,-2.049196e+002, 4.493558e+001, 8.772068e+001,-3.082071e+001, 0.000000e+000, 0.000000e+000, 0.000000e+000, 0.000000e+000
 2.155000e-001, 3.067424e+003,-2.788200e+003,-2.687776e+002, 4.568460e+001, 8.749895e+001,-3.285806e+001, 0.000000e+000, 0.000000e+000, 0.000000e+000, 0.000000e+000
 2.155500e-001, 3.094286e+003,-2.750918e+003,-3.325769e+002, 4.641165e+001, 8.723851e+001,-3.488835e+001, 0.000000e+000, 0.000000e+000, 0.000000e+000, 0.000000e+000
 2.156000e-001, 3.120080e+003,-2.712578e+003,-3.962165e+002, 4.711545e+001, 8.693951e+001,-3.691117e+001, 0.000000e+000, 0.000000e+000, 0.000000e+000, 0.000000e+000
 2.156500e-001, 3.144729e+003,-2.673342e+003,-4.597507e+002, 4.779606e+001, 8.660120e+001,-3.892621e+001, 0.000000e+000, 0.000000e+000, 0.000000e+000, 0.000000e+000
 2.157000e-001, 3.168311e+003,-2.633089e+003,-5.230818e+002, 4.845230e+001, 8.622378e+001,-4.093305e+001, 0.000000e+000, 0.000000e+000, 0.000000e+000, 0.000000e+000
 2.157500e-001, 3.190713e+003,-2.591955e+003,-5.862612e+002, 4.908424e+001, 8.580659e+001,-4.293133e+001, 0.000000e+000, 0.000000e+000, 0.000000e+000, 0.000000e+000
 2.158000e-001, 3.212048e+003,-2.549848e+003,-6.491945e+002, 4.969080e+001, 8.534992e+001,-4.492059e+001, 0.000000e+000, 0.000000e+000, 0.000000e+000, 0.000000e+000
 2.158500e-001, 3.232171e+003,-2.506876e+003,-7.119300e+002, 5.027207e+001, 8.485321e+001,-4.690046e+001, 0.000000e+000, 0.000000e+000, 0.000000e+000, 0.000000e+000
 2.159000e-001, 3.251229e+003,-2.462975e+003,-7.743765e+002, 5.082708e+001, 8.431681e+001,-4.887042e+001, 0.000000e+000, 0.000000e+000, 0.000000e+000, 0.000000e+000
 2.159500e-001, 3.269043e+003,-2.418228e+003,-8.365797e+002, 5.135594e+001, 8.374029e+001,-5.083006e+001, 0.000000e+000, 0.000000e+000, 0.000000e+000, 0.000000e+000
 2.160000e-001, 3.285794e+003,-2.372595e+003,-8.984511e+002, 5.185778e+001, 8.312405e+001,-5.277885e+001, 0.000000e+000, 0.000000e+000, 0.000000e+000, 0.000000e+000
 2.160500e-001, 3.301275e+003,-2.326138e+003,-9.600346e+002, 5.233274e+001, 8.246780e+001,-5.471630e+001, 0.000000e+000, 0.000000e+000, 0.000000e+000, 0.000000e+000
 2.161000e-001, 3.315695e+003,-2.278840e+003,-1.021244e+003, 5.278008e+001, 8.177202e+001,-5.664188e+001, 0.000000e+000, 0.000000e+000, 0.000000e+000, 0.000000e+000
 2.161500e-001, 3.328821e+003,-2.230740e+003,-1.082121e+003, 5.319994e+001, 8.103651e+001,-5.855503e+001, 0.000000e+000, 0.000000e+000, 0.000000e+000, 0.000000e+000
 2.162000e-001, 3.340886e+003,-2.181843e+003,-1.142581e+003, 5.359170e+001, 8.026184e+001,-6.045519e+001, 0.000000e+000, 0.000000e+000, 0.000000e+000, 0.000000e+000
 2.162500e-001, 3.351639e+003,-2.132170e+003,-1.202666e+003, 5.395552e+001, 7.944796e+001,-6.234176e+001, 0.000000e+000, 0.000000e+000, 0.000000e+000, 0.000000e+000
 2.163000e-001, 3.361332e+003,-2.081745e+003,-1.262292e+003, 5.429094e+001, 7.859548e+001,-6.421413e+001, 0.000000e+000, 0.000000e+000, 0.000000e+000, 0.000000e+000
 2.163500e-001, 3.369695e+003,-2.030573e+003,-1.321500e+003, 5.459808e+001, 7.770451e+001,-6.607168e+001, 0.000000e+000, 0.000000e+000, 0.000000e+000, 0.000000e+000
 2.164000e-001, 3.377000e+003,-1.978691e+003,-1.380208e+003, 5.487665e+001, 7.677569e+001,-6.791374e+001, 0.000000e+000, 0.000000e+000, 0.000000e+000, 0.000000e+000
 2.164500e-001, 3.382963e+003,-1.926093e+003,-1.438457e+003, 5.512677e+001, 7.580930e+001,-6.973965e+001, 0.000000e+000, 0.000000e+000, 0.000000e+000, 0.000000e+000
 2.165000e-001, 3.387867e+003,-1.872829e+003,-1.496164e+003, 5.534829e+001, 7.480602e+001,-7.154872e+001, 0.000000e+000, 0.000000e+000, 0.000000e+000, 0.000000e+000
 2.165500e-001, 3.391421e+003,-1.818881e+003,-1.553370e+003, 5.554134e+001, 7.376628e+001,-7.334024e+001, 0.000000e+000, 0.000000e+000, 0.000000e+000, 0.000000e+000
 2.166000e-001, 3.393916e+003,-1.764312e+003,-1.609995e+003, 5.570589e+001, 7.269083e+001,-7.511348e+001, 0.000000e+000, 0.000000e+000, 0.000000e+000, 0.000000e+000
 2.166500e-001, 3.395057e+003,-1.709093e+003,-1.666079e+003, 5.584210e+001, 7.158019e+001,-7.686771e+001, 0.000000e+000, 0.000000e+000, 0.000000e+000, 0.000000e+000
 2.167000e-001, 3.395138e+003,-1.653296e+003,-1.721542e+003, 5.595007e+001, 7.043519e+001,-7.860215e+001, 0.000000e+000, 0.000000e+000, 0.000000e+000, 0.000000e+000
 2.167500e-001, 3.393864e+003,-1.596886e+003,-1.776425e+003, 5.602995e+001, 6.925649e+001,-8.031604e+001, 0.000000e+000, 0.000000e+000, 0.000000e+000, 0.000000e+000
 2.168000e-001, 3.391528e+003,-1.539940e+003,-1.830647e+003, 5.608199e+001, 6.804494e+001,-8.200858e+001, 0.000000e+000, 0.000000e+000, 0.000000e+000, 0.000000e+000
 2.168500e-001, 3.387841e+003,-1.482421e+003,-1.884251e+003, 5.610635e+001, 6.680136e+001,-8.367899e+001, 0.000000e+000, 0.000000e+000, 0.000000e+000, 0.000000e+000
 2.169000e-001, 3.383091e+003,-1.424407e+003,-1.937157e+003, 5.610339e+001, 6.552660e+001,-8.532642e+001, 0.000000e+000, 0.000000e+000, 0.000000e+000, 0.000000e+000
 2.169500e-001, 3.376995e+003,-1.365863e+003,-1.989406e+003, 5.607330e+001, 6.422162e+001,-8.695008e+001, 0.000000e+000, 0.000000e+000, 0.000000e+000, 0.000000e+000
 2.170000e-001, 3.369837e+003,-1.306864e+003,-2.040921e+003, 5.601655e+001, 6.288729e+001,-8.854910e+001, 0.000000e+000, 0.000000e+000, 0.000000e+000, 0.000000e+000
 2.170500e-001, 3.361342e+003,-1.247378e+003,-2.091741e+003, 5.593334e+001, 6.152470e+001,-9.012268e+001, 0.000000e+000, 0.000000e+000, 0.000000e+000, 0.000000e+000
 2.171000e-001, 3.351784e+003,-1.187478e+003,-2.141794e+003, 5.582424e+001, 6.013473e+001,-9.166990e+001, 0.000000e+000, 0.000000e+000, 0.000000e+000, 0.000000e+000
 2.171500e-001, 3.340901e+003,-1.127137e+003,-2.191113e+003, 5.568949e+001, 5.871856e+001,-9.318999e+001, 0.000000e+000, 0.000000e+000, 0.000000e+000, 0.000000e+000
 2.172000e-001, 3.328957e+003,-1.066421e+003,-2.239632e+003, 5.552974e+001, 5.727711e+001,-9.468198e+001, 0.000000e+000, 0.000000e+000, 0.000000e+000, 0.000000e+000
 2.172500e-001, 3.315700e+003,-1.005312e+003,-2.287381e+003, 5.534526e+001, 5.581164e+001,-9.614511e+001, 0.000000e+000, 0.000000e+000, 0.000000e+000, 0.000000e+000
 2.173000e-001, 3.301386e+003,-9.438655e+002,-2.334298e+003, 5.513676e+001, 5.432307e+001,-9.757841e+001, 0.000000e+000, 0.000000e+000, 0.000000e+000, 0.000000e+000
 2.173500e-001, 3.285775e+003,-8.820753e+002,-2.380408e+003, 5.490455e+001, 5.281275e+001,-9.898112e+001, 0.000000e+000, 0.000000e+000, 0.000000e+000, 0.000000e+000
 2.174000e-001, 3.269110e+003,-8.199865e+002,-2.425657e+003, 5.464943e+001, 5.128160e+001,-1.003522e+002, 0.000000e+000, 0.000000e+000, 0.000000e+000, 0.000000e+000
 2.174500e-001, 3.251167e+003,-7.576039e+002,-2.470063e+003, 5.437170e+001, 4.973103e+001,-1.016910e+002, 0.000000e+000, 0.000000e+000, 0.000000e+000, 0.000000e+000
 2.175000e-001, 3.232174e+003,-6.949603e+002,-2.513582e+003, 5.407223e+001, 4.816195e+001,-1.029965e+002, 0.000000e+000, 0.000000e+000, 0.000000e+000, 0.000000e+000
 2.175500e-001, 3.211924e+003,-6.320748e+002,-2.556219e+003, 5.375135e+001, 4.657582e+001,-1.042680e+002, 0.000000e+000, 0.000000e+000, 0.000000e+000, 0.000000e+000
 2.176000e-001, 3.190629e+003,-5.689651e+002,-2.597946e+003, 5.340997e+001, 4.497355e+001,-1.055044e+002, 0.000000e+000, 0.000000e+000, 0.000000e+000, 0.000000e+000
 2.176500e-001, 3.168101e+003,-5.056662e+002,-2.638755e+003, 5.304846e+001, 4.335661e+001,-1.067051e+002, 0.000000e+000, 0.000000e+000, 0.000000e+000, 0.000000e+000
 2.177000e-001, 3.144536e+003,-4.421798e+002,-2.678630e+003, 5.266773e+001, 4.172593e+001,-1.078690e+002, 0.000000e+000, 0.000000e+000, 0.000000e+000, 0.000000e+000
 2.177500e-001, 3.119760e+003,-3.785575e+002,-2.717552e+003, 5.226819e+001, 4.008297e+001,-1.089956e+002, 0.000000e+000, 0.000000e+000, 0.000000e+000, 0.000000e+000
 2.178000e-001, 3.093958e+003,-3.147841e+002,-2.755521e+003, 5.185078e+001, 3.842863e+001,-1.100838e+002, 0.000000e+000, 0.000000e+000, 0.000000e+000, 0.000000e+000
 2.178500e-001, 3.066970e+003,-2.509289e+002,-2.792500e+003, 5.141592e+001, 3.676439e+001,-1.111330e+002, 0.000000e+000, 0.000000e+000, 0.000000e+000, 0.000000e+000
 2.179000e-001, 3.038967e+003,-1.869587e+002,-2.828508e+003, 5.096455e+001, 3.509113e+001,-1.121423e+002, 0.000000e+000, 0.000000e+000, 0.000000e+000, 0.000000e+000
 2.179500e-001, 3.009806e+003,-1.229609e+002,-2.863491e+003, 5.049712e+001, 3.341030e+001,-1.131111e+002, 0.000000e+000, 0.000000e+000, 0.000000e+000, 0.000000e+000
 2.180000e-001, 2.979642e+003,-5.888427e+001,-2.897488e+003, 5.001456e+001, 3.172274e+001,-1.140383e+002, 0.000000e+000, 0.000000e+000, 0.000000e+000, 0.000000e+000
 2.180500e-001, 2.948350e+003, 5.165660e+000,-2.930425e+003, 4.951732e+001, 3.002989e+001,-1.149236e+002, 0.000000e+000, 0.000000e+000, 0.000000e+000, 0.000000e+000
 2.181000e-001, 2.916067e+003, 6.925819e+001,-2.962362e+003, 4.900635e+001, 2.833256e+001,-1.157659e+002, 0.000000e+000, 0.000000e+000, 0.000000e+000, 0.000000e+000
 2.181500e-001, 2.882688e+003, 1.332699e+002,-2.993207e+003, 4.848206e+001, 2.663212e+001,-1.165649e+002, 0.000000e+000, 0.000000e+000, 0.000000e+000, 0.000000e+000
 2.182000e-001, 2.848334e+003, 1.972879e+002,-3.023039e+003, 4.794541e+001, 2.492937e+001,-1.173196e+002, 0.000000e+000, 0.000000e+000, 0.000000e+000, 0.000000e+000
 2.182500e-001, 2.812915e+003, 2.611712e+002,-3.051745e+003, 4.739679e+001, 2.322561e+001,-1.180296e+002, 0.000000e+000, 0.000000e+000, 0.000000e+000, 0.000000e+000
 2.183000e-001, 2.776538e+003, 3.250242e+002,-3.079430e+003, 4.683715e+001, 2.152159e+001,-1.186941e+002, 0.000000e+000, 0.000000e+000, 0.000000e+000, 0.000000e+000
 2.183500e-001, 2.739131e+003, 3.886894e+002,-3.105958e+003, 4.626683e+001, 1.981856e+001,-1.193127e+002, 0.000000e+000, 0.000000e+000, 0.000000e+000, 0.000000e+000
 2.184000e-001, 2.700783e+003, 4.522874e+002,-3.131456e+003, 4.568679e+001, 1.811721e+001,-1.198846e+002, 0.000000e+000, 0.000000e+000, 0.000000e+000, 0.000000e+000
 2.184500e-001, 2.661442e+003, 5.156451e+002,-3.155767e+003, 4.509731e+001, 1.641873e+001,-1.204096e+002, 0.000000e+000, 0.000000e+000, 0.000000e+000, 0.000000e+000
 2.185000e-001, 2.621178e+003, 5.788982e+002,-3.179042e+003, 4.449934e+001, 1.472377e+001,-1.208869e+002, 0.000000e+000, 0.000000e+000, 0.000000e+000, 0.000000e+000
 2.185500e-001, 2.579960e+003, 6.418597e+002,-3.201101e+003, 4.389310e+001, 1.303340e+001,-1.213162e+002, 0.000000e+000, 0.000000e+000, 0.000000e+000, 0.000000e+000
 2.186000e-001, 2.537837e+003, 7.046787e+002,-3.222119e+003, 4.327952e+001, 1.134825e+001,-1.216970e+002, 0.000000e+000, 0.000000e+000, 0.000000e+000, 0.000000e+000
 2.186500e-001, 2.494802e+003, 7.671560e+002,-3.241895e+003, 4.265876e+001, 9.669292e+000,-1.220290e+002, 0.000000e+000, 0.000000e+000, 0.000000e+000, 0.000000e+000
 2.187000e-001, 2.450880e+003, 8.294520e+002,-3.260625e+003, 4.203172e+001, 7.997107e+000,-1.223115e+002, 0.000000e+000, 0.000000e+000, 0.000000e+000, 0.000000e+000
 2.187500e-001, 2.406089e+003, 8.913578e+002,-3.278088e+003, 4.139849e+001, 6.332561e+000,-1.225447e+002, 0.000000e+000, 0.000000e+000, 0.000000e+000, 0.000000e+000
 2.188000e-001, 2.360433e+003, 9.530428e+002,-3.294503e+003, 4.075995e+001, 4.676203e+000,-1.227278e+002, 0.000000e+000, 0.000000e+000, 0.000000e+000, 0.000000e+000
 2.188500e-001, 2.313951e+003, 1.014291e+003,-3.309631e+003, 4.011609e+001, 3.028781e+000,-1.228609e+002, 0.000000e+000, 0.000000e+000, 0.000000e+000, 0.000000e+000
 2.189000e-001, 2.266624e+003, 1.075278e+003,-3.323706e+003, 3.946776e+001, 1.390813e+000,-1.229435e+002, 0.000000e+000, 0.000000e+000, 0.000000e+000, 0.000000e+000
 2.189500e-001, 2.218520e+003, 1.135782e+003,-3.336475e+003, 3.881489e+001,-2.370749e-001,-1.229757e+002, 0.000000e+000, 0.000000e+000, 0.000000e+000, 0.000000e+000
 2.190000e-001, 2.169590e+003, 1.195985e+003,-3.348190e+003, 3.815828e+001,-1.854390e+000,-1.229571e+002, 0.000000e+000, 0.000000e+000, 0.000000e+000, 0.000000e+000
 2.190500e-001, 2.119933e+003, 1.255662e+003,-3.358582e+003, 3.749776e+001,-3.460634e+000,-1.228878e+002, 0.000000e+000, 0.000000e+000, 0.000000e+000, 0.000000e+000
 2.191000e-001, 2.069471e+003, 1.314994e+003,-3.367919e+003, 3.683412e+001,-5.055336e+000,-1.227676e+002, 0.000000e+000, 0.000000e+000, 0.000000e+000, 0.000000e+000
 2.191500e-001, 2.018332e+003, 1.373761e+003,-3.375920e+003, 3.616708e+001,-6.638123e+000,-1.225965e+002, 0.000000e+000, 0.000000e+000, 0.000000e+000, 0.000000e+000
 2.192000e-001, 1.966411e+003, 1.432139e+003,-3.382864e+003, 3.549738e+001,-8.208542e+000,-1.223744e+002, 0.000000e+000, 0.000000e+000, 0.000000e+000, 0.000000e+000
 2.192500e-001, 1.913864e+003, 1.489913e+003,-3.388462e+003, 3.482468e+001,-9.766349e+000,-1.221016e+002, 0.000000e+000, 0.000000e+000, 0.000000e+000, 0.000000e+000
 2.193000e-001, 1.860557e+003, 1.547255e+003,-3.393002e+003, 3.414965e+001,-1.131110e+001,-1.217780e+002, 0.000000e+000, 0.000000e+000, 0.000000e+000, 0.000000e+000
 2.193500e-001, 1.806680e+003, 1.603956e+003,-3.396189e+003, 3.347188e+001,-1.284268e+001,-1.214039e+002, 0.000000e+000, 0.000000e+000, 0.000000e+000, 0.000000e+000
 2.194000e-001, 1.752064e+003, 1.660180e+003,-3.398317e+003, 3.279198e+001,-1.436065e+001,-1.209793e+002, 0.000000e+000, 0.000000e+000, 0.000000e+000, 0.000000e+000
 2.194500e-001, 1.696932e+003, 1.715729e+003,-3.399089e+003, 3.210947e+001,-1.586502e+001,-1.205045e+002, 0.000000e+000, 0.000000e+000, 0.000000e+000, 0.000000e+000
 2.195000e-001, 1.641087e+003, 1.770755e+003,-3.398801e+003, 3.142490e+001,-1.735535e+001,-1.199797e+002, 0.000000e+000, 0.000000e+000, 0.000000e+000, 0.000000e+000
 2.195500e-001, 1.584781e+003, 1.825075e+003,-3.397156e+003, 3.073772e+001,-1.883177e+001,-1.194053e+002, 0.000000e+000, 0.000000e+000, 0.000000e+000, 0.000000e+000
 2.196000e-001, 1.527785e+003, 1.878824e+003,-3.394451e+003, 3.004843e+001,-2.029384e+001,-1.187815e+002, 0.000000e+000, 0.000000e+000, 0.000000e+000, 0.000000e+000
 2.196500e-001, 1.470385e+003, 1.931839e+003,-3.390392e+003, 2.935642e+001,-2.174180e+001,-1.181088e+002, 0.000000e+000, 0.000000e+000, 0.000000e+000, 0.000000e+000
 2.197000e-001, 1.412322e+003, 1.984236e+003,-3.385273e+003, 2.866211e+001,-2.317520e+001,-1.173876e+002, 0.000000e+000, 0.000000e+000, 0.000000e+000, 0.000000e+000
 2.197500e-001, 1.353911e+003, 2.035872e+003,-3.378805e+003, 2.796488e+001,-2.459438e+001,-1.166183e+002, 0.000000e+000, 0.000000e+000, 0.000000e+000, 0.000000e+000
 2.198000e-001, 1.294863e+003, 2.086841e+003,-3.371278e+003, 2.726504e+001,-2.599889e+001,-1.158015e+002, 0.000000e+000, 0.000000e+000, 0.000000e+000, 0.000000e+000
 2.198500e-001, 1.235524e+003, 2.137026e+003,-3.362411e+003, 2.656197e+001,-2.738916e+001,-1.149375e+002, 0.000000e+000, 0.000000e+000, 0.000000e+000, 0.000000e+000
 2.199000e-001, 1.175578e+003, 2.186494e+003,-3.352484e+003, 2.585589e+001,-2.876474e+001,-1.140272e+002, 0.000000e+000, 0.000000e+000, 0.000000e+000, 0.000000e+000
 2.199500e-001, 1.115394e+003, 2.235158e+003,-3.341230e+003, 2.514619e+001,-3.012613e+001,-1.130709e+002, 0.000000e+000, 0.000000e+000, 0.000000e+000, 0.000000e+000
 2.200000e-001, 1.054636e+003, 2.283055e+003,-3.328918e+003, 2.443299e+001,-3.147286e+001,-1.120695e+002, 0.000000e+000, 0.000000e+000, 0.000000e+000, 0.000000e+000
 2.200500e-001, 9.936938e+002, 2.330129e+003,-3.315293e+003, 2.371570e+001,-3.280551e+001,-1.110234e+002, 0.000000e+000, 0.000000e+000, 0.000000e+000, 0.000000e+000
 2.201000e-001, 9.322111e+002, 2.376388e+003,-3.300611e+003, 2.299435e+001,-3.412361e+001,-1.099335e+002, 0.000000e+000, 0.000000e+000, 0.000000e+000, 0.000000e+000
 2.201500e-001, 8.705967e+002, 2.421805e+003,-3.284635e+003, 2.226838e+001,-3.542777e+001,-1.088005e+002, 0.000000e+000, 0.000000e+000, 0.000000e+000, 0.000000e+000
 2.202000e-001, 8.084782e+002, 2.466359e+003,-3.267604e+003, 2.153773e+001,-3.671753e+001,-1.076252e+002, 0.000000e+000, 0.000000e+000, 0.000000e+000, 0.000000e+000
 2.202500e-001, 7.462784e+002, 2.510057e+003,-3.249298e+003, 2.080190e+001,-3.799353e+001,-1.064082e+002, 0.000000e+000, 0.000000e+000, 0.000000e+000, 0.000000e+000
 2.203000e-001, 6.836139e+002, 2.552842e+003,-3.229941e+003, 2.006072e+001,-3.925530e+001,-1.051506e+002, 0.000000e+000, 0.000000e+000, 0.000000e+000, 0.000000e+000
 2.203500e-001, 6.209162e+002, 2.594757e+003,-3.209332e+003, 1.931377e+001,-4.050352e+001,-1.038530e+002, 0.000000e+000, 0.000000e+000, 0.000000e+000, 0.000000e+000
 2.204000e-001, 5.577960e+002, 2.635713e+003,-3.187677e+003, 1.856079e+001,-4.173770e+001,-1.025165e+002, 0.000000e+000, 0.000000e+000, 0.000000e+000, 0.000000e+000
 2.204500e-001, 4.946884e+002, 2.675787e+003,-3.164794e+003, 1.780145e+001,-4.295853e+001,-1.011418e+002, 0.000000e+000, 0.000000e+000, 0.000000e+000, 0.000000e+000
 2.205000e-001, 4.312036e+002, 2.714854e+003,-3.140870e+003, 1.703538e+001,-4.416553e+001,-9.973012e+001, 0.000000e+000, 0.000000e+000, 0.000000e+000, 0.000000e+000
 2.205500e-001, 3.677747e+002, 2.753030e+003,-3.115745e+003, 1.626236e+001,-4.535937e+001,-9.828198e+001, 0.000000e+000, 0.000000e+000, 0.000000e+000, 0.000000e+000
 2.206000e-001, 3.040164e+002, 2.790154e+003,-3.089586e+003, 1.548195e+001,-4.653958e+001,-9.679873e+001, 0.000000e+000, 0.000000e+000, 0.000000e+000, 0.000000e+000
 2.206500e-001, 2.403549e+002, 2.826375e+003,-3.062255e+003, 1.469401e+001,-4.770681e+001,-9.528100e+001, 0.000000e+000, 0.000000e+000, 0.000000e+000, 0.000000e+000
 2.207000e-001, 1.764149e+002, 2.861503e+003,-3.033899e+003, 1.389805e+001,-4.886058e+001,-9.373012e+001, 0.000000e+000, 0.000000e+000, 0.000000e+000, 0.000000e+000
 2.207500e-001, 1.126099e+002, 2.895719e+003,-3.004400e+003, 1.309405e+001,-5.000151e+001,-9.214674e+001, 0.000000e+000, 0.000000e+000, 0.000000e+000, 0.000000e+000
 2.208000e-001, 4.857983e+001, 2.928801e+003,-2.973887e+003, 1.228145e+001,-5.112914e+001,-9.053223e+001, 0.000000e+000, 0.000000e+000, 0.000000e+000, 0.000000e+000
 2.208500e-001,-1.527945e+001, 2.960962e+003,-2.942263e+003, 1.146034e+001,-5.224404e+001,-8.888727e+001, 0.000000e+000, 0.000000e+000, 0.000000e+000, 0.000000e+000
 2.209000e-001,-7.930799e+001, 2.991950e+003,-2.909636e+003, 1.063012e+001,-5.334575e+001,-8.721320e+001, 0.000000e+000, 0.000000e+000, 0.000000e+000, 0.000000e+000
 2.209500e-001,-1.431324e+002, 3.022010e+003,-2.875931e+003, 9.791000e+000,-5.443478e+001,-8.551075e+001, 0.000000e+000, 0.000000e+000, 0.000000e+000, 0.000000e+000
 2.210000e-001,-2.070679e+002, 3.050861e+003,-2.841237e+003, 8.942349e+000,-5.551070e+001,-8.378127e+001, 0.000000e+000, 0.000000e+000, 0.000000e+000, 0.000000e+000
 2.210500e-001,-2.707682e+002, 3.078775e+003,-2.805499e+003, 8.084499e+000,-5.657391e+001,-8.202547e+001, 0.000000e+000, 0.000000e+000, 0.000000e+000, 0.000000e+000
 2.211000e-001,-3.345196e+002, 3.105448e+003,-2.768788e+003, 7.216798e+000,-5.762403e+001,-8.024471e+001, 0.000000e+000, 0.000000e+000, 0.000000e+000, 0.000000e+000
 2.211500e-001,-3.980068e+002, 3.131175e+003,-2.731068e+003, 6.339695e+000,-5.866138e+001,-7.843972e+001, 0.000000e+000, 0.000000e+000, 0.000000e+000, 0.000000e+000
 2.212000e-001,-4.614835e+002, 3.155632e+003,-2.692393e+003, 5.452540e+000,-5.968558e+001,-7.661182e+001, 0.000000e+000, 0.000000e+000, 0.000000e+000, 0.000000e+000
 2.212500e-001,-5.246688e+002, 3.179135e+003,-2.652745e+003, 4.555892e+000,-6.069685e+001,-7.476175e+001, 0.000000e+000, 0.000000e+000, 0.000000e+000, 0.000000e+000
 2.213000e-001,-5.877809e+002, 3.201341e+003,-2.612160e+003, 3.649115e+000,-6.169486e+001,-7.289081e+001, 0.000000e+000, 0.000000e+000, 0.000000e+000, 0.000000e+000
 2.213500e-001,-6.505757e+002, 3.222584e+003,-2.570641e+003, 2.732874e+000,-6.267971e+001,-7.099973e+001, 0.000000e+000, 0.000000e+000, 0.000000e+000, 0.000000e+000
 2.214000e-001,-7.132339e+002, 3.242509e+003,-2.528206e+003, 1.806566e+000,-6.365109e+001,-6.908977e+001, 0.000000e+000, 0.000000e+000, 0.000000e+000, 0.000000e+000
 2.214500e-001,-7.755504e+002, 3.261460e+003,-2.484874e+003, 8.709496e-001,-6.460901e+001,-6.716164e+001, 0.000000e+000, 0.000000e+000, 0.000000e+000, 0.000000e+000
 2.215000e-001,-8.376663e+002, 3.279075e+003,-2.440650e+003,-7.452948e-002,-6.555317e+001,-6.521660e+001, 0.000000e+000, 0.000000e+000, 0.000000e+000, 0.000000e+000
 2.215500e-001,-8.994169e+002, 3.295706e+003,-2.395568e+003,-1.029028e+000,-6.648347e+001,-6.325532e+001, 0.000000e+000, 0.000000e+000, 0.000000e+000, 0.000000e+000
 2.216000e-001,-9.609031e+002, 3.310986e+003,-2.349618e+003,-1.993038e+000,-6.739964e+001,-6.127900e+001, 0.000000e+000, 0.000000e+000, 0.000000e+000, 0.000000e+000
 2.216500e-001,-1.022001e+003, 3.325271e+003,-2.302850e+003,-2.965640e+000,-6.830145e+001,-5.928831e+001, 0.000000e+000, 0.000000e+000, 0.000000e+000, 0.000000e+000
 2.217000e-001,-1.082771e+003, 3.338195e+003,-2.255240e+003,-3.947255e+000,-6.918867e+001,-5.728440e+001, 0.000000e+000, 0.000000e+000, 0.000000e+000, 0.000000e+000
 2.217500e-001,-1.143131e+003, 3.350112e+003,-2.206854e+003,-4.936897e+000,-7.006095e+001,-5.526789e+001, 0.000000e+000, 0.000000e+000, 0.000000e+000, 0.000000e+000
 2.218000e-001,-1.203099e+003, 3.360662e+003,-2.157653e+003,-5.934904e+000,-7.091809e+001,-5.323989e+001, 0.000000e+000, 0.000000e+000, 0.000000e+000, 0.000000e+000
 2.218500e-001,-1.262635e+003, 3.370192e+003,-2.107719e+003,-6.940235e+000,-7.175961e+001,-5.120101e+001, 0.000000e+000, 0.000000e+000, 0.000000e+000, 0.000000e+000
 2.219000e-001,-1.321719e+003, 3.378352e+003,-2.056997e+003,-7.953136e+000,-7.258534e+001,-4.915227e+001, 0.000000e+000, 0.000000e+000, 0.000000e+000, 0.000000e+000
 2.219500e-001,-1.380347e+003, 3.385481e+003,-2.005585e+003,-8.972522e+000,-7.339470e+001,-4.709425e+001, 0.000000e+000, 0.000000e+000, 0.000000e+000, 0.000000e+000
 2.220000e-001,-1.438463e+003, 3.391240e+003,-1.953416e+003,-9.998545e+000,-7.418750e+001,-4.502792e+001, 0.000000e+000, 0.000000e+000, 0.000000e+000, 0.000000e+000
 2.220500e-001,-1.496101e+003, 3.395955e+003,-1.900600e+003,-1.103008e+001,-7.496308e+001,-4.295382e+001, 0.000000e+000, 0.000000e+000, 0.000000e+000, 0.000000e+000
 2.221000e-001,-1.553167e+003, 3.399305e+003,-1.847059e+003,-1.206719e+001,-7.572128e+001,-4.087287e+001, 0.000000e+000, 0.000000e+000, 0.000000e+000, 0.000000e+000
 2.221500e-001,-1.609733e+003, 3.401598e+003,-1.792915e+003,-1.310871e+001,-7.646130e+001,-3.878555e+001, 0.000000e+000, 0.000000e+000, 0.000000e+000, 0.000000e+000
 2.222000e-001,-1.665671e+003, 3.402533e+003,-1.738079e+003,-1.415461e+001,-7.718301e+001,-3.669273e+001, 0.000000e+000, 0.000000e+000, 0.000000e+000, 0.000000e+000
 2.222500e-001,-1.721085e+003, 3.402400e+003,-1.682684e+003,-1.520371e+001,-7.788553e+001,-3.459485e+001, 0.000000e+000, 0.000000e+000, 0.000000e+000, 0.000000e+000
 2.223000e-001,-1.775816e+003, 3.400919e+003,-1.626632e+003,-1.625588e+001,-7.856872e+001,-3.249271e+001, 0.000000e+000, 0.000000e+000, 0.000000e+000, 0.000000e+000
 2.223500e-001,-1.829999e+003, 3.398358e+003,-1.570066e+003,-1.730993e+001,-7.923162e+001,-3.038672e+001, 0.000000e+000, 0.000000e+000, 0.000000e+000, 0.000000e+000
 2.224000e-001,-1.883447e+003, 3.394463e+003,-1.512878e+003,-1.836563e+001,-7.987411e+001,-2.827762e+001, 0.000000e+000, 0.000000e+000, 0.000000e+000, 0.000000e+000
 2.224500e-001,-1.936323e+003, 3.389477e+003,-1.455223e+003,-1.942181e+001,-8.049514e+001,-2.616577e+001, 0.000000e+000, 0.000000e+000, 0.000000e+000, 0.000000e+000
 2.225000e-001,-1.988412e+003, 3.383173e+003,-1.396981e+003,-2.047813e+001,-8.109457e+001,-2.405187e+001, 0.000000e+000, 0.000000e+000, 0.000000e+000, 0.000000e+000
 2.225500e-001,-2.039905e+003, 3.375768e+003,-1.338319e+003,-2.153341e+001,-8.167134e+001,-2.193623e+001, 0.000000e+000, 0.000000e+000, 0.000000e+000, 0.000000e+000
 2.226000e-001,-2.090563e+003, 3.367063e+003,-1.279107e+003,-2.258726e+001,-8.222528e+001,-1.981949e+001, 0.000000e+000, 0.000000e+000, 0.000000e+000, 0.000000e+000
 2.226500e-001,-2.140601e+003, 3.357249e+003,-1.219521e+003,-2.363850e+001,-8.275526e+001,-1.770194e+001, 0.000000e+000, 0.000000e+000, 0.000000e+000, 0.000000e+000
 2.227000e-001,-2.189757e+003, 3.346156e+003,-1.159423e+003,-2.468666e+001,-8.326114e+001,-1.558416e+001, 0.000000e+000, 0.000000e+000, 0.000000e+000, 0.000000e+000
 2.227500e-001,-2.238268e+003, 3.333945e+003,-1.099000e+003,-2.573058e+001,-8.374175e+001,-1.346641e+001, 0.000000e+000, 0.000000e+000, 0.000000e+000, 0.000000e+000
 2.228000e-001,-2.285853e+003, 3.320479e+003,-1.038103e+003,-2.676973e+001,-8.419692e+001,-1.134922e+001, 0.000000e+000, 0.000000e+000, 0.000000e+000, 0.000000e+000
 2.228500e-001,-2.332768e+003, 3.305889e+003,-9.769276e+002,-2.780296e+001,-8.462548e+001,-9.232831e+000, 0.000000e+000, 0.000000e+000, 0.000000e+000, 0.000000e+000
 2.229000e-001,-2.378715e+003, 3.290068e+003,-9.153190e+002,-2.882969e+001,-8.502724e+001,-7.117725e+000, 0.000000e+000, 0.000000e+000, 0.000000e+000, 0.000000e+000
 2.229500e-001,-2.423968e+003, 3.273119e+003,-8.534789e+002,-2.984879e+001,-8.540103e+001,-5.004123e+000, 0.000000e+000, 0.000000e+000, 0.000000e+000, 0.000000e+000
 2.230000e-001,-2.468212e+003, 3.254965e+003,-7.912465e+002,-3.085965e+001,-8.574666e+001,-2.892466e+000, 0.000000e+000, 0.000000e+000, 0.000000e+000, 0.000000e+000
 2.230500e-001,-2.511737e+003, 3.235682e+003,-7.288299e+002,-3.186116e+001,-8.606295e+001,-7.829657e-001, 0.000000e+000, 0.000000e+000, 0.000000e+000, 0.000000e+000
 2.231000e-001,-2.554216e+003, 3.215220e+003,-6.660625e+002,-3.285269e+001,-8.634970e+001, 1.323977e+000, 0.000000e+000, 0.000000e+000, 0.000000e+000, 0.000000e+000
 2.231500e-001,-2.595953e+003, 3.193630e+003,-6.031583e+002,-3.383314e+001,-8.660577e+001, 3.428153e+000, 0.000000e+000, 0.000000e+000, 0.000000e+000, 0.000000e+000
 2.232000e-001,-2.636606e+003, 3.170889e+003,-5.399456e+002,-3.480187e+001,-8.683096e+001, 5.529195e+000, 0.000000e+000, 0.000000e+000, 0.000000e+000, 0.000000e+000
 2.232500e-001,-2.676495e+003, 3.147022e+003,-4.766431e+002,-3.575781e+001,-8.702414e+001, 7.626889e+000, 0.000000e+000, 0.000000e+000, 0.000000e+000, 0.000000e+000
 2.233000e-001,-2.715264e+003, 3.122034e+003,-4.130752e+002,-3.670034e+001,-8.718510e+001, 9.720898e+000, 0.000000e+000, 0.000000e+000, 0.000000e+000, 0.000000e+000
 2.233500e-001,-2.753248e+003, 3.095926e+003,-3.494643e+002,-3.762839e+001,-8.731281e+001, 1.181100e+001, 0.000000e+000, 0.000000e+000, 0.000000e+000, 0.000000e+000
 2.234000e-001,-2.790079e+003, 3.068726e+003,-2.856318e+002,-3.854135e+001,-8.740701e+001, 1.389687e+001, 0.000000e+000, 0.000000e+000, 0.000000e+000, 0.000000e+000
 2.234500e-001,-2.826104e+003, 3.040413e+003,-2.218027e+002,-3.943821e+001,-8.746675e+001, 1.597827e+001, 0.000000e+000, 0.000000e+000, 0.000000e+000, 0.000000e+000
 2.235000e-001,-2.860944e+003, 3.011039e+003,-1.577965e+002,-4.031835e+001,-8.749179e+001, 1.805491e+001, 0.000000e+000, 0.000000e+000, 0.000000e+000, 0.000000e+000
 2.235500e-001,-2.894957e+003, 2.980563e+003,-9.383951e+001,-4.118081e+001,-8.748123e+001, 2.012651e+001, 0.000000e+000, 0.000000e+000, 0.000000e+000, 0.000000e+000
 2.236000e-001,-2.927756e+003, 2.949056e+003,-2.975067e+001,-4.202501e+001,-8.743484e+001, 2.219280e+001, 0.000000e+000, 0.000000e+000, 0.000000e+000, 0.000000e+000
 2.236500e-001,-2.959711e+003, 2.916461e+003, 3.424373e+001,-4.285002e+001,-8.735184e+001, 2.425347e+001, 0.000000e+000, 0.000000e+000, 0.000000e+000, 0.000000e+000
 2.237000e-001,-2.990422e+003, 2.882867e+003, 9.832423e+001,-4.365527e+001,-8.723199e+001, 2.630824e+001, 0.000000e+000, 0.000000e+000, 0.000000e+000, 0.000000e+000
 2.237500e-001,-3.020271e+003, 2.848200e+003, 1.622655e+002,-4.443992e+001,-8.707459e+001, 2.835678e+001, 0.000000e+000, 0.000000e+000, 0.000000e+000, 0.000000e+000
 2.238000e-001,-3.048851e+003, 2.812567e+003, 2.262468e+002,-4.520342e+001,-8.687946e+001, 3.039881e+001, 0.000000e+000, 0.000000e+000, 0.000000e+000, 0.000000e+000
 2.238500e-001,-3.076551e+003, 2.775878e+003, 2.900447e+002,-4.594497e+001,-8.664597e+001, 3.243395e+001, 0.000000e+000, 0.000000e+000, 0.000000e+000, 0.000000e+000
 2.239000e-001,-3.102958e+003, 2.738255e+003, 3.538361e+002,-4.666408e+001,-8.637400e+001, 3.446192e+001, 0.000000e+000, 0.000000e+000, 0.000000e+000, 0.000000e+000
 2.239500e-001,-3.128470e+003, 2.699598e+003, 4.174005e+002,-4.736001e+001,-8.606303e+001, 3.648230e+001, 0.000000e+000, 0.000000e+000, 0.000000e+000, 0.000000e+000
 2.240000e-001,-3.152667e+003, 2.660040e+003, 4.809117e+002,-4.803230e+001,-8.571295e+001, 3.849479e+001, 0.000000e+000, 0.000000e+000, 0.000000e+000, 0.000000e+000
 2.240500e-001,-3.175953e+003, 2.619471e+003, 5.441529e+002,-4.868030e+001,-8.532338e+001, 4.049894e+001, 0.000000e+000, 0.000000e+000, 0.000000e+000, 0.000000e+000
 2.241000e-001,-3.197904e+003, 2.578034e+003, 6.072942e+002,-4.930357e+001,-8.489426e+001, 4.249440e+001, 0.000000e+000, 0.000000e+000, 0.000000e+000, 0.000000e+000
 2.241500e-001,-3.218932e+003, 2.535612e+003, 6.701229e+002,-4.990157e+001,-8.442530e+001, 4.448069e+001, 0.000000e+000, 0.000000e+000, 0.000000e+000, 0.000000e+000
 2.242000e-001,-3.238606e+003, 2.492355e+003, 7.328051e+002,-5.047387e+001,-8.391653e+001, 4.645745e+001, 0.000000e+000, 0.000000e+000, 0.000000e+000, 0.000000e+000
 2.242500e-001,-3.257343e+003, 2.448141e+003, 7.951328e+002,-5.102002e+001,-8.336778e+001, 4.842414e+001, 0.000000e+000, 0.000000e+000, 0.000000e+000, 0.000000e+000
 2.243000e-001,-3.274712e+003, 2.403128e+003, 8.572675e+002,-5.153963e+001,-8.277913e+001, 5.038036e+001, 0.000000e+000, 0.000000e+000, 0.000000e+000, 0.000000e+000
 2.243500e-001,-3.291131e+003, 2.357186e+003, 9.190062e+002,-5.203237e+001,-8.215053e+001, 5.232555e+001, 0.000000e+000, 0.000000e+000, 0.000000e+000, 0.000000e+000
 2.244000e-001,-3.306170e+003, 2.310480e+003, 9.805059e+002,-5.249787e+001,-8.148213e+001, 5.425925e+001, 0.000000e+000, 0.000000e+000, 0.000000e+000, 0.000000e+000
 2.244500e-001,-3.320246e+003, 2.262877e+003, 1.041568e+003,-5.293590e+001,-8.077402e+001, 5.618087e+001, 0.000000e+000, 0.000000e+000, 0.000000e+000, 0.000000e+000
 2.245000e-001,-3.332934e+003, 2.214546e+003, 1.102347e+003,-5.334611e+001,-8.002643e+001, 5.808991e+001, 0.000000e+000, 0.000000e+000, 0.000000e+000, 0.000000e+000
 2.245500e-001,-3.344645e+003, 2.165351e+003, 1.162647e+003,-5.372841e+001,-7.923954e+001, 5.998573e+001, 0.000000e+000, 0.000000e+000, 0.000000e+000, 0.000000e+000
 2.246000e-001,-3.354964e+003, 2.115463e+003, 1.222618e+003,-5.408245e+001,-7.841367e+001, 6.186779e+001, 0.000000e+000, 0.000000e+000, 0.000000e+000, 0.000000e+000
 2.246500e-001,-3.364293e+003, 2.064748e+003, 1.282071e+003,-5.440829e+001,-7.754915e+001, 6.373542e+001, 0.000000e+000, 0.000000e+000, 0.000000e+000, 0.000000e+000
 2.247000e-001,-3.372227e+003, 2.013376e+003, 1.341151e+003,-5.470558e+001,-7.664635e+001, 6.558804e+001, 0.000000e+000, 0.000000e+000, 0.000000e+000, 0.000000e+000
 2.247500e-001,-3.379159e+003, 1.961214e+003, 1.399672e+003,-5.497449e+001,-7.570573e+001, 6.742493e+001, 0.000000e+000, 0.000000e+000, 0.000000e+000, 0.000000e+000
 2.248000e-001,-3.384698e+003, 1.908431e+003, 1.457777e+003,-5.521473e+001,-7.472775e+001, 6.924548e+001, 0.000000e+000, 0.000000e+000, 0.000000e+000, 0.000000e+000
 2.248500e-001,-3.389221e+003, 1.854897e+003, 1.515285e+003,-5.542657e+001,-7.371297e+001, 7.104892e+001, 0.000000e+000, 0.000000e+000, 0.000000e+000, 0.000000e+000
 2.249000e-001,-3.392357e+003, 1.800780e+003, 1.572334e+003,-5.560973e+001,-7.266194e+001, 7.283460e+001, 0.000000e+000, 0.000000e+000, 0.000000e+000, 0.000000e+000
 2.249500e-001,-3.394463e+003, 1.745951e+003, 1.628747e+003,-5.576465e+001,-7.157532e+001, 7.460175e+001, 0.000000e+000, 0.000000e+000, 0.000000e+000, 0.000000e+000
 2.250000e-001,-3.395192e+003, 1.690577e+003, 1.684660e+003,-5.589102e+001,-7.045375e+001, 7.634964e+001, 0.000000e+000, 0.000000e+000, 0.000000e+000, 0.000000e+000
 2.250500e-001,-3.394876e+003, 1.634532e+003, 1.739898e+003,-5.598943e+001,-6.929800e+001, 7.807749e+001, 0.000000e+000, 0.000000e+000, 0.000000e+000, 0.000000e+000
 2.251000e-001,-3.393197e+003, 1.577982e+003, 1.794596e+003,-5.605958e+001,-6.810878e+001, 7.978454e+001, 0.000000e+000, 0.000000e+000, 0.000000e+000, 0.000000e+000
 2.251500e-001,-3.390458e+003, 1.520802e+003, 1.848581e+003,-5.610218e+001,-6.688696e+001, 8.146998e+001, 0.000000e+000, 0.000000e+000, 0.000000e+000, 0.000000e+000
 2.252000e-001,-3.386373e+003, 1.463156e+003, 1.901988e+003,-5.611695e+001,-6.563331e+001, 8.313301e+001, 0.000000e+000, 0.000000e+000, 0.000000e+000, 0.000000e+000
 2.252500e-001,-3.381214e+003, 1.404923e+003, 1.954643e+003,-5.610472e+001,-6.434879e+001, 8.477282e+001, 0.000000e+000, 0.000000e+000, 0.000000e+000, 0.000000e+000
 2.253000e-001,-3.374729e+003, 1.346263e+003, 2.006683e+003,-5.606522e+001,-6.303426e+001, 8.638856e+001, 0.000000e+000, 0.000000e+000, 0.000000e+000, 0.000000e+000
 2.253500e-001,-3.367156e+003, 1.287061e+003, 2.057935e+003,-5.599942e+001,-6.169075e+001, 8.797941e+001, 0.000000e+000, 0.000000e+000, 0.000000e+000, 0.000000e+000
 2.254000e-001,-3.358279e+003, 1.227472e+003, 2.108535e+003,-5.590703e+001,-6.031916e+001, 8.954451e+001, 0.000000e+000, 0.000000e+000, 0.000000e+000, 0.000000e+000
 2.254500e-001,-3.348301e+003, 1.167386e+003, 2.158310e+003,-5.578913e+001,-5.892062e+001, 9.108302e+001, 0.000000e+000, 0.000000e+000, 0.000000e+000, 0.000000e+000
 2.255000e-001,-3.337047e+003, 1.106952e+003, 2.207400e+003,-5.564547e+001,-5.749607e+001, 9.259406e+001, 0.000000e+000, 0.000000e+000, 0.000000e+000, 0.000000e+000
 2.255500e-001,-3.324677e+003, 1.046069e+003, 2.255628e+003,-5.547720e+001,-5.604669e+001, 9.407679e+001, 0.000000e+000, 0.000000e+000, 0.000000e+000, 0.000000e+000
 2.256000e-001,-3.311060e+003, 9.848768e+002, 2.303138e+003,-5.528410e+001,-5.457347e+001, 9.553032e+001, 0.000000e+000, 0.000000e+000, 0.000000e+000, 0.000000e+000
 2.256500e-001,-3.296315e+003, 9.232822e+002, 2.349751e+003,-5.506742e+001,-5.307766e+001, 9.695379e+001, 0.000000e+000, 0.000000e+000, 0.000000e+000, 0.000000e+000
 2.257000e-001,-3.280355e+003, 8.614194e+002, 2.395613e+003,-5.482694e+001,-5.156025e+001, 9.834632e+001, 0.000000e+000, 0.000000e+000, 0.000000e+000, 0.000000e+000
 2.257500e-001,-3.263256e+003, 7.992018e+002, 2.440545e+003,-5.456398e+001,-5.002256e+001, 9.970707e+001, 0.000000e+000, 0.000000e+000, 0.000000e+000, 0.000000e+000
 2.258000e-001,-3.244975e+003, 7.367560e+002, 2.484695e+003,-5.427835e+001,-4.846559e+001, 1.010351e+002, 0.000000e+000, 0.000000e+000, 0.000000e+000, 0.000000e+000
 2.258500e-001,-3.225544e+003, 6.740043e+002, 2.527883e+003,-5.397142e+001,-4.689069e+001, 1.023297e+002, 0.000000e+000, 0.000000e+000, 0.000000e+000, 0.000000e+000
 2.259000e-001,-3.204969e+003, 6.110643e+002, 2.570258e+003,-5.364304e+001,-4.529887e+001, 1.035898e+002, 0.000000e+000, 0.000000e+000, 0.000000e+000, 0.000000e+000
 2.259500e-001,-3.183234e+003, 5.478676e+002, 2.611640e+003,-5.329460e+001,-4.369151e+001, 1.048148e+002, 0.000000e+000, 0.000000e+000, 0.000000e+000, 0.000000e+000
 2.260000e-001,-3.160392e+003, 4.845226e+002, 2.652180e+003,-5.292599e+001,-4.206961e+001, 1.060036e+002, 0.000000e+000, 0.000000e+000, 0.000000e+000, 0.000000e+000
 2.260500e-001,-3.136385e+003, 4.209710e+002, 2.691698e+003,-5.253863e+001,-4.043456e+001, 1.071555e+002, 0.000000e+000, 0.000000e+000, 0.000000e+000, 0.000000e+000
 2.261000e-001,-3.111309e+003, 3.573108e+002, 2.730345e+003,-5.213244e+001,-3.878737e+001, 1.082698e+002, 0.000000e+000, 0.000000e+000, 0.000000e+000, 0.000000e+000
 2.261500e-001,-3.085063e+003, 2.934943e+002, 2.767944e+003,-5.170882e+001,-3.712941e+001, 1.093454e+002, 0.000000e+000, 0.000000e+000, 0.000000e+000, 0.000000e+000
 2.262000e-001,-3.057788e+003, 2.296089e+002, 2.804642e+003,-5.126776e+001,-3.546166e+001, 1.103818e+002, 0.000000e+000, 0.000000e+000, 0.000000e+000, 0.000000e+000
 2.262500e-001,-3.029341e+003, 1.656181e+002, 2.840268e+003,-5.081063e+001,-3.378549e+001, 1.113780e+002, 0.000000e+000, 0.000000e+000, 0.000000e+000, 0.000000e+000
 2.263000e-001,-2.999906e+003, 1.015978e+002, 2.874966e+003,-5.033745e+001,-3.210187e+001, 1.123334e+002, 0.000000e+000, 0.000000e+000, 0.000000e+000, 0.000000e+000
 2.263500e-001,-2.969299e+003, 3.752310e+001, 2.908568e+003,-4.984957e+001,-3.041212e+001, 1.132472e+002, 0.000000e+000, 0.000000e+000, 0.000000e+000, 0.000000e+000
 2.264000e-001,-2.937744e+003,-2.654164e+001, 2.941216e+003,-4.934705e+001,-2.871718e+001, 1.141187e+002, 0.000000e+000, 0.000000e+000, 0.000000e+000, 0.000000e+000
 2.264500e-001,-2.905022e+003,-9.060972e+001, 2.972748e+003,-4.883119e+001,-2.701834e+001, 1.149470e+002, 0.000000e+000, 0.000000e+000, 0.000000e+000, 0.000000e+000
 2.265000e-001,-2.871393e+003,-1.546286e+002, 3.003297e+003,-4.830210e+001,-2.531650e+001, 1.157318e+002, 0.000000e+000, 0.000000e+000, 0.000000e+000, 0.000000e+000
 2.265500e-001,-2.836603e+003,-2.185997e+002, 3.032714e+003,-4.776099e+001,-2.361290e+001, 1.164721e+002, 0.000000e+000, 0.000000e+000, 0.000000e+000, 0.000000e+000
 2.266000e-001,-2.800946e+003,-2.824824e+002, 3.061122e+003,-4.720802e+001,-2.190838e+001, 1.171675e+002, 0.000000e+000, 0.000000e+000, 0.000000e+000, 0.000000e+000
 2.266500e-001,-2.764139e+003,-3.462663e+002, 3.088382e+003,-4.664433e+001,-2.020416e+001, 1.178172e+002, 0.000000e+000, 0.000000e+000, 0.000000e+000, 0.000000e+000
 2.267000e-001,-2.726505e+003,-4.099230e+002, 3.114607e+003,-4.607012e+001,-1.850100e+001, 1.184208e+002, 0.000000e+000, 0.000000e+000, 0.000000e+000, 0.000000e+000
 2.267500e-001,-2.687734e+003,-4.734301e+002, 3.139672e+003,-4.548643e+001,-1.680005e+001, 1.189776e+002, 0.000000e+000, 0.000000e+000, 0.000000e+000, 0.000000e+000
 2.268000e-001,-2.648176e+003,-5.367710e+002, 3.163676e+003,-4.489349e+001,-1.510204e+001, 1.194873e+002, 0.000000e+000, 0.000000e+000, 0.000000e+000, 0.000000e+000
 2.268500e-001,-2.607498e+003,-5.999119e+002, 3.186510e+003,-4.429225e+001,-1.340802e+001, 1.199491e+002, 0.000000e+000, 0.000000e+000, 0.000000e+000, 0.000000e+000
 2.269000e-001,-2.566073e+003,-6.628480e+002, 3.208257e+003,-4.368296e+001,-1.171868e+001, 1.203628e+002, 0.000000e+000, 0.000000e+000, 0.000000e+000, 0.000000e+000
 2.269500e-001,-2.523547e+003,-7.255342e+002, 3.228829e+003,-4.306647e+001,-1.003500e+001, 1.207278e+002, 0.000000e+000, 0.000000e+000, 0.000000e+000, 0.000000e+000
 2.270000e-001,-2.480312e+003,-7.879767e+002, 3.248288e+003,-4.244304e+001,-8.357575e+000, 1.210440e+002, 0.000000e+000, 0.000000e+000, 0.000000e+000, 0.000000e+000
 2.270500e-001,-2.436000e+003,-8.501202e+002, 3.266567e+003,-4.181342e+001,-6.687331e+000, 1.213106e+002, 0.000000e+000, 0.000000e+000, 0.000000e+000, 0.000000e+000
 2.271000e-001,-2.391018e+003,-9.119814e+002, 3.283709e+003,-4.117787e+001,-5.024798e+000, 1.215277e+002, 0.000000e+000, 0.000000e+000, 0.000000e+000, 0.000000e+000
 2.271500e-001,-2.344985e+003,-9.734951e+002, 3.299670e+003,-4.053703e+001,-3.370807e+000, 1.216947e+002, 0.000000e+000, 0.000000e+000, 0.000000e+000, 0.000000e+000
 2.272000e-001,-2.298320e+003,-1.034688e+003, 3.314471e+003,-3.989117e+001,-1.725830e+000, 1.218116e+002, 0.000000e+000, 0.000000e+000, 0.000000e+000, 0.000000e+000
 2.272500e-001,-2.250632e+003,-1.095486e+003, 3.328091e+003,-3.924082e+001,-9.060826e-002, 1.218780e+002, 0.000000e+000, 0.000000e+000, 0.000000e+000, 0.000000e+000
 2.273000e-001,-2.202350e+003,-1.155924e+003, 3.340527e+003,-3.858623e+001, 1.534446e+000, 1.218939e+002, 0.000000e+000, 0.000000e+000, 0.000000e+000, 0.000000e+000
 2.273500e-001,-2.153077e+003,-1.215920e+003, 3.351786e+003,-3.792782e+001, 3.148684e+000, 1.218589e+002, 0.000000e+000, 0.000000e+000, 0.000000e+000, 0.000000e+000
 2.274000e-001,-2.103247e+003,-1.275519e+003, 3.361839e+003,-3.726582e+001, 4.751750e+000, 1.217733e+002, 0.000000e+000, 0.000000e+000, 0.000000e+000, 0.000000e+000
 2.274500e-001,-2.052460e+003,-1.334630e+003, 3.370721e+003,-3.660057e+001, 6.343088e+000, 1.216366e+002, 0.000000e+000, 0.000000e+000, 0.000000e+000, 0.000000e+000
 2.275000e-001,-2.001155e+003,-1.393305e+003, 3.378377e+003,-3.593225e+001, 7.922399e+000, 1.214493e+002, 0.000000e+000, 0.000000e+000, 0.000000e+000, 0.000000e+000
 2.275500e-001,-1.948928e+003,-1.451448e+003, 3.384868e+003,-3.526109e+001, 9.489212e+000, 1.212108e+002, 0.000000e+000, 0.000000e+000, 0.000000e+000, 0.000000e+000
 2.276000e-001,-1.896219e+003,-1.509117e+003, 3.390115e+003,-3.458726e+001, 1.104329e+001, 1.209218e+002, 0.000000e+000, 0.000000e+000, 0.000000e+000, 0.000000e+000
 2.276500e-001,-1.842628e+003,-1.566211e+003, 3.394206e+003,-3.391088e+001, 1.258423e+001, 1.205818e+002, 0.000000e+000, 0.000000e+000, 0.000000e+000, 0.000000e+000
 2.277000e-001,-1.788592e+003,-1.622792e+003, 3.397036e+003,-3.323209e+001, 1.411187e+001, 1.201916e+002, 0.000000e+000, 0.000000e+000, 0.000000e+000, 0.000000e+000
 2.277500e-001,-1.733714e+003,-1.678756e+003, 3.398719e+003,-3.255091e+001, 1.562588e+001, 1.197507e+002, 0.000000e+000, 0.000000e+000, 0.000000e+000, 0.000000e+000
 2.278000e-001,-1.678429e+003,-1.734170e+003, 3.399127e+003,-3.186745e+001, 1.712612e+001, 1.192600e+002, 0.000000e+000, 0.000000e+000, 0.000000e+000, 0.000000e+000
 2.278500e-001,-1.622342e+003,-1.788925e+003, 3.398400e+003,-3.118164e+001, 1.861237e+001, 1.187191e+002, 0.000000e+000, 0.000000e+000, 0.000000e+000, 0.000000e+000
 2.279000e-001,-1.565887e+003,-1.843094e+003, 3.396386e+003,-3.049354e+001, 2.008453e+001, 1.181290e+002, 0.000000e+000, 0.000000e+000, 0.000000e+000, 0.000000e+000
 2.279500e-001,-1.508673e+003,-1.896564e+003, 3.393249e+003,-2.980301e+001, 2.154244e+001, 1.174894e+002, 0.000000e+000, 0.000000e+000, 0.000000e+000, 0.000000e+000
 2.280000e-001,-1.451128e+003,-1.949411e+003, 3.388814e+003,-2.911006e+001, 2.298603e+001, 1.168012e+002, 0.000000e+000, 0.000000e+000, 0.000000e+000, 0.000000e+000
 2.280500e-001,-1.392870e+003,-2.001521e+003, 3.383270e+003,-2.841448e+001, 2.441521e+001, 1.160645e+002, 0.000000e+000, 0.000000e+000, 0.000000e+000, 0.000000e+000
 2.281000e-001,-1.334319e+003,-2.052970e+003, 3.376421e+003,-2.771625e+001, 2.582995e+001, 1.152800e+002, 0.000000e+000, 0.000000e+000, 0.000000e+000, 0.000000e+000
 2.281500e-001,-1.275099e+003,-2.103646e+003, 3.368477e+003,-2.701508e+001, 2.723022e+001, 1.144480e+002, 0.000000e+000, 0.000000e+000, 0.000000e+000, 0.000000e+000
 2.282000e-001,-1.215625e+003,-2.153627e+003, 3.359224e+003,-2.631093e+001, 2.861601e+001, 1.135692e+002, 0.000000e+000, 0.000000e+000, 0.000000e+000, 0.000000e+000
 2.282500e-001,-1.155530e+003,-2.202797e+003, 3.348889e+003,-2.560343e+001, 2.998733e+001, 1.126440e+002, 0.000000e+000, 0.000000e+000, 0.000000e+000, 0.000000e+000
 2.283000e-001,-1.095217e+003,-2.251238e+003, 3.337245e+003,-2.489253e+001, 3.134422e+001, 1.116733e+002, 0.000000e+000, 0.000000e+000, 0.000000e+000, 0.000000e+000
 2.283500e-001,-1.034332e+003,-2.298833e+003, 3.324533e+003,-2.417780e+001, 3.268671e+001, 1.106575e+002, 0.000000e+000, 0.000000e+000, 0.000000e+000, 0.000000e+000
 2.284000e-001,-9.732677e+002,-2.345666e+003, 3.310515e+003,-2.345917e+001, 3.401487e+001, 1.095974e+002, 0.000000e+000, 0.000000e+000, 0.000000e+000, 0.000000e+000
 2.284500e-001,-9.116805e+002,-2.391618e+003, 3.295443e+003,-2.273615e+001, 3.532874e+001, 1.084936e+002, 0.000000e+000, 0.000000e+000, 0.000000e+000, 0.000000e+000
 2.285000e-001,-8.499510e+002,-2.436776e+003, 3.279071e+003,-2.200868e+001, 3.662843e+001, 1.073471e+002, 0.000000e+000, 0.000000e+000, 0.000000e+000, 0.000000e+000
 2.285500e-001,-7.877497e+002,-2.481021e+003, 3.261660e+003,-2.127621e+001, 3.791399e+001, 1.061583e+002, 0.000000e+000, 0.000000e+000, 0.000000e+000, 0.000000e+000
 2.286000e-001,-7.254431e+002,-2.524440e+003, 3.242957e+003,-2.053870e+001, 3.918556e+001, 1.049284e+002, 0.000000e+000, 0.000000e+000, 0.000000e+000, 0.000000e+000
 2.286500e-001,-6.627166e+002,-2.566914e+003, 3.223229e+003,-1.979555e+001, 4.044318e+001, 1.036580e+002, 0.000000e+000, 0.000000e+000, 0.000000e+000, 0.000000e+000
 2.287000e-001,-5.999213e+002,-2.608532e+003, 3.202222e+003,-1.904673e+001, 4.168700e+001, 1.023479e+002, 0.000000e+000, 0.000000e+000, 0.000000e+000, 0.000000e+000
 2.287500e-001,-5.367593e+002,-2.649175e+003, 3.180206e+003,-1.829162e+001, 4.291708e+001, 1.009992e+002, 0.000000e+000, 0.000000e+000, 0.000000e+000, 0.000000e+000
 2.288000e-001,-4.735643e+002,-2.688935e+003, 3.156926e+003,-1.753021e+001, 4.413355e+001, 9.961265e+001, 0.000000e+000, 0.000000e+000, 0.000000e+000, 0.000000e+000
 2.288500e-001,-4.100569e+002,-2.727688e+003, 3.132650e+003,-1.676186e+001, 4.533649e+001, 9.818925e+001, 0.000000e+000, 0.000000e+000, 0.000000e+000, 0.000000e+000
 2.289000e-001,-3.465516e+002,-2.765531e+003, 3.107130e+003,-1.598658e+001, 4.652602e+001, 9.672988e+001, 0.000000e+000, 0.000000e+000, 0.000000e+000, 0.000000e+000
 2.289500e-001,-2.827895e+002,-2.802340e+003, 3.080629e+003,-1.520373e+001, 4.770220e+001, 9.523560e+001, 0.000000e+000, 0.000000e+000, 0.000000e+000, 0.000000e+000
 2.290000e-001,-2.190634e+002,-2.838214e+003, 3.052906e+003,-1.441337e+001, 4.886516e+001, 9.370725e+001, 0.000000e+000, 0.000000e+000, 0.000000e+000, 0.000000e+000
 2.290500e-001,-1.551374e+002,-2.873024e+003, 3.024216e+003,-1.361482e+001, 5.001493e+001, 9.214600e+001, 0.000000e+000, 0.000000e+000, 0.000000e+000, 0.000000e+000
 2.291000e-001,-9.128053e+001,-2.906877e+003, 2.994331e+003,-1.280824e+001, 5.115164e+001, 9.055264e+001, 0.000000e+000, 0.000000e+000, 0.000000e+000, 0.000000e+000
 2.291500e-001,-2.728166e+001,-2.939640e+003, 2.963493e+003,-1.199291e+001, 5.227528e+001, 8.892843e+001, 0.000000e+000, 0.000000e+000, 0.000000e+000, 0.000000e+000
 2.292000e-001, 3.661627e+001,-2.971424e+003, 2.931487e+003,-1.116908e+001, 5.338598e+001, 8.727414e+001, 0.000000e+000, 0.000000e+000, 0.000000e+000, 0.000000e+000
 2.292500e-001, 1.005970e+002,-3.002092e+003, 2.898544e+003,-1.033603e+001, 5.448370e+001, 8.559105e+001, 0.000000e+000, 0.000000e+000, 0.000000e+000, 0.000000e+000
 2.293000e-001, 1.644462e+002,-3.031761e+003, 2.864465e+003,-9.494068e+000, 5.556855e+001, 8.387993e+001, 0.000000e+000, 0.000000e+000, 0.000000e+000, 0.000000e+000
 2.293500e-001, 2.283180e+002,-3.060290e+003, 2.829464e+003,-8.642508e+000, 5.664045e+001, 8.214210e+001, 0.000000e+000, 0.000000e+000, 0.000000e+000, 0.000000e+000
 2.294000e-001, 2.920286e+002,-3.087802e+003, 2.793359e+003,-7.781730e+000, 5.769949e+001, 8.037830e+001, 0.000000e+000, 0.000000e+000, 0.000000e+000, 0.000000e+000
 2.294500e-001, 3.557010e+002,-3.114151e+003, 2.756350e+003,-6.911066e+000, 5.874556e+001, 7.858987e+001, 0.000000e+000, 0.000000e+000, 0.000000e+000, 0.000000e+000
 2.295000e-001, 4.191837e+002,-3.139465e+003, 2.718272e+003,-6.030986e+000, 5.977870e+001, 7.677753e+001, 0.000000e+000, 0.000000e+000, 0.000000e+000, 0.000000e+000
 2.295500e-001, 4.825664e+002,-3.163596e+003, 2.679307e+003,-5.140848e+000, 6.079879e+001, 7.494263e+001, 0.000000e+000, 0.000000e+000, 0.000000e+000, 0.000000e+000
 2.296000e-001, 5.457322e+002,-3.186676e+003, 2.639312e+003,-4.241210e+000, 6.180582e+001, 7.308587e+001, 0.000000e+000, 0.000000e+000, 0.000000e+000, 0.000000e+000
 2.296500e-001, 6.087357e+002,-3.208553e+003, 2.598446e+003,-3.331468e+000, 6.279963e+001, 7.120859e+001, 0.000000e+000, 0.000000e+000, 0.000000e+000, 0.000000e+000
 2.297000e-001, 6.714958e+002,-3.229366e+003, 2.556590e+003,-2.412266e+000, 6.378017e+001, 6.931145e+001, 0.000000e+000, 0.000000e+000, 0.000000e+000, 0.000000e+000
 2.297500e-001, 7.340312e+002,-3.248959e+003, 2.513883e+003,-1.483050e+000, 6.474725e+001, 6.739580e+001, 0.000000e+000, 0.000000e+000, 0.000000e+000, 0.000000e+000
 2.298000e-001, 7.962977e+002,-3.267474e+003, 2.470225e+003,-5.445442e-001, 6.570076e+001, 6.546225e+001, 0.000000e+000, 0.000000e+000, 0.000000e+000, 0.000000e+000
 2.298500e-001, 8.582769e+002,-3.284753e+003, 2.425738e+003, 4.037453e-001, 6.664048e+001, 6.351213e+001, 0.000000e+000, 0.000000e+000, 0.000000e+000, 0.000000e+000
 2.299000e-001, 9.199622e+002,-3.300943e+003, 2.380342e+003, 1.361017e+000, 6.756625e+001, 6.154603e+001, 0.000000e+000, 0.000000e+000, 0.000000e+000, 0.000000e+000
 2.299500e-001, 9.812980e+002,-3.315884e+003, 2.334138e+003, 2.327695e+000, 6.847782e+001, 5.956524e+001, 0.000000e+000, 0.000000e+000, 0.000000e+000, 0.000000e+000
 2.300000e-001, 1.042316e+003,-3.329724e+003, 2.287070e+003, 3.302910e+000, 6.937496e+001, 5.757032e+001, 0.000000e+000, 0.000000e+000, 0.000000e+000, 0.000000e+000
 2.300500e-001, 1.102922e+003,-3.342304e+003, 2.239216e+003, 4.287007e+000, 7.025740e+001, 5.556250e+001, 0.000000e+000, 0.000000e+000, 0.000000e+000, 0.000000e+000
 2.301000e-001, 1.163186e+003,-3.353774e+003, 2.190542e+003, 5.279056e+000, 7.112482e+001, 5.354232e+001, 0.000000e+000, 0.000000e+000, 0.000000e+000, 0.000000e+000
 2.301500e-001, 1.222978e+003,-3.363977e+003, 2.141107e+003, 6.279313e+000, 7.197697e+001, 5.151097e+001, 0.000000e+000, 0.000000e+000, 0.000000e+000, 0.000000e+000
 2.302000e-001, 1.282403e+003,-3.373059e+003, 2.090897e+003, 7.286800e+000, 7.281342e+001, 4.946894e+001, 0.000000e+000, 0.000000e+000, 0.000000e+000, 0.000000e+000
 2.302500e-001, 1.341297e+003,-3.380867e+003, 2.039953e+003, 8.301676e+000, 7.363390e+001, 4.741735e+001, 0.000000e+000, 0.000000e+000, 0.000000e+000, 0.000000e+000
 2.303000e-001, 1.399799e+003,-3.387548e+003, 1.988279e+003, 9.322927e+000, 7.443795e+001, 4.535669e+001, 0.000000e+000, 0.000000e+000, 0.000000e+000, 0.000000e+000
 2.303500e-001, 1.457713e+003,-3.392951e+003, 1.935898e+003, 1.035061e+001, 7.522524e+001, 4.328799e+001, 0.000000e+000, 0.000000e+000, 0.000000e+000, 0.000000e+000
 2.304000e-001, 1.515209e+003,-3.397219e+003, 1.882834e+003, 1.138367e+001, 7.599524e+001, 4.121172e+001, 0.000000e+000, 0.000000e+000, 0.000000e+000, 0.000000e+000
 2.304500e-001, 1.572062e+003,-3.400209e+003, 1.829093e+003, 1.242207e+001, 7.674762e+001, 3.912884e+001, 0.000000e+000, 0.000000e+000, 0.000000e+000, 0.000000e+000
 2.305000e-001, 1.628472e+003,-3.402056e+003, 1.774714e+003, 1.346476e+001, 7.748177e+001, 3.703978e+001, 0.000000e+000, 0.000000e+000, 0.000000e+000, 0.000000e+000
 2.305500e-001, 1.684184e+003,-3.402630e+003, 1.719690e+003, 1.451155e+001, 7.819734e+001, 3.494545e+001, 0.000000e+000, 0.000000e+000, 0.000000e+000, 0.000000e+000
 2.306000e-001, 1.739427e+003,-3.402052e+003, 1.664075e+003, 1.556140e+001, 7.889365e+001, 3.284623e+001, 0.000000e+000, 0.000000e+000, 0.000000e+000, 0.000000e+000
 2.306500e-001, 1.793922e+003,-3.400207e+003, 1.607848e+003, 1.661403e+001, 7.957037e+001, 3.074296e+001, 0.000000e+000, 0.000000e+000, 0.000000e+000, 0.000000e+000
 2.307000e-001, 1.847919e+003,-3.397205e+003, 1.551075e+003, 1.766840e+001, 8.022670e+001, 2.863601e+001, 0.000000e+000, 0.000000e+000, 0.000000e+000, 0.000000e+000
 2.307500e-001, 1.901120e+003,-3.392943e+003, 1.493726e+003, 1.872409e+001, 8.086234e+001, 2.652611e+001, 0.000000e+000, 0.000000e+000, 0.000000e+000, 0.000000e+000
 2.308000e-001, 1.953794e+003,-3.387520e+003, 1.435877e+003, 1.978011e+001, 8.147643e+001, 2.441364e+001, 0.000000e+000, 0.000000e+000, 0.000000e+000, 0.000000e+000
 2.308500e-001, 2.005628e+003,-3.380848e+003, 1.377488e+003, 2.083591e+001, 8.206863e+001, 2.229926e+001, 0.000000e+000, 0.000000e+000, 0.000000e+000, 0.000000e+000
 2.309000e-001, 2.056904e+003,-3.373009e+003, 1.318645e+003, 2.189055e+001, 8.263804e+001, 2.018331e+001, 0.000000e+000, 0.000000e+000, 0.000000e+000, 0.000000e+000
 2.309500e-001, 2.107298e+003,-3.363936e+003, 1.259301e+003, 2.294337e+001, 8.318435e+001, 1.806637e+001, 0.000000e+000, 0.000000e+000, 0.000000e+000, 0.000000e+000
 2.310000e-001, 2.157102e+003,-3.353692e+003, 1.199548e+003, 2.399345e+001, 8.370656e+001, 1.594879e+001, 0.000000e+000, 0.000000e+000, 0.000000e+000, 0.000000e+000
 2.310500e-001, 2.205988e+003,-3.342230e+003, 1.139334e+003, 2.504004e+001, 8.420438e+001, 1.383107e+001, 0.000000e+000, 0.000000e+000, 0.000000e+000, 0.000000e+000
 2.311000e-001, 2.254248e+003,-3.329594e+003, 1.078756e+003, 2.608227e+001, 8.467679e+001, 1.171354e+001, 0.000000e+000, 0.000000e+000, 0.000000e+000, 0.000000e+000
 2.311500e-001, 2.301556e+003,-3.315761e+003, 1.017758e+003, 2.711928e+001, 8.512348e+001, 9.596646e+000, 0.000000e+000, 0.000000e+000, 0.000000e+000, 0.000000e+000
 2.312000e-001, 2.348204e+003,-3.300750e+003, 9.564413e+002, 2.815027e+001, 8.554338e+001, 7.480712e+000, 0.000000e+000, 0.000000e+000, 0.000000e+000, 0.000000e+000
 2.312500e-001, 2.393869e+003,-3.284564e+003, 8.947479e+002, 2.917430e+001, 8.593623e+001, 5.366115e+000, 0.000000e+000, 0.000000e+000, 0.000000e+000, 0.000000e+000
 2.313000e-001, 2.438838e+003,-3.267200e+003, 8.327797e+002, 3.019062e+001, 8.630092e+001, 3.253179e+000, 0.000000e+000, 0.000000e+000, 0.000000e+000, 0.000000e+000
 2.313500e-001, 2.482796e+003,-3.248685e+003, 7.704787e+002, 3.119820e+001, 8.663719e+001, 1.142231e+000, 0.000000e+000, 0.000000e+000, 0.000000e+000, 0.000000e+000
 2.314000e-001, 2.526020e+003,-3.228990e+003, 7.079471e+002, 3.219638e+001, 8.694392e+001,-9.664099e-001, 0.000000e+000, 0.000000e+000, 0.000000e+000, 0.000000e+000
 2.314500e-001, 2.568210e+003,-3.208171e+003, 6.451277e+002, 3.318404e+001, 8.722089e+001,-3.072458e+000, 0.000000e+000, 0.000000e+000, 0.000000e+000, 0.000000e+000
 2.315000e-001, 2.609627e+003,-3.186174e+003, 5.821217e+002, 3.416062e+001, 8.746696e+001,-5.175591e+000, 0.000000e+000, 0.000000e+000, 0.000000e+000, 0.000000e+000
 2.315500e-001, 2.649990e+003,-3.163082e+003, 5.188737e+002, 3.512492e+001, 8.768192e+001,-7.275559e+000, 0.000000e+000, 0.000000e+000, 0.000000e+000, 0.000000e+000
 2.316000e-001, 2.689541e+003,-3.138813e+003, 4.554827e+002, 3.607644e+001, 8.786466e+001,-9.372038e+000, 0.000000e+000, 0.000000e+000, 0.000000e+000, 0.000000e+000
 2.316500e-001, 2.728020e+003,-3.113480e+003, 3.918961e+002, 3.701396e+001, 8.801500e+001,-1.146480e+001, 0.000000e+000, 0.000000e+000, 0.000000e+000, 0.000000e+000
 2.317000e-001, 2.765647e+003,-3.086975e+003, 3.282102e+002, 3.793706e+001, 8.813184e+001,-1.355351e+001, 0.000000e+000, 0.000000e+000, 0.000000e+000, 0.000000e+000
 2.317500e-001, 2.802188e+003,-3.059437e+003, 2.643756e+002, 3.884447e+001, 8.821501e+001,-1.563796e+001, 0.000000e+000, 0.000000e+000, 0.000000e+000, 0.000000e+000
 2.318000e-001, 2.837838e+003,-3.030733e+003, 2.004852e+002, 3.973586e+001, 8.826348e+001,-1.771781e+001, 0.000000e+000, 0.000000e+000, 0.000000e+000, 0.000000e+000
 2.318500e-001, 2.872389e+003,-3.001029e+003, 1.364932e+002, 4.060992e+001, 8.827711e+001,-1.979285e+001, 0.000000e+000, 0.000000e+000, 0.000000e+000, 0.000000e+000
 2.319000e-001, 2.906010e+003,-2.970167e+003, 7.248895e+001, 4.146640e+001, 8.825491e+001,-2.186272e+001, 0.000000e+000, 0.000000e+000, 0.000000e+000, 0.000000e+000
 2.319500e-001, 2.938522e+003,-2.938341e+003, 8.430427e+000, 4.230402e+001, 8.819676e+001,-2.392722e+001, 0.000000e+000, 0.000000e+000, 0.000000e+000, 0.000000e+000
 2.320000e-001, 2.970066e+003,-2.905365e+003,-5.559697e+001, 4.312256e+001, 8.810177e+001,-2.598598e+001, 0.000000e+000, 0.000000e+000, 0.000000e+000, 0.000000e+000
 2.320500e-001, 3.000493e+003,-2.871460e+003,-1.196313e+002, 4.392076e+001, 8.796984e+001,-2.803877e+001, 0.000000e+000, 0.000000e+000, 0.000000e+000, 0.000000e+000
 2.321000e-001, 3.029913e+003,-2.836419e+003,-1.835911e+002, 4.469847e+001, 8.780015e+001,-3.008521e+001, 0.000000e+000, 0.000000e+000, 0.000000e+000, 0.000000e+000
 2.321500e-001, 3.058212e+003,-2.800485e+003,-2.475107e+002, 4.545448e+001, 8.759267e+001,-3.212503e+001, 0.000000e+000, 0.000000e+000, 0.000000e+000, 0.000000e+000
 2.322000e-001, 3.085467e+003,-2.763428e+003,-3.113123e+002, 4.618866e+001, 8.734663e+001,-3.415786e+001, 0.000000e+000, 0.000000e+000, 0.000000e+000, 0.000000e+000
 2.322500e-001, 3.111596e+003,-2.725517e+003,-3.750269e+002, 4.689986e+001, 8.706207e+001,-3.618341e+001, 0.000000e+000, 0.000000e+000, 0.000000e+000, 0.000000e+000
 2.323000e-001, 3.136647e+003,-2.686498e+003,-4.385799e+002, 4.758802e+001, 8.673833e+001,-3.820124e+001, 0.000000e+000, 0.000000e+000, 0.000000e+000, 0.000000e+000
 2.323500e-001, 3.160569e+003,-2.646663e+003,-5.019995e+002, 4.825204e+001, 8.637547e+001,-4.021106e+001, 0.000000e+000, 0.000000e+000, 0.000000e+000, 0.000000e+000
 2.324000e-001, 3.183380e+003,-2.605740e+003,-5.652141e+002, 4.889189e+001, 8.597297e+001,-4.221240e+001, 0.000000e+000, 0.000000e+000, 0.000000e+000, 0.000000e+000
 2.324500e-001, 3.205059e+003,-2.564037e+003,-6.282494e+002, 4.950657e+001, 8.553093e+001,-4.420491e+001, 0.000000e+000, 0.000000e+000, 0.000000e+000, 0.000000e+000
 2.325000e-001, 3.225597e+003,-2.521269e+003,-6.910359e+002, 5.009607e+001, 8.504895e+001,-4.618814e+001, 0.000000e+000, 0.000000e+000, 0.000000e+000, 0.000000e+000
 2.325500e-001, 3.245003e+003,-2.477759e+003,-7.535983e+002, 5.065948e+001, 8.452718e+001,-4.816165e+001, 0.000000e+000, 0.000000e+000, 0.000000e+000, 0.000000e+000
 2.326000e-001, 3.263238e+003,-2.433208e+003,-8.158681e+002, 5.119685e+001, 8.396535e+001,-5.012497e+001, 0.000000e+000, 0.000000e+000, 0.000000e+000, 0.000000e+000
 2.326500e-001, 3.280341e+003,-2.387953e+003,-8.778694e+002, 5.170734e+001, 8.336368e+001,-5.207762e+001, 0.000000e+000, 0.000000e+000, 0.000000e+000, 0.000000e+000
 2.327000e-001, 3.296247e+003,-2.341684e+003,-9.395344e+002, 5.219104e+001, 8.272202e+001,-5.401910e+001, 0.000000e+000, 0.000000e+000, 0.000000e+000, 0.000000e+000
 2.327500e-001, 3.311022e+003,-2.294749e+003,-1.000888e+003, 5.264722e+001, 8.204065e+001,-5.594888e+001, 0.000000e+000, 0.000000e+000, 0.000000e+000, 0.000000e+000
 2.328000e-001, 3.324577e+003,-2.246828e+003,-1.061861e+003, 5.307599e+001, 8.131957e+001,-5.786644e+001, 0.000000e+000, 0.000000e+000, 0.000000e+000, 0.000000e+000
 2.328500e-001, 3.337001e+003,-2.198281e+003,-1.122479e+003, 5.347674e+001, 8.055909e+001,-5.977118e+001, 0.000000e+000, 0.000000e+000, 0.000000e+000, 0.000000e+000
 2.329000e-001, 3.348185e+003,-2.148779e+003,-1.182674e+003, 5.384961e+001, 7.975938e+001,-6.166255e+001, 0.000000e+000, 0.000000e+000, 0.000000e+000, 0.000000e+000
 2.329500e-001, 3.358240e+003,-2.098688e+003,-1.242473e+003, 5.419410e+001, 7.892081e+001,-6.353991e+001, 0.000000e+000, 0.000000e+000, 0.000000e+000, 0.000000e+000
 2.330000e-001, 3.367037e+003,-2.047677e+003,-1.301805e+003, 5.451038e+001, 7.804368e+001,-6.540268e+001, 0.000000e+000, 0.000000e+000, 0.000000e+000, 0.000000e+000
 2.330500e-001, 3.374707e+003,-1.996114e+003,-1.360701e+003, 5.479806e+001, 7.712841e+001,-6.725016e+001, 0.000000e+000, 0.000000e+000, 0.000000e+000, 0.000000e+000
 2.331000e-001, 3.381104e+003,-1.943668e+003,-1.419086e+003, 5.505734e+001, 7.617546e+001,-6.908176e+001, 0.000000e+000, 0.000000e+000, 0.000000e+000, 0.000000e+000
 2.331500e-001, 3.386376e+003,-1.890707e+003,-1.476995e+003, 5.528797e+001, 7.518530e+001,-7.089670e+001, 0.000000e+000, 0.000000e+000, 0.000000e+000, 0.000000e+000
 2.332000e-001, 3.390365e+003,-1.836902e+003,-1.534351e+003, 5.549015e+001, 7.415854e+001,-7.269437e+001, 0.000000e+000, 0.000000e+000, 0.000000e+000, 0.000000e+000
 2.332500e-001, 3.393230e+003,-1.782619e+003,-1.591192e+003, 5.566375e+001, 7.309569e+001,-7.447398e+001, 0.000000e+000, 0.000000e+000, 0.000000e+000, 0.000000e+000
 2.333000e-001, 3.394804e+003,-1.727534e+003,-1.647437e+003, 5.580902e+001, 7.199750e+001,-7.623486e+001, 0.000000e+000, 0.000000e+000, 0.000000e+000, 0.000000e+000
 2.333500e-001, 3.395258e+003,-1.672005e+003,-1.703131e+003, 5.592593e+001, 7.086454e+001,-7.797617e+001, 0.000000e+000, 0.000000e+000, 0.000000e+000, 0.000000e+000
 2.334000e-001, 3.394415e+003,-1.615719e+003,-1.758187e+003, 5.601476e+001, 6.969769e+001,-7.969724e+001, 0.000000e+000, 0.000000e+000, 0.000000e+000, 0.000000e+000
 2.334500e-001, 3.392455e+003,-1.559026e+003,-1.812654e+003, 5.607558e+001, 6.849755e+001,-8.139719e+001, 0.000000e+000, 0.000000e+000, 0.000000e+000, 0.000000e+000
 2.335000e-001, 3.389196e+003,-1.501620e+003,-1.866443e+003, 5.610872e+001, 6.726515e+001,-8.307531e+001, 0.000000e+000, 0.000000e+000, 0.000000e+000, 0.000000e+000
 2.335500e-001, 3.384823e+003,-1.443842e+003,-1.919608e+003, 5.611434e+001, 6.600112e+001,-8.473070e+001, 0.000000e+000, 0.000000e+000, 0.000000e+000, 0.000000e+000
 2.336000e-001, 3.379152e+003,-1.385400e+003,-1.972053e+003, 5.609281e+001, 6.470661e+001,-8.636263e+001, 0.000000e+000, 0.000000e+000, 0.000000e+000, 0.000000e+000
 2.336500e-001, 3.372373e+003,-1.326620e+003,-2.023840e+003, 5.604440e+001, 6.338229e+001,-8.797018e+001, 0.000000e+000, 0.000000e+000, 0.000000e+000, 0.000000e+000
 2.337000e-001, 3.364298e+003,-1.267226e+003,-2.074869e+003, 5.596948e+001, 6.202941e+001,-8.955258e+001, 0.000000e+000, 0.000000e+000, 0.000000e+000, 0.000000e+000
 2.337500e-001, 3.355120e+003,-1.207527e+003,-2.125205e+003, 5.586844e+001, 6.064866e+001,-9.110892e+001, 0.000000e+000, 0.000000e+000, 0.000000e+000, 0.000000e+000
 2.338000e-001, 3.344652e+003,-1.147267e+003,-2.174744e+003, 5.574169e+001, 5.924141e+001,-9.263841e+001, 0.000000e+000, 0.000000e+000, 0.000000e+000, 0.000000e+000
 2.338500e-001, 3.333087e+003,-1.086734e+003,-2.223558e+003, 5.558967e+001, 5.780838e+001,-9.414012e+001, 0.000000e+000, 0.000000e+000, 0.000000e+000, 0.000000e+000
 2.339000e-001, 3.320241e+003,-1.025694e+003,-2.271539e+003, 5.541284e+001, 5.635099e+001,-9.561324e+001, 0.000000e+000, 0.000000e+000, 0.000000e+000, 0.000000e+000
 2.339500e-001, 3.306306e+003,-9.644140e+002,-2.318761e+003, 5.521173e+001, 5.487000e+001,-9.705685e+001, 0.000000e+000, 0.000000e+000, 0.000000e+000, 0.000000e+000
 2.340000e-001, 3.291100e+003,-9.026814e+002,-2.365116e+003, 5.498680e+001, 5.336691e+001,-9.847012e+001, 0.000000e+000, 0.000000e+000, 0.000000e+000, 0.000000e+000
 2.340500e-001, 3.274813e+003,-8.407410e+002,-2.410680e+003, 5.473867e+001, 5.184247e+001,-9.985217e+001, 0.000000e+000, 0.000000e+000, 0.000000e+000, 0.000000e+000
 2.341000e-001, 3.257268e+003,-7.784045e+002,-2.455343e+003, 5.446782e+001, 5.029826e+001,-1.012021e+002, 0.000000e+000, 0.000000e+000, 0.000000e+000, 0.000000e+000
 2.341500e-001, 3.238651e+003,-7.158915e+002,-2.499184e+003, 5.417493e+001, 4.873500e+001,-1.025191e+002, 0.000000e+000, 0.000000e+000, 0.000000e+000, 0.000000e+000
 2.342000e-001, 3.218792e+003,-6.530402e+002,-2.542093e+003, 5.386050e+001, 4.715435e+001,-1.038023e+002, 0.000000e+000, 0.000000e+000, 0.000000e+000, 0.000000e+000
 2.342500e-001, 3.197872e+003,-5.900432e+002,-2.584148e+003, 5.352527e+001, 4.555703e+001,-1.050508e+002, 0.000000e+000, 0.000000e+000, 0.000000e+000, 0.000000e+000
 2.343000e-001, 3.175728e+003,-5.267667e+002,-2.625242e+003, 5.316975e+001, 4.394470e+001,-1.062638e+002, 0.000000e+000, 0.000000e+000, 0.000000e+000, 0.000000e+000
 2.343500e-001, 3.152533e+003,-4.633748e+002,-2.665451e+003, 5.279473e+001, 4.231807e+001,-1.074404e+002, 0.000000e+000, 0.000000e+000, 0.000000e+000, 0.000000e+000
 2.344000e-001, 3.128135e+003,-3.997632e+002,-2.704673e+003, 5.240071e+001, 4.067884e+001,-1.085798e+002, 0.000000e+000, 0.000000e+000, 0.000000e+000, 0.000000e+000
 2.344500e-001, 3.102699e+003,-3.360661e+002,-2.742979e+003, 5.198854e+001, 3.902768e+001,-1.096813e+002, 0.000000e+000, 0.000000e+000, 0.000000e+000, 0.000000e+000
 2.345000e-001, 3.076082e+003,-2.722099e+002,-2.780273e+003, 5.155873e+001, 3.736631e+001,-1.107439e+002, 0.000000e+000, 0.000000e+000, 0.000000e+000, 0.000000e+000
 2.345500e-001, 3.048439e+003,-2.082975e+002,-2.816621e+003, 5.111214e+001, 3.569537e+001,-1.117670e+002, 0.000000e+000, 0.000000e+000, 0.000000e+000, 0.000000e+000
 2.346000e-001, 3.019641e+003,-1.442871e+002,-2.851934e+003, 5.064927e+001, 3.401657e+001,-1.127497e+002, 0.000000e+000, 0.000000e+000, 0.000000e+000, 0.000000e+000
 2.346500e-001, 2.989831e+003,-8.024966e+001,-2.886271e+003, 5.017103e+001, 3.233051e+001,-1.136913e+002, 0.000000e+000, 0.000000e+000, 0.000000e+000, 0.000000e+000
 2.347000e-001, 2.958893e+003,-1.617582e+001,-2.919555e+003, 4.967788e+001, 3.063887e+001,-1.145910e+002, 0.000000e+000, 0.000000e+000, 0.000000e+000, 0.000000e+000
 2.347500e-001, 2.926959e+003, 4.789631e+001,-2.951833e+003, 4.917074e+001, 2.894222e+001,-1.154482e+002, 0.000000e+000, 0.000000e+000, 0.000000e+000, 0.000000e+000
 2.348000e-001, 2.893926e+003, 1.119432e+002,-2.983039e+003, 4.865007e+001, 2.724222e+001,-1.162620e+002, 0.000000e+000, 0.000000e+000, 0.000000e+000, 0.000000e+000
 2.348500e-001, 2.859912e+003, 1.759596e+002,-3.013210e+003, 4.811681e+001, 2.553938e+001,-1.170320e+002, 0.000000e+000, 0.000000e+000, 0.000000e+000, 0.000000e+000
 2.349000e-001, 2.824831e+003, 2.398892e+002,-3.042296e+003, 4.757135e+001, 2.383532e+001,-1.177573e+002, 0.000000e+000, 0.000000e+000, 0.000000e+000, 0.000000e+000
 2.349500e-001, 2.788787e+003, 3.037597e+002,-3.070316e+003, 4.701465e+001, 2.213049e+001,-1.184375e+002, 0.000000e+000, 0.000000e+000, 0.000000e+000, 0.000000e+000
 2.350000e-001, 2.751708e+003, 3.674821e+002,-3.097240e+003, 4.644706e+001, 2.042645e+001,-1.190718e+002, 0.000000e+000, 0.000000e+000, 0.000000e+000, 0.000000e+000
 2.350500e-001, 2.713685e+003, 4.311165e+002,-3.123070e+003, 4.586953e+001, 1.872363e+001,-1.196599e+002, 0.000000e+000, 0.000000e+000, 0.000000e+000, 0.000000e+000
 2.351000e-001, 2.674663e+003, 4.945421e+002,-3.147794e+003, 4.528238e+001, 1.702349e+001,-1.202009e+002, 0.000000e+000, 0.000000e+000, 0.000000e+000, 0.000000e+000
 2.351500e-001, 2.634714e+003, 5.578507e+002,-3.171395e+003, 4.468652e+001, 1.532641e+001,-1.206947e+002, 0.000000e+000, 0.000000e+000, 0.000000e+000, 0.000000e+000
 2.352000e-001, 2.593804e+003, 6.208908e+002,-3.193884e+003, 4.408223e+001, 1.363378e+001,-1.211404e+002, 0.000000e+000, 0.000000e+000, 0.000000e+000, 0.000000e+000
 2.352500e-001, 2.551988e+003, 6.837842e+002,-3.215222e+003, 4.347039e+001, 1.194594e+001,-1.215379e+002, 0.000000e+000, 0.000000e+000, 0.000000e+000, 0.000000e+000
 2.353000e-001, 2.509250e+003, 7.463504e+002,-3.235444e+003, 4.285123e+001, 1.026418e+001,-1.218866e+002, 0.000000e+000, 0.000000e+000, 0.000000e+000, 0.000000e+000
 2.353500e-001, 2.465625e+003, 8.087399e+002,-3.254488e+003, 4.222559e+001, 8.588778e+000,-1.221862e+002, 0.000000e+000, 0.000000e+000, 0.000000e+000, 0.000000e+000
 2.354000e-001, 2.421120e+003, 8.707447e+002,-3.272414e+003, 4.159365e+001, 6.920929e+000,-1.224362e+002, 0.000000e+000, 0.000000e+000, 0.000000e+000, 0.000000e+000
 2.354500e-001, 2.375750e+003, 9.325421e+002,-3.289136e+003, 4.095621e+001, 5.260894e+000,-1.226367e+002, 0.000000e+000, 0.000000e+000, 0.000000e+000, 0.000000e+000
 2.355000e-001, 2.329543e+003, 9.938991e+002,-3.304740e+003, 4.031338e+001, 3.609731e+000,-1.227868e+002, 0.000000e+000, 0.000000e+000, 0.000000e+000, 0.000000e+000
 2.355500e-001, 2.282493e+003, 1.055017e+003,-3.319115e+003, 3.966590e+001, 1.967676e+000,-1.228869e+002, 0.000000e+000, 0.000000e+000, 0.000000e+000, 0.000000e+000
 2.356000e-001, 2.234650e+003, 1.115641e+003,-3.332375e+003, 3.901383e+001, 3.356649e-001,-1.229363e+002, 0.000000e+000, 0.000000e+000, 0.000000e+000, 0.000000e+000
 2.356500e-001, 2.185988e+003, 1.175993e+003,-3.344383e+003, 3.835786e+001,-1.286092e+000,-1.229352e+002, 0.000000e+000, 0.000000e+000, 0.000000e+000, 0.000000e+000
 2.357000e-001, 2.136579e+003, 1.235798e+003,-3.355280e+003, 3.769797e+001,-2.896787e+000,-1.228832e+002, 0.000000e+000, 0.000000e+000, 0.000000e+000, 0.000000e+000
 2.357500e-001, 2.086374e+003, 1.295299e+003,-3.364902e+003, 3.703480e+001,-4.496229e+000,-1.227805e+002, 0.000000e+000, 0.000000e+000, 0.000000e+000, 0.000000e+000
 2.358000e-001, 2.035469e+003, 1.354203e+003,-3.373419e+003, 3.636826e+001,-6.083741e+000,-1.226267e+002, 0.000000e+000, 0.000000e+000, 0.000000e+000, 0.000000e+000
 2.358500e-001, 1.983794e+003, 1.412768e+003,-3.380642e+003, 3.569891e+001,-7.659146e+000,-1.224223e+002, 0.000000e+000, 0.000000e+000, 0.000000e+000, 0.000000e+000
 2.359000e-001, 1.931467e+003, 1.470690e+003,-3.386765e+003, 3.502662e+001,-9.221900e+000,-1.221668e+002, 0.000000e+000, 0.000000e+000, 0.000000e+000, 0.000000e+000
 2.359500e-001, 1.878397e+003, 1.528236e+003,-3.391578e+003, 3.435188e+001,-1.077183e+001,-1.218607e+002, 0.000000e+000, 0.000000e+000, 0.000000e+000, 0.000000e+000
 2.360000e-001, 1.824723e+003, 1.585094e+003,-3.395300e+003, 3.367449e+001,-1.230853e+001,-1.215037e+002, 0.000000e+000, 0.000000e+000, 0.000000e+000, 0.000000e+000
 2.360500e-001, 1.770334e+003, 1.641539e+003,-3.397695e+003, 3.299486e+001,-1.383183e+001,-1.210965e+002, 0.000000e+000, 0.000000e+000, 0.000000e+000, 0.000000e+000
 2.361000e-001, 1.715390e+003, 1.697254e+003,-3.399008e+003, 3.231274e+001,-1.534145e+001,-1.206388e+002, 0.000000e+000, 0.000000e+000, 0.000000e+000, 0.000000e+000
 2.361500e-001, 1.659761e+003, 1.752518e+003,-3.398981e+003, 3.162846e+001,-1.683722e+001,-1.201312e+002, 0.000000e+000, 0.000000e+000, 0.000000e+000, 0.000000e+000
 2.362000e-001, 1.603625e+003, 1.807013e+003,-3.397883e+003, 3.094173e+001,-1.831897e+001,-1.195737e+002, 0.000000e+000, 0.000000e+000, 0.000000e+000, 0.000000e+000
 2.362500e-001, 1.546837e+003, 1.861017e+003,-3.395435e+003, 3.025280e+001,-1.978654e+001,-1.189669e+002, 0.000000e+000, 0.000000e+000, 0.000000e+000, 0.000000e+000
 2.363000e-001, 1.489591e+003, 1.914216e+003,-3.391926e+003, 2.956134e+001,-2.123988e+001,-1.183109e+002, 0.000000e+000, 0.000000e+000, 0.000000e+000, 0.000000e+000
 2.363500e-001, 1.431724e+003, 1.966884e+003,-3.387060e+003, 2.886751e+001,-2.267880e+001,-1.176064e+002, 0.000000e+000, 0.000000e+000, 0.000000e+000, 0.000000e+000
 2.364000e-001, 1.373449e+003, 2.018712e+003,-3.381143e+003, 2.817096e+001,-2.410338e+001,-1.168535e+002, 0.000000e+000, 0.000000e+000, 0.000000e+000, 0.000000e+000
 2.364500e-001, 1.314588e+003, 2.069968e+003,-3.373865e+003, 2.747176e+001,-2.551341e+001,-1.160529e+002, 0.000000e+000, 0.000000e+000, 0.000000e+000, 0.000000e+000
 2.365000e-001, 1.255367e+003, 2.120354e+003,-3.365548e+003, 2.676953e+001,-2.690907e+001,-1.152050e+002, 0.000000e+000, 0.000000e+000, 0.000000e+000, 0.000000e+000
 2.365500e-001, 1.195597e+003, 2.170125e+003,-3.355870e+003, 2.606428e+001,-2.829013e+001,-1.143106e+002, 0.000000e+000, 0.000000e+000, 0.000000e+000, 0.000000e+000
 2.366000e-001, 1.135514e+003, 2.218998e+003,-3.345163e+003, 2.535562e+001,-2.965687e+001,-1.133700e+002, 0.000000e+000, 0.000000e+000, 0.000000e+000, 0.000000e+000
 2.366500e-001, 1.074920e+003, 2.267212e+003,-3.333098e+003, 2.464347e+001,-3.100903e+001,-1.123840e+002, 0.000000e+000, 0.000000e+000, 0.000000e+000, 0.000000e+000
 2.367000e-001, 1.014061e+003, 2.314504e+003,-3.320016e+003, 2.392744e+001,-3.234697e+001,-1.113531e+002, 0.000000e+000, 0.000000e+000, 0.000000e+000, 0.000000e+000
 2.367500e-001, 9.527313e+002, 2.361093e+003,-3.305581e+003, 2.320738e+001,-3.367042e+001,-1.102782e+002, 0.000000e+000, 0.000000e+000, 0.000000e+000, 0.000000e+000
 2.368000e-001, 8.911829e+002, 2.406737e+003,-3.290140e+003, 2.248291e+001,-3.497981e+001,-1.091599e+002, 0.000000e+000, 0.000000e+000, 0.000000e+000, 0.000000e+000
 2.368500e-001, 8.292050e+002, 2.451635e+003,-3.273356e+003, 2.175382e+001,-3.627483e+001,-1.079990e+002, 0.000000e+000, 0.000000e+000, 0.000000e+000, 0.000000e+000
 2.369000e-001, 7.670545e+002, 2.495566e+003,-3.255577e+003, 2.101973e+001,-3.755598e+001,-1.067962e+002, 0.000000e+000, 0.000000e+000, 0.000000e+000, 0.000000e+000
 2.369500e-001, 7.045173e+002, 2.538709e+003,-3.236469e+003, 2.028039e+001,-3.882293e+001,-1.055524e+002, 0.000000e+000, 0.000000e+000, 0.000000e+000, 0.000000e+000
 2.370000e-001, 6.418528e+002, 2.580866e+003,-3.216376e+003, 1.953544e+001,-4.007620e+001,-1.042685e+002, 0.000000e+000, 0.000000e+000, 0.000000e+000, 0.000000e+000
 2.370500e-001, 5.788460e+002, 2.622191e+003,-3.194971e+003, 1.878457e+001,-4.131546e+001,-1.029453e+002, 0.000000e+000, 0.000000e+000, 0.000000e+000, 0.000000e+000
 2.371000e-001, 5.157563e+002, 2.662514e+003,-3.172592e+003, 1.802748e+001,-4.254126e+001,-1.015837e+002, 0.000000e+000, 0.000000e+000, 0.000000e+000, 0.000000e+000
 2.371500e-001, 4.523698e+002, 2.701963e+003,-3.148920e+003, 1.726381e+001,-4.375324e+001,-1.001845e+002, 0.000000e+000, 0.000000e+000, 0.000000e+000, 0.000000e+000
 2.372000e-001, 3.889441e+002, 2.740395e+003,-3.124286e+003, 1.649329e+001,-4.495197e+001,-9.874883e+001, 0.000000e+000, 0.000000e+000, 0.000000e+000, 0.000000e+000
 2.372500e-001, 3.252686e+002, 2.777911e+003,-3.098382e+003, 1.571554e+001,-4.613707e+001,-9.727744e+001, 0.000000e+000, 0.000000e+000, 0.000000e+000, 0.000000e+000
 2.373000e-001, 2.615963e+002, 2.814396e+003,-3.071527e+003, 1.493035e+001,-4.730910e+001,-9.577155e+001, 0.000000e+000, 0.000000e+000, 0.000000e+000, 0.000000e+000
 2.373500e-001, 1.977224e+002, 2.849927e+003,-3.043429e+003, 1.413731e+001,-4.846770e+001,-9.423184e+001, 0.000000e+000, 0.000000e+000, 0.000000e+000, 0.000000e+000
 2.374000e-001, 1.338937e+002, 2.884414e+003,-3.014390e+003, 1.333627e+001,-4.961337e+001,-9.265962e+001, 0.000000e+000, 0.000000e+000, 0.000000e+000, 0.000000e+000
 2.374500e-001, 6.991216e+001, 2.917907e+003,-2.984137e+003, 1.252682e+001,-5.074576e+001,-9.105559e+001, 0.000000e+000, 0.000000e+000, 0.000000e+000, 0.000000e+000
 2.375000e-001, 6.016980e+000, 2.950346e+003,-2.952955e+003, 1.170885e+001,-5.186535e+001,-8.942109e+001, 0.000000e+000, 0.000000e+000, 0.000000e+000, 0.000000e+000
 2.375500e-001,-5.798139e+001, 2.981755e+003,-2.920591e+003, 1.088199e+001,-5.297176e+001,-8.775679e+001, 0.000000e+000, 0.000000e+000, 0.000000e+000, 0.000000e+000
 2.376000e-001,-1.218529e+002, 3.012098e+003,-2.887310e+003, 1.004618e+001,-5.406545e+001,-8.606411e+001, 0.000000e+000, 0.000000e+000, 0.000000e+000, 0.000000e+000
 2.376500e-001,-1.857775e+002, 3.041378e+003,-2.852883e+003, 9.201062e+000,-5.514604e+001,-8.434367e+001, 0.000000e+000, 0.000000e+000, 0.000000e+000, 0.000000e+000
 2.377000e-001,-2.495354e+002, 3.069582e+003,-2.817550e+003, 8.346647e+000,-5.621391e+001,-8.259694e+001, 0.000000e+000, 0.000000e+000, 0.000000e+000, 0.000000e+000
 2.377500e-001,-3.132958e+002, 3.096691e+003,-2.781107e+003, 7.482611e+000,-5.726870e+001,-8.082452e+001, 0.000000e+000, 0.000000e+000, 0.000000e+000, 0.000000e+000
 2.378000e-001,-3.768503e+002, 3.122715e+003,-2.743773e+003, 6.609033e+000,-5.831071e+001,-7.902788e+001, 0.000000e+000, 0.000000e+000, 0.000000e+000, 0.000000e+000
 2.378500e-001,-4.403565e+002, 3.147615e+003,-2.705368e+003, 5.725631e+000,-5.933960e+001,-7.720761e+001, 0.000000e+000, 0.000000e+000, 0.000000e+000, 0.000000e+000
 2.379000e-001,-5.036180e+002, 3.171419e+003,-2.666085e+003, 4.832552e+000,-6.035558e+001,-7.536520e+001, 0.000000e+000, 0.000000e+000, 0.000000e+000, 0.000000e+000
 2.379500e-001,-5.667806e+002, 3.194075e+003,-2.625773e+003, 3.929571e+000,-6.135833e+001,-7.350118e+001, 0.000000e+000, 0.000000e+000, 0.000000e+000, 0.000000e+000
 2.380000e-001,-6.296600e+002, 3.215625e+003,-2.584597e+003, 3.016901e+000,-6.234795e+001,-7.161706e+001, 0.000000e+000, 0.000000e+000, 0.000000e+000, 0.000000e+000
 2.380500e-001,-6.923901e+002, 3.236004e+003,-2.542437e+003, 2.094379e+000,-6.332415e+001,-6.971334e+001, 0.000000e+000, 0.000000e+000, 0.000000e+000, 0.000000e+000
 2.381000e-001,-7.547990e+002, 3.255268e+003,-2.499427e+003, 1.162287e+000,-6.428694e+001,-6.779150e+001, 0.000000e+000, 0.000000e+000, 0.000000e+000, 0.000000e+000
 2.381500e-001,-8.170084e+002, 3.273341e+003,-2.455478e+003, 2.205318e-001,-6.523602e+001,-6.585204e+001, 0.000000e+000, 0.000000e+000, 0.000000e+000, 0.000000e+000
 2.382000e-001,-8.788588e+002, 3.290289e+003,-2.410697e+003,-7.305371e-001,-6.617133e+001,-6.389639e+001, 0.000000e+000, 0.000000e+000, 0.000000e+000, 0.000000e+000
 2.382500e-001,-9.404602e+002, 3.306031e+003,-2.365022e+003,-1.690939e+000,-6.709256e+001,-6.192501e+001, 0.000000e+000, 0.000000e+000, 0.000000e+000, 0.000000e+000
 2.383000e-001,-1.001665e+003, 3.320638e+003,-2.318534e+003,-2.660258e+000,-6.799955e+001,-5.993930e+001, 0.000000e+000, 0.000000e+000, 0.000000e+000, 0.000000e+000
 2.383500e-001,-1.062572e+003, 3.334026e+003,-2.271198e+003,-3.638435e+000,-6.889201e+001,-5.793971e+001, 0.000000e+000, 0.000000e+000, 0.000000e+000, 0.000000e+000
 2.384000e-001,-1.123045e+003, 3.346270e+003,-2.223070e+003,-4.624989e+000,-6.976966e+001,-5.592758e+001, 0.000000e+000, 0.000000e+000, 0.000000e+000, 0.000000e+000
 2.384500e-001,-1.183172e+003, 3.357285e+003,-2.174142e+003,-5.619782e+000,-7.063224e+001,-5.390332e+001, 0.000000e+000, 0.000000e+000, 0.000000e+000, 0.000000e+000
 2.385000e-001,-1.242829e+003, 3.367146e+003,-2.124443e+003,-6.622269e+000,-7.147936e+001,-5.186822e+001, 0.000000e+000, 0.000000e+000, 0.000000e+000, 0.000000e+000
 2.385500e-001,-1.302092e+003, 3.375773e+003,-2.073992e+003,-7.632234e+000,-7.231078e+001,-4.982267e+001, 0.000000e+000, 0.000000e+000, 0.000000e+000, 0.000000e+000
 2.386000e-001,-1.360848e+003, 3.383236e+003,-2.022794e+003,-8.649069e+000,-7.312599e+001,-4.776788e+001, 0.000000e+000, 0.000000e+000, 0.000000e+000, 0.000000e+000
 2.386500e-001,-1.419163e+003, 3.389462e+003,-1.970892e+003,-9.672482e+000,-7.392475e+001,-4.570421e+001, 0.000000e+000, 0.000000e+000, 0.000000e+000, 0.000000e+000
 2.387000e-001,-1.476936e+003, 3.394515e+003,-1.918269e+003,-1.070181e+001,-7.470649e+001,-4.363282e+001, 0.000000e+000, 0.000000e+000, 0.000000e+000, 0.000000e+000
 2.387500e-001,-1.534222e+003, 3.398331e+003,-1.864992e+003,-1.173668e+001,-7.547093e+001,-4.155405e+001, 0.000000e+000, 0.000000e+000, 0.000000e+000, 0.000000e+000
 2.388000e-001,-1.590930e+003, 3.400965e+003,-1.811020e+003,-1.277637e+001,-7.621745e+001,-3.946895e+001, 0.000000e+000, 0.000000e+000, 0.000000e+000, 0.000000e+000
 2.388500e-001,-1.647106e+003, 3.402365e+003,-1.756442e+003,-1.382046e+001,-7.694574e+001,-3.737785e+001, 0.000000e+000, 0.000000e+000, 0.000000e+000, 0.000000e+000
 2.389000e-001,-1.702670e+003, 3.402575e+003,-1.701199e+003,-1.486815e+001,-7.765511e+001,-3.528174e+001, 0.000000e+000, 0.000000e+000, 0.000000e+000, 0.000000e+000
 2.389500e-001,-1.757658e+003, 3.401557e+003,-1.645399e+003,-1.591897e+001,-7.834525e+001,-3.318091e+001, 0.000000e+000, 0.000000e+000, 0.000000e+000, 0.000000e+000
 2.390000e-001,-1.811998e+003, 3.399342e+003,-1.588964e+003,-1.697208e+001,-7.901538e+001,-3.107627e+001, 0.000000e+000, 0.000000e+000, 0.000000e+000, 0.000000e+000
 2.390500e-001,-1.865720e+003, 3.395907e+003,-1.532023e+003,-1.802692e+001,-7.966519e+001,-2.896809e+001, 0.000000e+000, 0.000000e+000, 0.000000e+000, 0.000000e+000
 2.391000e-001,-1.918761e+003, 3.391268e+003,-1.474477e+003,-1.908264e+001,-8.029386e+001,-2.685721e+001, 0.000000e+000, 0.000000e+000, 0.000000e+000, 0.000000e+000
 2.391500e-001,-1.971142e+003, 3.385420e+003,-1.416475e+003,-2.013864e+001,-8.090104e+001,-2.474388e+001, 0.000000e+000, 0.000000e+000, 0.000000e+000, 0.000000e+000
 2.392000e-001,-2.022809e+003, 3.378365e+003,-1.357902e+003,-2.119399e+001,-8.148587e+001,-2.262885e+001, 0.000000e+000, 0.000000e+000, 0.000000e+000, 0.000000e+000
 2.392500e-001,-2.073774e+003, 3.370111e+003,-1.298921e+003,-2.224806e+001,-8.204797e+001,-2.051237e+001, 0.000000e+000, 0.000000e+000, 0.000000e+000, 0.000000e+000
 2.393000e-001,-2.123994e+003, 3.360647e+003,-1.239405e+003,-2.329992e+001,-8.258647e+001,-1.839511e+001, 0.000000e+000, 0.000000e+000, 0.000000e+000, 0.000000e+000
 2.393500e-001,-2.173472e+003, 3.350000e+003,-1.179530e+003,-2.434888e+001,-8.310096e+001,-1.627729e+001, 0.000000e+000, 0.000000e+000, 0.000000e+000, 0.000000e+000
 2.394000e-001,-2.222174e+003, 3.338141e+003,-1.119157e+003,-2.539398e+001,-8.359054e+001,-1.415954e+001, 0.000000e+000, 0.000000e+000, 0.000000e+000, 0.000000e+000
 2.394500e-001,-2.270095e+003, 3.325114e+003,-1.058473e+003,-2.643452e+001,-8.405477e+001,-1.204206e+001, 0.000000e+000, 0.000000e+000, 0.000000e+000, 0.000000e+000
 2.395000e-001,-2.317210e+003, 3.310877e+003,-9.973289e+002,-2.746950e+001,-8.449277e+001,-9.925395e+000, 0.000000e+000, 0.000000e+000, 0.000000e+000, 0.000000e+000
 2.395500e-001,-2.363507e+003, 3.295487e+003,-9.359233e+002,-2.849822e+001,-8.490406e+001,-7.809752e+000, 0.000000e+000, 0.000000e+000, 0.000000e+000, 0.000000e+000
 2.396000e-001,-2.408968e+003, 3.278892e+003,-8.740955e+002,-2.951967e+001,-8.528777e+001,-5.695633e+000, 0.000000e+000, 0.000000e+000, 0.000000e+000, 0.000000e+000
 2.396500e-001,-2.453574e+003, 3.261161e+003,-8.120552e+002,-3.053312e+001,-8.564338e+001,-3.583220e+000, 0.000000e+000, 0.000000e+000, 0.000000e+000, 0.000000e+000
 2.397000e-001,-2.497317e+003, 3.242231e+003,-7.496324e+002,-3.153757e+001,-8.597005e+001,-1.472974e+000, 0.000000e+000, 0.000000e+000, 0.000000e+000, 0.000000e+000
 2.397500e-001,-2.540169e+003, 3.222183e+003,-6.870458e+002,-3.253229e+001,-8.626725e+001, 6.349281e-001, 0.000000e+000, 0.000000e+000, 0.000000e+000, 0.000000e+000
 2.398000e-001,-2.582133e+003, 3.200947e+003,-6.241174e+002,-3.351627e+001,-8.653417e+001, 2.740062e+000, 0.000000e+000, 0.000000e+000, 0.000000e+000, 0.000000e+000
 2.398500e-001,-2.623171e+003, 3.178610e+003,-5.610734e+002,-3.448879e+001,-8.677025e+001, 4.842254e+000, 0.000000e+000, 0.000000e+000, 0.000000e+000, 0.000000e+000
 2.399000e-001,-2.663294e+003, 3.155097e+003,-4.977290e+002,-3.544885e+001,-8.697473e+001, 6.941109e+000, 0.000000e+000, 0.000000e+000, 0.000000e+000, 0.000000e+000
 2.399500e-001,-2.702459e+003, 3.130502e+003,-4.343173e+002,-3.639574e+001,-8.714703e+001, 9.036451e+000, 0.000000e+000, 0.000000e+000, 0.000000e+000, 0.000000e+000
 2.400000e-001,-2.740686e+003, 3.104747e+003,-3.706472e+002,-3.732848e+001,-8.728646e+001, 1.112790e+001, 0.000000e+000, 0.000000e+000, 0.000000e+000, 0.000000e+000
 2.400500e-001,-2.777923e+003, 3.077928e+003,-3.069579e+002,-3.824638e+001,-8.739241e+001, 1.321529e+001, 0.000000e+000, 0.000000e+000, 0.000000e+000, 0.000000e+000
 2.401000e-001,-2.814198e+003, 3.049967e+003,-2.430527e+002,-3.914849e+001,-8.746429e+001, 1.529824e+001, 0.000000e+000, 0.000000e+000, 0.000000e+000, 0.000000e+000
 2.401500e-001,-2.849453e+003, 3.020962e+003,-1.791761e+002,-4.003411e+001,-8.750146e+001, 1.737658e+001, 0.000000e+000, 0.000000e+000, 0.000000e+000, 0.000000e+000
 2.402000e-001,-2.883724e+003, 2.990837e+003,-1.151265e+002,-4.090236e+001,-8.750342e+001, 1.944992e+001, 0.000000e+000, 0.000000e+000, 0.000000e+000, 0.000000e+000
 2.402500e-001,-2.916948e+003, 2.959687e+003,-5.115334e+001,-4.175256e+001,-8.746953e+001, 2.151809e+001, 0.000000e+000, 0.000000e+000, 0.000000e+000, 0.000000e+000
 2.403000e-001,-2.949167e+003, 2.927441e+003, 1.294975e+001,-4.258387e+001,-8.739937e+001, 2.358070e+001, 0.000000e+000, 0.000000e+000, 0.000000e+000, 0.000000e+000
 2.403500e-001,-2.980312e+003, 2.894189e+003, 7.692894e+001,-4.339562e+001,-8.729233e+001, 2.563754e+001, 0.000000e+000, 0.000000e+000, 0.000000e+000, 0.000000e+000
 2.404000e-001,-3.010432e+003, 2.859869e+003, 1.409947e+002,-4.418705e+001,-8.714809e+001, 2.768824e+001, 0.000000e+000, 0.000000e+000, 0.000000e+000, 0.000000e+000
 2.404500e-001,-3.039454e+003, 2.824564e+003, 2.048893e+002,-4.495751e+001,-8.696603e+001, 2.973255e+001, 0.000000e+000, 0.000000e+000, 0.000000e+000, 0.000000e+000
 2.405000e-001,-3.067430e+003, 2.788220e+003, 2.688270e+002,-4.570629e+001,-8.674596e+001, 3.177007e+001, 0.000000e+000, 0.000000e+000, 0.000000e+000, 0.000000e+000
 2.405500e-001,-3.094288e+003, 2.750910e+003, 3.325466e+002,-4.643279e+001,-8.648729e+001, 3.380054e+001, 0.000000e+000, 0.000000e+000, 0.000000e+000, 0.000000e+000
 2.406000e-001,-3.120081e+003, 2.712595e+003, 3.962658e+002,-4.713636e+001,-8.618992e+001, 3.582355e+001, 0.000000e+000, 0.000000e+000, 0.000000e+000, 0.000000e+000
 2.406500e-001,-3.144735e+003, 2.673335e+003, 4.597203e+002,-4.781643e+001,-8.585332e+001, 3.783878e+001, 0.000000e+000, 0.000000e+000, 0.000000e+000, 0.000000e+000
 2.407000e-001,-3.168307e+003, 2.633104e+003, 5.231311e+002,-4.847244e+001,-8.547749e+001, 3.984581e+001, 0.000000e+000, 0.000000e+000, 0.000000e+000, 0.000000e+000
 2.407500e-001,-3.190724e+003, 2.591949e+003, 5.862309e+002,-4.910385e+001,-8.506196e+001, 4.184428e+001, 0.000000e+000, 0.000000e+000, 0.000000e+000, 0.000000e+000
 2.408000e-001,-3.212040e+003, 2.549862e+003, 6.492437e+002,-4.971019e+001,-8.460683e+001, 4.383373e+001, 0.000000e+000, 0.000000e+000, 0.000000e+000, 0.000000e+000
 2.408500e-001,-3.232186e+003, 2.506871e+003, 7.118997e+002,-5.029093e+001,-8.411171e+001, 4.581379e+001, 0.000000e+000, 0.000000e+000, 0.000000e+000, 0.000000e+000
 2.409000e-001,-3.251216e+003, 2.462988e+003, 7.744255e+002,-5.084570e+001,-8.357681e+001, 4.778395e+001, 0.000000e+000, 0.000000e+000, 0.000000e+000, 0.000000e+000
 2.409500e-001,-3.269063e+003, 2.418223e+003, 8.365495e+002,-5.137403e+001,-8.300178e+001, 4.974378e+001, 0.000000e+000, 0.000000e+000, 0.000000e+000, 0.000000e+000
 2.410000e-001,-3.285777e+003, 2.372607e+003, 8.985001e+002,-5.187563e+001,-8.238698e+001, 5.169277e+001, 0.000000e+000, 0.000000e+000, 0.000000e+000, 0.000000e+000
 2.410500e-001,-3.301299e+003, 2.326133e+003, 9.600044e+002,-5.235006e+001,-8.173214e+001, 5.363042e+001, 0.000000e+000, 0.000000e+000, 0.000000e+000, 0.000000e+000
 2.411000e-001,-3.315674e+003, 2.278850e+003, 1.021292e+003,-5.279714e+001,-8.103770e+001, 5.555620e+001, 0.000000e+000, 0.000000e+000, 0.000000e+000, 0.000000e+000
 2.411500e-001,-3.328849e+003, 2.230734e+003, 1.082090e+003,-5.321646e+001,-8.030352e+001, 5.746956e+001, 0.000000e+000, 0.000000e+000, 0.000000e+000, 0.000000e+000
 2.412000e-001,-3.340862e+003, 2.181853e+003, 1.142630e+003,-5.360795e+001,-7.953012e+001, 5.936993e+001, 0.000000e+000, 0.000000e+000, 0.000000e+000, 0.000000e+000
 2.412500e-001,-3.351670e+003, 2.132164e+003, 1.202636e+003,-5.397123e+001,-7.871745e+001, 6.125671e+001, 0.000000e+000, 0.000000e+000, 0.000000e+000, 0.000000e+000
 2.413000e-001,-3.361304e+003, 2.081755e+003, 1.262341e+003,-5.430634e+001,-7.786616e+001, 6.312930e+001, 0.000000e+000, 0.000000e+000, 0.000000e+000, 0.000000e+000
 2.413500e-001,-3.369730e+003, 2.030564e+003, 1.321470e+003,-5.461295e+001,-7.697628e+001, 6.498707e+001, 0.000000e+000, 0.000000e+000, 0.000000e+000, 0.000000e+000
 2.414000e-001,-3.376969e+003, 1.978701e+003, 1.380257e+003,-5.489117e+001,-7.604856e+001, 6.682936e+001, 0.000000e+000, 0.000000e+000, 0.000000e+000, 0.000000e+000
 2.414500e-001,-3.383001e+003, 1.926083e+003, 1.438427e+003,-5.514075e+001,-7.508315e+001, 6.865549e+001, 0.000000e+000, 0.000000e+000, 0.000000e+000, 0.000000e+000
 2.415000e-001,-3.387834e+003, 1.872839e+003, 1.496212e+003,-5.536190e+001,-7.408087e+001, 7.046481e+001, 0.000000e+000, 0.000000e+000, 0.000000e+000, 0.000000e+000
 2.415500e-001,-3.391462e+003, 1.818870e+003, 1.553341e+003,-5.555440e+001,-7.304199e+001, 7.225656e+001, 0.000000e+000, 0.000000e+000, 0.000000e+000, 0.000000e+000
 2.416000e-001,-3.393881e+003, 1.764322e+003, 1.610042e+003,-5.571854e+001,-7.196742e+001, 7.403007e+001, 0.000000e+000, 0.000000e+000, 0.000000e+000, 0.000000e+000
 2.416500e-001,-3.395100e+003, 1.709079e+003, 1.666050e+003,-5.585419e+001,-7.085754e+001, 7.578453e+001, 0.000000e+000, 0.000000e+000, 0.000000e+000, 0.000000e+000
 2.417000e-001,-3.395101e+003, 1.653306e+003, 1.721589e+003,-5.596171e+001,-6.971330e+001, 7.751926e+001, 0.000000e+000, 0.000000e+000, 0.000000e+000, 0.000000e+000
 2.417500e-001,-3.393908e+003, 1.596870e+003, 1.776396e+003,-5.604102e+001,-6.853523e+001, 7.923340e+001, 0.000000e+000, 0.000000e+000, 0.000000e+000, 0.000000e+000
 2.418000e-001,-3.391490e+003, 1.539951e+003, 1.830693e+003,-5.609257e+001,-6.732435e+001, 8.092625e+001, 0.000000e+000, 0.000000e+000, 0.000000e+000, 0.000000e+000
 2.418500e-001,-3.387887e+003, 1.482403e+003, 1.884223e+003,-5.611635e+001,-6.608125e+001, 8.259691e+001, 0.000000e+000, 0.000000e+000, 0.000000e+000, 0.000000e+000
 2.419000e-001,-3.383052e+003, 1.424419e+003, 1.937202e+003,-5.611287e+001,-6.480704e+001, 8.424467e+001, 0.000000e+000, 0.000000e+000, 0.000000e+000, 0.000000e+000
 2.419500e-001,-3.377043e+003, 1.365842e+003, 1.989379e+003,-5.608218e+001,-6.350243e+001, 8.586861e+001, 0.000000e+000, 0.000000e+000, 0.000000e+000, 0.000000e+000
 2.420000e-001,-3.369798e+003, 1.306876e+003, 2.040965e+003,-5.602486e+001,-6.216854e+001, 8.746799e+001, 0.000000e+000, 0.000000e+000, 0.000000e+000, 0.000000e+000
 2.420500e-001,-3.361390e+003, 1.247355e+003, 2.091716e+003,-5.594105e+001,-6.080619e+001, 8.904184e+001, 0.000000e+000, 0.000000e+000, 0.000000e+000, 0.000000e+000
 2.421000e-001,-3.351745e+003, 1.187492e+003, 2.141835e+003,-5.583134e+001,-5.941654e+001, 9.058945e+001, 0.000000e+000, 0.000000e+000, 0.000000e+000, 0.000000e+000
 2.421500e-001,-3.340949e+003, 1.127111e+003, 2.191089e+003,-5.569597e+001,-5.800051e+001, 9.210983e+001, 0.000000e+000, 0.000000e+000, 0.000000e+000, 0.000000e+000
 2.422000e-001,-3.328918e+003, 1.066435e+003, 2.239671e+003,-5.553558e+001,-5.655926e+001, 9.360225e+001, 0.000000e+000, 0.000000e+000, 0.000000e+000, 0.000000e+000
 2.422500e-001,-3.315749e+003, 1.005283e+003, 2.287358e+003,-5.535045e+001,-5.509381e+001, 9.506568e+001, 0.000000e+000, 0.000000e+000, 0.000000e+000, 0.000000e+000
 2.423000e-001,-3.301348e+003, 9.438805e+002, 2.334335e+003,-5.514127e+001,-5.360533e+001, 9.649944e+001, 0.000000e+000, 0.000000e+000, 0.000000e+000, 0.000000e+000
 2.423500e-001,-3.285823e+003, 8.820447e+002, 2.380388e+003,-5.490842e+001,-5.209492e+001, 9.790246e+001, 0.000000e+000, 0.000000e+000, 0.000000e+000, 0.000000e+000
 2.424000e-001,-3.269073e+003, 8.200021e+002, 2.425691e+003,-5.465257e+001,-5.056375e+001, 9.927409e+001, 0.000000e+000, 0.000000e+000, 0.000000e+000, 0.000000e+000
 2.424500e-001,-3.251214e+003, 7.575712e+002, 2.470045e+003,-5.437418e+001,-4.901299e+001, 1.006132e+002, 0.000000e+000, 0.000000e+000, 0.000000e+000, 0.000000e+000
 2.425000e-001,-3.232138e+003, 6.949767e+002, 2.513612e+003,-5.407394e+001,-4.744378e+001, 1.019192e+002, 0.000000e+000, 0.000000e+000, 0.000000e+000, 0.000000e+000
 2.425500e-001,-3.211969e+003, 6.320401e+002, 2.556205e+003,-5.375240e+001,-4.585737e+001, 1.031910e+002, 0.000000e+000, 0.000000e+000, 0.000000e+000, 0.000000e+000
 2.426000e-001,-3.190596e+003, 5.689819e+002, 2.597973e+003,-5.341022e+001,-4.425486e+001, 1.044280e+002, 0.000000e+000, 0.000000e+000, 0.000000e+000, 0.000000e+000
 2.426500e-001,-3.168145e+003, 5.056297e+002, 2.638744e+003,-5.304802e+001,-4.263757e+001, 1.056290e+002, 0.000000e+000, 0.000000e+000, 0.000000e+000, 0.000000e+000
 2.427000e-001,-3.144504e+003, 4.421969e+002, 2.678653e+003,-5.266647e+001,-4.100655e+001, 1.067936e+002, 0.000000e+000, 0.000000e+000, 0.000000e+000, 0.000000e+000
 2.427500e-001,-3.119802e+003, 3.785195e+002, 2.717545e+003,-5.226623e+001,-3.936315e+001, 1.079206e+002, 0.000000e+000, 0.000000e+000, 0.000000e+000, 0.000000e+000
 2.428000e-001,-3.093928e+003, 3.148015e+002, 2.755539e+003,-5.184797e+001,-3.770839e+001, 1.090094e+002, 0.000000e+000, 0.000000e+000, 0.000000e+000, 0.000000e+000
 2.428500e-001,-3.067010e+003, 2.508896e+002, 2.792498e+003,-5.141240e+001,-3.604364e+001, 1.100590e+002, 0.000000e+000, 0.000000e+000, 0.000000e+000, 0.000000e+000
 2.429000e-001,-3.038940e+003, 1.869760e+002, 2.828521e+003,-5.096016e+001,-3.436987e+001, 1.110690e+002, 0.000000e+000, 0.000000e+000, 0.000000e+000, 0.000000e+000
 2.429500e-001,-3.009844e+003, 1.229207e+002, 2.863493e+003,-5.049202e+001,-3.268847e+001, 1.120381e+002, 0.000000e+000, 0.000000e+000, 0.000000e+000, 0.000000e+000
 2.430000e-001,-2.979618e+003, 5.890131e+001, 2.897496e+003,-5.000856e+001,-3.100033e+001, 1.129661e+002, 0.000000e+000, 0.000000e+000, 0.000000e+000, 0.000000e+000
 2.430500e-001,-2.948384e+003,-5.206378e+000, 2.930432e+003,-4.951061e+001,-2.930686e+001, 1.138518e+002, 0.000000e+000, 0.000000e+000, 0.000000e+000, 0.000000e+000
 2.431000e-001,-2.916047e+003,-6.924162e+001, 2.962365e+003,-4.899872e+001,-2.760887e+001, 1.146949e+002, 0.000000e+000, 0.000000e+000, 0.000000e+000, 0.000000e+000
 2.431500e-001,-2.882719e+003,-1.333108e+002, 2.993219e+003,-4.847373e+001,-2.590777e+001, 1.154943e+002, 0.000000e+000, 0.000000e+000, 0.000000e+000, 0.000000e+000
 2.432000e-001,-2.848317e+003,-1.972720e+002, 3.023036e+003,-4.793614e+001,-2.420430e+001, 1.162498e+002, 0.000000e+000, 0.000000e+000, 0.000000e+000, 0.000000e+000
 2.432500e-001,-2.812942e+003,-2.612119e+002, 3.051763e+003,-4.738683e+001,-2.249985e+001, 1.169603e+002, 0.000000e+000, 0.000000e+000, 0.000000e+000, 0.000000e+000
 2.433000e-001,-2.776525e+003,-3.250093e+002, 3.079422e+003,-4.682623e+001,-2.079506e+001, 1.176256e+002, 0.000000e+000, 0.000000e+000, 0.000000e+000, 0.000000e+000
 2.433500e-001,-2.739155e+003,-3.887296e+002, 3.105981e+003,-4.625524e+001,-1.909131e+001, 1.182447e+002, 0.000000e+000, 0.000000e+000, 0.000000e+000, 0.000000e+000
 2.434000e-001,-2.700775e+003,-4.522736e+002, 3.131442e+003,-4.567424e+001,-1.738916e+001, 1.188174e+002, 0.000000e+000, 0.000000e+000, 0.000000e+000, 0.000000e+000
 2.434500e-001,-2.661461e+003,-5.156844e+002, 3.155796e+003,-4.508410e+001,-1.568993e+001, 1.193429e+002, 0.000000e+000, 0.000000e+000, 0.000000e+000, 0.000000e+000
 2.435000e-001,-2.621174e+003,-5.788860e+002, 3.179022e+003,-4.448516e+001,-1.399413e+001, 1.198210e+002, 0.000000e+000, 0.000000e+000, 0.000000e+000, 0.000000e+000
 2.435500e-001,-2.579974e+003,-6.418978e+002, 3.201135e+003,-4.387829e+001,-1.230301e+001, 1.202509e+002, 0.000000e+000, 0.000000e+000, 0.000000e+000, 0.000000e+000
 2.436000e-001,-2.537838e+003,-7.046682e+002, 3.222093e+003,-4.326375e+001,-1.061699e+001, 1.206325e+002, 0.000000e+000, 0.000000e+000, 0.000000e+000, 0.000000e+000
 2.436500e-001,-2.494810e+003,-7.671923e+002, 3.241933e+003,-4.264238e+001,-8.937276e+000, 1.209650e+002, 0.000000e+000, 0.000000e+000, 0.000000e+000, 0.000000e+000
 2.437000e-001,-2.450886e+003,-8.294435e+002, 3.260594e+003,-4.201439e+001,-7.264201e+000, 1.212484e+002, 0.000000e+000, 0.000000e+000, 0.000000e+000, 0.000000e+000
 2.437500e-001,-2.406092e+003,-8.913921e+002, 3.278132e+003,-4.138058e+001,-5.598905e+000, 1.214821e+002, 0.000000e+000, 0.000000e+000, 0.000000e+000, 0.000000e+000
 2.438000e-001,-2.360444e+003,-9.530367e+002, 3.294468e+003,-4.074110e+001,-3.941645e+000, 1.216661e+002, 0.000000e+000, 0.000000e+000, 0.000000e+000, 0.000000e+000
 2.438500e-001,-2.313948e+003,-1.014323e+003, 3.309679e+003,-4.009670e+001,-2.293484e+000, 1.217998e+002, 0.000000e+000, 0.000000e+000, 0.000000e+000, 0.000000e+000
 2.439000e-001,-2.266641e+003,-1.075274e+003, 3.323666e+003,-3.944746e+001,-6.546089e-001, 1.218834e+002, 0.000000e+000, 0.000000e+000, 0.000000e+000, 0.000000e+000
 2.439500e-001,-2.218511e+003,-1.135811e+003, 3.336528e+003,-3.879408e+001, 9.739997e-001, 1.219162e+002, 0.000000e+000, 0.000000e+000, 0.000000e+000, 0.000000e+000
 2.440000e-001,-2.169613e+003,-1.195984e+003, 3.348145e+003,-3.813659e+001, 2.592222e+000, 1.218984e+002, 0.000000e+000, 0.000000e+000, 0.000000e+000, 0.000000e+000
 2.440500e-001,-2.119917e+003,-1.255688e+003, 3.358639e+003,-3.747561e+001, 4.199164e+000, 1.218297e+002, 0.000000e+000, 0.000000e+000, 0.000000e+000, 0.000000e+000
 2.441000e-001,-2.069500e+003,-1.314996e+003, 3.367871e+003,-3.681110e+001, 5.794766e+000, 1.217103e+002, 0.000000e+000, 0.000000e+000, 0.000000e+000, 0.000000e+000
 2.441500e-001,-2.018310e+003,-1.373783e+003, 3.375980e+003,-3.614365e+001, 7.378225e+000, 1.215399e+002, 0.000000e+000, 0.000000e+000, 0.000000e+000, 0.000000e+000
 2.442000e-001,-1.966445e+003,-1.432145e+003, 3.382812e+003,-3.547314e+001, 8.949531e+000, 1.213187e+002, 0.000000e+000, 0.000000e+000, 0.000000e+000, 0.000000e+000
 2.442500e-001,-1.913836e+003,-1.489932e+003, 3.388524e+003,-3.480007e+001, 1.050798e+001, 1.210466e+002, 0.000000e+000, 0.000000e+000, 0.000000e+000, 0.000000e+000
 2.443000e-001,-1.860598e+003,-1.547264e+003, 3.392948e+003,-3.412427e+001, 1.205360e+001, 1.207238e+002, 0.000000e+000, 0.000000e+000, 0.000000e+000, 0.000000e+000
 2.443500e-001,-1.806644e+003,-1.603971e+003, 3.396254e+003,-3.344618e+001, 1.358579e+001, 1.203504e+002, 0.000000e+000, 0.000000e+000, 0.000000e+000, 0.000000e+000
 2.444000e-001,-1.752111e+003,-1.660192e+003, 3.398261e+003,-3.276557e+001, 1.510460e+001, 1.199266e+002, 0.000000e+000, 0.000000e+000, 0.000000e+000, 0.000000e+000
 2.444500e-001,-1.696890e+003,-1.715740e+003, 3.399155e+003,-3.208279e+001, 1.660954e+001, 1.194525e+002, 0.000000e+000, 0.000000e+000, 0.000000e+000, 0.000000e+000
 2.445000e-001,-1.641139e+003,-1.770771e+003, 3.398744e+003,-3.139756e+001, 1.810070e+001, 1.189285e+002, 0.000000e+000, 0.000000e+000, 0.000000e+000, 0.000000e+000
 2.445500e-001,-1.584732e+003,-1.825082e+003, 3.397224e+003,-3.071018e+001, 1.957765e+001, 1.183548e+002, 0.000000e+000, 0.000000e+000, 0.000000e+000, 0.000000e+000
 2.446000e-001,-1.527843e+003,-1.878844e+003, 3.394394e+003,-3.002029e+001, 2.104051e+001, 1.177318e+002, 0.000000e+000, 0.000000e+000, 0.000000e+000, 0.000000e+000
 2.446500e-001,-1.470330e+003,-1.931842e+003, 3.390460e+003,-2.932813e+001, 2.248896e+001, 1.170598e+002, 0.000000e+000, 0.000000e+000, 0.000000e+000, 0.000000e+000
 2.447000e-001,-1.412385e+003,-1.984259e+003, 3.385215e+003,-2.863329e+001, 2.392312e+001, 1.163394e+002, 0.000000e+000, 0.000000e+000, 0.000000e+000, 0.000000e+000
 2.447500e-001,-1.353849e+003,-2.035870e+003, 3.378873e+003,-2.793596e+001, 2.534276e+001, 1.155708e+002, 0.000000e+000, 0.000000e+000, 0.000000e+000, 0.000000e+000
 2.448000e-001,-1.294932e+003,-2.086868e+003, 3.371221e+003,-2.723567e+001, 2.674799e+001, 1.147547e+002, 0.000000e+000, 0.000000e+000, 0.000000e+000, 0.000000e+000
 2.448500e-001,-1.235456e+003,-2.137019e+003, 3.362477e+003,-2.653254e+001, 2.813869e+001, 1.138915e+002, 0.000000e+000, 0.000000e+000, 0.000000e+000, 0.000000e+000
 2.449000e-001,-1.175651e+003,-2.186525e+003, 3.352428e+003,-2.582610e+001, 2.951494e+001, 1.129819e+002, 0.000000e+000, 0.000000e+000, 0.000000e+000, 0.000000e+000
 2.449500e-001,-1.115321e+003,-2.235147e+003, 3.341295e+003,-2.511639e+001, 3.087672e+001, 1.120264e+002, 0.000000e+000, 0.000000e+000, 0.000000e+000, 0.000000e+000
 2.450000e-001,-1.054714e+003,-2.283091e+003, 3.328864e+003,-2.440290e+001, 3.222409e+001, 1.110256e+002, 0.000000e+000, 0.000000e+000, 0.000000e+000, 0.000000e+000
 2.450500e-001,-9.936160e+002,-2.330115e+003, 3.315356e+003,-2.368566e+001, 3.355709e+001, 1.099802e+002, 0.000000e+000, 0.000000e+000, 0.000000e+000, 0.000000e+000
 2.451000e-001,-9.322925e+002,-2.376427e+003, 3.300560e+003,-2.296409e+001, 3.487578e+001, 1.088910e+002, 0.000000e+000, 0.000000e+000, 0.000000e+000, 0.000000e+000
 2.451500e-001,-8.705145e+002,-2.421787e+003, 3.284695e+003,-2.223822e+001, 3.618027e+001, 1.077587e+002, 0.000000e+000, 0.000000e+000, 0.000000e+000, 0.000000e+000
 2.452000e-001,-8.085628e+002,-2.466401e+003, 3.267555e+003,-2.150744e+001, 3.747057e+001, 1.065840e+002, 0.000000e+000, 0.000000e+000, 0.000000e+000, 0.000000e+000
 2.452500e-001,-7.461925e+002,-2.510034e+003, 3.249355e+003,-2.077174e+001, 3.874687e+001, 1.053678e+002, 0.000000e+000, 0.000000e+000, 0.000000e+000, 0.000000e+000
 2.453000e-001,-6.837010e+002,-2.552887e+003, 3.229896e+003,-2.003052e+001, 4.000914e+001, 1.041107e+002, 0.000000e+000, 0.000000e+000, 0.000000e+000, 0.000000e+000
 2.453500e-001,-6.208272e+002,-2.594731e+003, 3.209386e+003,-1.928374e+001, 4.125763e+001, 1.028139e+002, 0.000000e+000, 0.000000e+000, 0.000000e+000, 0.000000e+000
 2.454000e-001,-5.578849e+002,-2.635761e+003, 3.187635e+003,-1.853081e+001, 4.249227e+001, 1.014780e+002, 0.000000e+000, 0.000000e+000, 0.000000e+000, 0.000000e+000
 2.454500e-001,-4.945971e+002,-2.675758e+003, 3.164844e+003,-1.777167e+001, 4.371335e+001, 1.001040e+002, 0.000000e+000, 0.000000e+000, 0.000000e+000, 0.000000e+000
 2.455000e-001,-4.312936e+002,-2.714905e+003, 3.140833e+003,-1.700573e+001, 4.492076e+001, 9.869277e+001, 0.000000e+000, 0.000000e+000, 0.000000e+000, 0.000000e+000
 2.455500e-001,-3.676817e+002,-2.752998e+003, 3.115792e+003,-1.623294e+001, 4.611483e+001, 9.724538e+001, 0.000000e+000, 0.000000e+000, 0.000000e+000, 0.000000e+000
 2.456000e-001,-3.041068e+002,-2.790206e+003, 3.089553e+003,-1.545273e+001, 4.729541e+001, 9.576258e+001, 0.000000e+000, 0.000000e+000, 0.000000e+000, 0.000000e+000
 2.456500e-001,-2.402612e+002,-2.826342e+003, 3.062298e+003,-1.466506e+001, 4.846284e+001, 9.424557e+001, 0.000000e+000, 0.000000e+000, 0.000000e+000, 0.000000e+000
 2.457000e-001,-1.765050e+002,-2.861557e+003, 3.033870e+003,-1.386938e+001, 4.961694e+001, 9.269511e+001, 0.000000e+000, 0.000000e+000, 0.000000e+000, 0.000000e+000
 2.457500e-001,-1.125162e+002,-2.895684e+003, 3.004439e+003,-1.306567e+001, 5.075808e+001, 9.111244e+001, 0.000000e+000, 0.000000e+000, 0.000000e+000, 0.000000e+000
 2.458000e-001,-4.866883e+001,-2.928856e+003, 2.973863e+003,-1.225342e+001, 5.188599e+001, 8.949833e+001, 0.000000e+000, 0.000000e+000, 0.000000e+000, 0.000000e+000
 2.458500e-001, 1.537235e+001,-2.960925e+003, 2.942298e+003,-1.143261e+001, 5.300108e+001, 8.785403e+001, 0.000000e+000, 0.000000e+000, 0.000000e+000, 0.000000e+000
 2.459000e-001, 7.922079e+001,-2.992006e+003, 2.909616e+003,-1.060281e+001, 5.410304e+001, 8.618035e+001, 0.000000e+000, 0.000000e+000, 0.000000e+000, 0.000000e+000
 2.459500e-001, 1.432237e+002,-3.021972e+003, 2.875962e+003,-9.764004e+000, 5.519225e+001, 8.447854e+001, 0.000000e+000, 0.000000e+000, 0.000000e+000, 0.000000e+000
 2.460000e-001, 2.069832e+002,-3.050917e+003, 2.841221e+003,-8.915834e+000, 5.626837e+001, 8.274941e+001, 0.000000e+000, 0.000000e+000, 0.000000e+000, 0.000000e+000
 2.460500e-001, 2.708571e+002,-3.078736e+003, 2.805526e+003,-8.058307e+000, 5.733177e+001, 8.099422e+001, 0.000000e+000, 0.000000e+000, 0.000000e+000, 0.000000e+000
 2.461000e-001, 3.344381e+002,-3.105504e+003, 2.768777e+003,-7.191143e+000, 5.838206e+001, 7.921380e+001, 0.000000e+000, 0.000000e+000, 0.000000e+000, 0.000000e+000
 2.461500e-001, 3.980927e+002,-3.131136e+003, 2.731092e+003,-6.314368e+000, 5.941959e+001, 7.740939e+001, 0.000000e+000, 0.000000e+000, 0.000000e+000, 0.000000e+000
 2.462000e-001, 4.614058e+002,-3.155688e+003, 2.692385e+003,-5.427796e+000, 6.044393e+001, 7.558179e+001, 0.000000e+000, 0.000000e+000, 0.000000e+000, 0.000000e+000
 2.462500e-001, 5.247509e+002,-3.179097e+003, 2.652764e+003,-4.531476e+000, 6.145539e+001, 7.373227e+001, 0.000000e+000, 0.000000e+000, 0.000000e+000, 0.000000e+000
 2.463000e-001, 5.877075e+002,-3.201396e+003, 2.612157e+003,-3.625325e+000, 6.245351e+001, 7.186162e+001, 0.000000e+000, 0.000000e+000, 0.000000e+000, 0.000000e+000
 2.463500e-001, 6.506534e+002,-3.222547e+003, 2.570657e+003,-2.709410e+000, 6.343855e+001, 6.997104e+001, 0.000000e+000, 0.000000e+000, 0.000000e+000, 0.000000e+000
 2.464000e-001, 7.131655e+002,-3.242562e+003, 2.528206e+003,-1.783760e+000, 6.441001e+001, 6.806135e+001, 0.000000e+000, 0.000000e+000, 0.000000e+000, 0.000000e+000
 2.464500e-001, 7.756231e+002,-3.261425e+003, 2.484887e+003,-8.484639e-001, 6.536813e+001, 6.613370e+001, 0.000000e+000, 0.000000e+000, 0.000000e+000, 0.000000e+000
 2.465000e-001, 8.376033e+002,-3.279126e+003, 2.440653e+003, 9.633086e-002, 6.631235e+001, 6.418890e+001, 0.000000e+000, 0.000000e+000, 0.000000e+000, 0.000000e+000
 2.465500e-001, 8.994841e+002,-3.295673e+003, 2.395578e+003, 1.050518e+000, 6.724284e+001, 6.222806e+001, 0.000000e+000, 0.000000e+000, 0.000000e+000, 0.000000e+000
 2.466000e-001, 9.608459e+002,-3.311035e+003, 2.349625e+003, 2.013825e+000, 6.815907e+001, 6.025197e+001, 0.000000e+000, 0.000000e+000, 0.000000e+000, 0.000000e+000
 2.466500e-001, 1.022062e+003,-3.325240e+003, 2.302858e+003, 2.986129e+000, 6.906109e+001, 5.826168e+001, 0.000000e+000, 0.000000e+000, 0.000000e+000, 0.000000e+000
 2.467000e-001, 1.082720e+003,-3.338242e+003, 2.255250e+003, 3.967028e+000, 6.994834e+001, 5.625798e+001, 0.000000e+000, 0.000000e+000, 0.000000e+000, 0.000000e+000
 2.467500e-001, 1.143185e+003,-3.350084e+003, 2.206860e+003, 4.956387e+000, 7.082085e+001, 5.424184e+001, 0.000000e+000, 0.000000e+000, 0.000000e+000, 0.000000e+000
 2.468000e-001, 1.203055e+003,-3.360705e+003, 2.157666e+003, 5.953671e+000, 7.167801e+001, 5.221403e+001, 0.000000e+000, 0.000000e+000, 0.000000e+000, 0.000000e+000
 2.468500e-001, 1.262683e+003,-3.370167e+003, 2.107722e+003, 6.958737e+000, 7.251977e+001, 5.017548e+001, 0.000000e+000, 0.000000e+000, 0.000000e+000, 0.000000e+000
 2.469000e-001, 1.321682e+003,-3.378393e+003, 2.057012e+003, 7.970915e+000, 7.334552e+001, 4.812690e+001, 0.000000e+000, 0.000000e+000, 0.000000e+000, 0.000000e+000
 2.469500e-001, 1.380388e+003,-3.385459e+003, 2.005586e+003, 8.990056e+000, 7.415511e+001, 4.606918e+001, 0.000000e+000, 0.000000e+000, 0.000000e+000, 0.000000e+000
 2.470000e-001, 1.438432e+003,-3.391277e+003, 1.953433e+003, 1.001536e+001, 7.494793e+001, 4.400301e+001, 0.000000e+000, 0.000000e+000, 0.000000e+000, 0.000000e+000
 2.470500e-001, 1.496134e+003,-3.395937e+003, 1.900599e+003, 1.104667e+001, 7.572375e+001, 4.192917e+001, 0.000000e+000, 0.000000e+000, 0.000000e+000, 0.000000e+000
 2.471000e-001, 1.553144e+003,-3.399339e+003, 1.847078e+003, 1.208307e+001, 7.648197e+001, 3.984835e+001, 0.000000e+000, 0.000000e+000, 0.000000e+000, 0.000000e+000
 2.471500e-001, 1.609759e+003,-3.401583e+003, 1.792913e+003, 1.312439e+001, 7.722225e+001, 3.776126e+001, 0.000000e+000, 0.000000e+000, 0.000000e+000, 0.000000e+000
 2.472000e-001, 1.665655e+003,-3.402563e+003, 1.738099e+003, 1.416960e+001, 7.794399e+001, 3.566856e+001, 0.000000e+000, 0.000000e+000, 0.000000e+000, 0.000000e+000
 2.472500e-001, 1.721103e+003,-3.402388e+003, 1.682681e+003, 1.521852e+001, 7.864678e+001, 3.357088e+001, 0.000000e+000, 0.000000e+000, 0.000000e+000, 0.000000e+000
 2.473000e-001, 1.775807e+003,-3.400946e+003, 1.626654e+003, 1.627001e+001, 7.933001e+001, 3.146884e+001, 0.000000e+000, 0.000000e+000, 0.000000e+000, 0.000000e+000
 2.473500e-001, 1.830010e+003,-3.398350e+003, 1.570062e+003, 1.732391e+001, 7.999319e+001, 2.936303e+001, 0.000000e+000, 0.000000e+000, 0.000000e+000, 0.000000e+000
 2.474000e-001, 1.883446e+003,-3.394487e+003, 1.512902e+003, 1.837896e+001, 8.063571e+001, 2.725400e+001, 0.000000e+000, 0.000000e+000, 0.000000e+000, 0.000000e+000
 2.474500e-001, 1.936325e+003,-3.389473e+003, 1.455217e+003, 1.943500e+001, 8.125703e+001, 2.514232e+001, 0.000000e+000, 0.000000e+000, 0.000000e+000, 0.000000e+000
 2.475000e-001, 1.988418e+003,-3.383193e+003, 1.397006e+003, 2.049069e+001, 8.185652e+001, 2.302847e+001, 0.000000e+000, 0.000000e+000, 0.000000e+000, 0.000000e+000
 2.475500e-001, 2.039900e+003,-3.375767e+003, 1.338312e+003, 2.154587e+001, 8.243357e+001, 2.091297e+001, 0.000000e+000, 0.000000e+000, 0.000000e+000, 0.000000e+000
 2.476000e-001, 2.090577e+003,-3.367081e+003, 1.279133e+003, 2.259911e+001, 8.298759e+001, 1.879626e+001, 0.000000e+000, 0.000000e+000, 0.000000e+000, 0.000000e+000
 2.476500e-001, 2.140588e+003,-3.357251e+003, 1.219513e+003, 2.365027e+001, 8.351786e+001, 1.667883e+001, 0.000000e+000, 0.000000e+000, 0.000000e+000, 0.000000e+000
 2.477000e-001, 2.189778e+003,-3.346170e+003, 1.159452e+003, 2.469785e+001, 8.402383e+001, 1.456107e+001, 0.000000e+000, 0.000000e+000, 0.000000e+000, 0.000000e+000
 2.477500e-001, 2.238248e+003,-3.333951e+003, 1.098990e+003, 2.574171e+001, 8.450472e+001, 1.244342e+001, 0.000000e+000, 0.000000e+000, 0.000000e+000, 0.000000e+000
 2.478000e-001, 2.285882e+003,-3.320490e+003, 1.038133e+003, 2.678031e+001, 8.496000e+001, 1.032624e+001, 0.000000e+000, 0.000000e+000, 0.000000e+000, 0.000000e+000
 2.478500e-001, 2.332740e+003,-3.305897e+003, 9.769169e+002, 2.781349e+001, 8.538885e+001, 8.209938e+000, 0.000000e+000, 0.000000e+000, 0.000000e+000, 0.000000e+000
 2.479000e-001, 2.378751e+003,-3.290077e+003, 9.153504e+002, 2.883970e+001, 8.579073e+001, 6.094818e+000, 0.000000e+000, 0.000000e+000, 0.000000e+000, 0.000000e+000
 2.479500e-001, 2.423932e+003,-3.273130e+003, 8.534669e+002, 2.985877e+001, 8.616482e+001, 3.981293e+000, 0.000000e+000, 0.000000e+000, 0.000000e+000, 0.000000e+000
 2.480000e-001, 2.468254e+003,-3.254972e+003, 7.912794e+002, 3.086914e+001, 8.651057e+001, 1.869606e+000, 0.000000e+000, 0.000000e+000, 0.000000e+000, 0.000000e+000
 2.480500e-001, 2.511695e+003,-3.235695e+003, 7.288165e+002, 3.187064e+001, 8.682715e+001,-2.398276e-001, 0.000000e+000, 0.000000e+000, 0.000000e+000, 0.000000e+000
 2.481000e-001, 2.554266e+003,-3.215225e+003, 6.660970e+002, 3.286170e+001, 8.711405e+001,-2.346813e+000, 0.000000e+000, 0.000000e+000, 0.000000e+000, 0.000000e+000
 2.481500e-001, 2.595903e+003,-3.193645e+003, 6.031433e+002, 3.384216e+001, 8.737041e+001,-4.450932e+000, 0.000000e+000, 0.000000e+000, 0.000000e+000, 0.000000e+000
 2.482000e-001, 2.636662e+003,-3.170892e+003, 5.399818e+002, 3.481045e+001, 8.759574e+001,-6.552029e+000, 0.000000e+000, 0.000000e+000, 0.000000e+000, 0.000000e+000
 2.482500e-001, 2.676438e+003,-3.147039e+003, 4.766266e+002, 3.576641e+001, 8.778921e+001,-8.649673e+000, 0.000000e+000, 0.000000e+000, 0.000000e+000, 0.000000e+000
 2.483000e-001, 2.715327e+003,-3.122035e+003, 4.131132e+002, 3.670852e+001, 8.795034e+001,-1.074375e+001, 0.000000e+000, 0.000000e+000, 0.000000e+000, 0.000000e+000
 2.483500e-001, 2.753185e+003,-3.095944e+003, 3.494461e+002, 3.763660e+001, 8.807831e+001,-1.283380e+001, 0.000000e+000, 0.000000e+000, 0.000000e+000, 0.000000e+000
 2.484000e-001, 2.790148e+003,-3.068725e+003, 2.856716e+002, 3.854916e+001, 8.817269e+001,-1.491975e+001, 0.000000e+000, 0.000000e+000, 0.000000e+000, 0.000000e+000
 2.484500e-001, 2.826034e+003,-3.040432e+003, 2.217828e+002, 3.944605e+001, 8.823268e+001,-1.700112e+001, 0.000000e+000, 0.000000e+000, 0.000000e+000, 0.000000e+000
 2.485000e-001, 2.861019e+003,-3.011037e+003, 1.578382e+002, 4.032583e+001, 8.825790e+001,-1.907784e+001, 0.000000e+000, 0.000000e+000, 0.000000e+000, 0.000000e+000
 2.485500e-001, 2.894881e+003,-2.980583e+003, 9.381784e+001, 4.118833e+001, 8.824758e+001,-2.114941e+001, 0.000000e+000, 0.000000e+000, 0.000000e+000, 0.000000e+000
 2.486000e-001, 2.927837e+003,-2.949054e+003, 2.979414e+001, 4.203218e+001, 8.820139e+001,-2.321578e+001, 0.000000e+000, 0.000000e+000, 0.000000e+000, 0.000000e+000
 2.486500e-001, 2.959629e+003,-2.916482e+003,-3.426719e+001, 4.285722e+001, 8.811861e+001,-2.527642e+001, 0.000000e+000, 0.000000e+000, 0.000000e+000, 0.000000e+000
 2.487000e-001, 2.990508e+003,-2.882865e+003,-9.827890e+001, 4.366216e+001, 8.799894e+001,-2.733129e+001, 0.000000e+000, 0.000000e+000, 0.000000e+000, 0.000000e+000
 2.487500e-001, 3.020184e+003,-2.848222e+003,-1.622908e+002, 4.444682e+001, 8.784175e+001,-2.937980e+001, 0.000000e+000, 0.000000e+000, 0.000000e+000, 0.000000e+000
 2.488000e-001, 3.048941e+003,-2.812563e+003,-2.261996e+002, 4.521002e+001, 8.764680e+001,-3.142192e+001, 0.000000e+000, 0.000000e+000, 0.000000e+000, 0.000000e+000
 2.488500e-001, 3.076460e+003,-2.775900e+003,-2.900717e+002, 4.595159e+001, 8.741351e+001,-3.345705e+001, 0.000000e+000, 0.000000e+000, 0.000000e+000, 0.000000e+000
 2.489000e-001, 3.103053e+003,-2.738251e+003,-3.537871e+002, 4.667042e+001, 8.714171e+001,-3.548512e+001, 0.000000e+000, 0.000000e+000, 0.000000e+000, 0.000000e+000
 2.489500e-001, 3.128375e+003,-2.699620e+003,-4.174292e+002, 4.736636e+001, 8.683090e+001,-3.750548e+001, 0.000000e+000, 0.000000e+000, 0.000000e+000, 0.000000e+000
 2.490000e-001, 3.152766e+003,-2.660036e+003,-4.808610e+002, 4.803839e+001, 8.648099e+001,-3.951807e+001, 0.000000e+000, 0.000000e+000, 0.000000e+000, 0.000000e+000
 2.490500e-001, 3.175854e+003,-2.619493e+003,-5.441833e+002, 4.868638e+001, 8.609157e+001,-4.152220e+001, 0.000000e+000, 0.000000e+000, 0.000000e+000, 0.000000e+000
 2.491000e-001, 3.198007e+003,-2.578030e+003,-6.072419e+002, 4.930941e+001, 8.566260e+001,-4.351775e+001, 0.000000e+000, 0.000000e+000, 0.000000e+000, 0.000000e+000
 2.491500e-001, 3.218829e+003,-2.535633e+003,-6.701548e+002, 4.990737e+001, 8.519377e+001,-4.550404e+001, 0.000000e+000, 0.000000e+000, 0.000000e+000, 0.000000e+000
 2.492000e-001, 3.238711e+003,-2.492352e+003,-7.327514e+002, 5.047945e+001, 8.468513e+001,-4.748089e+001, 0.000000e+000, 0.000000e+000, 0.000000e+000, 0.000000e+000
 2.492500e-001, 3.257238e+003,-2.448162e+003,-7.951661e+002, 5.102555e+001, 8.413649e+001,-4.944758e+001, 0.000000e+000, 0.000000e+000, 0.000000e+000, 0.000000e+000
 2.493000e-001, 3.274819e+003,-2.403124e+003,-8.572125e+002, 5.154497e+001, 8.354796e+001,-5.140389e+001, 0.000000e+000, 0.000000e+000, 0.000000e+000, 0.000000e+000
 2.493500e-001, 3.291024e+003,-2.357207e+003,-9.190406e+002, 5.203762e+001, 8.291944e+001,-5.334908e+001, 0.000000e+000, 0.000000e+000, 0.000000e+000, 0.000000e+000
 2.494000e-001, 3.306279e+003,-2.310476e+003,-9.804498e+002, 5.250294e+001, 8.225114e+001,-5.528287e+001, 0.000000e+000, 0.000000e+000, 0.000000e+000, 0.000000e+000
 2.494500e-001, 3.320138e+003,-2.262897e+003,-1.041604e+003, 5.294086e+001, 8.154310e+001,-5.720449e+001, 0.000000e+000, 0.000000e+000, 0.000000e+000, 0.000000e+000
 2.495000e-001, 3.333043e+003,-2.214542e+003,-1.102290e+003, 5.335092e+001, 8.079557e+001,-5.911361e+001, 0.000000e+000, 0.000000e+000, 0.000000e+000, 0.000000e+000
 2.495500e-001, 3.344538e+003,-2.165370e+003,-1.162683e+003, 5.373307e+001, 8.000872e+001,-6.100945e+001, 0.000000e+000, 0.000000e+000, 0.000000e+000, 0.000000e+000
 2.496000e-001, 3.355073e+003,-2.115460e+003,-1.222560e+003, 5.408698e+001, 7.918291e+001,-6.289158e+001, 0.000000e+000, 0.000000e+000, 0.000000e+000, 0.000000e+000
 2.496500e-001, 3.364186e+003,-2.064767e+003,-1.282107e+003, 5.441263e+001, 7.831840e+001,-6.475924e+001, 0.000000e+000, 0.000000e+000, 0.000000e+000, 0.000000e+000
 2.497000e-001, 3.372336e+003,-2.013374e+003,-1.341093e+003, 5.470981e+001, 7.741564e+001,-6.661192e+001, 0.000000e+000, 0.000000e+000, 0.000000e+000, 0.000000e+000
 2.497500e-001, 3.379054e+003,-1.961232e+003,-1.399709e+003, 5.497851e+001, 7.647501e+001,-6.844885e+001, 0.000000e+000, 0.000000e+000, 0.000000e+000, 0.000000e+000
 2.498000e-001, 3.384805e+003,-1.908429e+003,-1.457720e+003, 5.521864e+001, 7.549703e+001,-7.026943e+001, 0.000000e+000, 0.000000e+000, 0.000000e+000, 0.000000e+000
 2.498500e-001, 3.389118e+003,-1.854914e+003,-1.515322e+003, 5.543024e+001, 7.448222e+001,-7.207294e+001, 0.000000e+000, 0.000000e+000, 0.000000e+000, 0.000000e+000
 2.499000e-001, 3.392461e+003,-1.800778e+003,-1.572277e+003, 5.561332e+001, 7.343117e+001,-7.385865e+001, 0.000000e+000, 0.000000e+000, 0.000000e+000, 0.000000e+000
 2.499500e-001, 3.394363e+003,-1.745967e+003,-1.628783e+003, 5.576795e+001, 7.234449e+001,-7.562586e+001, 0.000000e+000, 0.000000e+000, 0.000000e+000, 0.000000e+000
 2.500000e-001, 3.395293e+003,-1.690576e+003,-1.684603e+003, 5.589426e+001, 7.122289e+001,-7.737377e+001, 0.000000e+000, 0.000000e+000, 0.000000e+000, 0.000000e+000
 2.500500e-001, 3.394780e+003,-1.634548e+003,-1.739933e+003, 5.599235e+001, 7.006706e+001,-7.910170e+001, 0.000000e+000, 0.000000e+000, 0.000000e+000, 0.000000e+000
 2.501000e-001, 3.393293e+003,-1.577981e+003,-1.794540e+003, 5.606245e+001, 6.887778e+001,-8.080876e+001, 0.000000e+000, 0.000000e+000, 0.000000e+000, 0.000000e+000
 2.501500e-001, 3.390367e+003,-1.520817e+003,-1.848615e+003, 5.610469e+001, 6.765585e+001,-8.249429e+001, 0.000000e+000, 0.000000e+000, 0.000000e+000, 0.000000e+000
 2.502000e-001, 3.386464e+003,-1.463155e+003,-1.901933e+003, 5.611943e+001, 6.640213e+001,-8.415732e+001, 0.000000e+000, 0.000000e+000, 0.000000e+000, 0.000000e+000
 2.502500e-001, 3.381128e+003,-1.404937e+003,-1.954676e+003, 5.610681e+001, 6.511750e+001,-8.579722e+001, 0.000000e+000, 0.000000e+000, 0.000000e+000, 0.000000e+000
 2.503000e-001, 3.374815e+003,-1.346263e+003,-2.006630e+003, 5.606730e+001, 6.380288e+001,-8.741296e+001, 0.000000e+000, 0.000000e+000, 0.000000e+000, 0.000000e+000
 2.503500e-001, 3.367076e+003,-1.287075e+003,-2.057966e+003, 5.600106e+001, 6.245922e+001,-8.900391e+001, 0.000000e+000, 0.000000e+000, 0.000000e+000, 0.000000e+000
 2.504000e-001, 3.358359e+003,-1.227472e+003,-2.108484e+003, 5.590868e+001, 6.108753e+001,-9.056899e+001, 0.000000e+000, 0.000000e+000, 0.000000e+000, 0.000000e+000
 2.504500e-001, 3.348229e+003,-1.167399e+003,-2.158339e+003, 5.579032e+001, 5.968884e+001,-9.210761e+001, 0.000000e+000, 0.000000e+000, 0.000000e+000, 0.000000e+000
 2.505000e-001, 3.337119e+003,-1.106953e+003,-2.207351e+003, 5.564667e+001, 5.826416e+001,-9.361862e+001, 0.000000e+000, 0.000000e+000, 0.000000e+000, 0.000000e+000
 2.505500e-001, 3.324612e+003,-1.046081e+003,-2.255655e+003, 5.547792e+001, 5.681461e+001,-9.510148e+001, 0.000000e+000, 0.000000e+000, 0.000000e+000, 0.000000e+000
 2.506000e-001, 3.311125e+003,-9.848779e+002,-2.303091e+003, 5.528484e+001, 5.534126e+001,-9.655495e+001, 0.000000e+000, 0.000000e+000, 0.000000e+000, 0.000000e+000
 2.506500e-001, 3.296258e+003,-9.232939e+002,-2.349775e+003, 5.506765e+001, 5.384527e+001,-9.797856e+001, 0.000000e+000, 0.000000e+000, 0.000000e+000, 0.000000e+000
 2.507000e-001, 3.280412e+003,-8.614210e+002,-2.395569e+003, 5.482720e+001, 5.232772e+001,-9.937104e+001, 0.000000e+000, 0.000000e+000, 0.000000e+000, 0.000000e+000
 2.507500e-001, 3.263207e+003,-7.992129e+002,-2.440567e+003, 5.456370e+001, 5.078984e+001,-1.007319e+002, 0.000000e+000, 0.000000e+000, 0.000000e+000, 0.000000e+000
 2.508000e-001, 3.245023e+003,-7.367581e+002,-2.484654e+003, 5.427811e+001, 4.923272e+001,-1.020599e+002, 0.000000e+000, 0.000000e+000, 0.000000e+000, 0.000000e+000
 2.508500e-001, 3.225504e+003,-6.740147e+002,-2.527901e+003, 5.397063e+001, 4.765763e+001,-1.033546e+002, 0.000000e+000, 0.000000e+000, 0.000000e+000, 0.000000e+000
 2.509000e-001, 3.205008e+003,-6.110668e+002,-2.570220e+003, 5.364230e+001, 4.606566e+001,-1.046147e+002, 0.000000e+000, 0.000000e+000, 0.000000e+000, 0.000000e+000
 2.509500e-001, 3.183203e+003,-5.478775e+002,-2.611656e+003, 5.329329e+001, 4.445810e+001,-1.058398e+002, 0.000000e+000, 0.000000e+000, 0.000000e+000, 0.000000e+000
 2.510000e-001, 3.160422e+003,-4.845257e+002,-2.652145e+003, 5.292474e+001, 4.283605e+001,-1.070285e+002, 0.000000e+000, 0.000000e+000, 0.000000e+000, 0.000000e+000
 2.510500e-001, 3.136363e+003,-4.209804e+002,-2.691710e+003, 5.253680e+001, 4.120081e+001,-1.081806e+002, 0.000000e+000, 0.000000e+000, 0.000000e+000, 0.000000e+000
 2.511000e-001, 3.111329e+003,-3.573144e+002,-2.730314e+003, 5.213066e+001, 3.955346e+001,-1.092947e+002, 0.000000e+000, 0.000000e+000, 0.000000e+000, 0.000000e+000
 2.511500e-001, 3.085051e+003,-2.935032e+002,-2.767952e+003, 5.170646e+001, 3.789530e+001,-1.103705e+002, 0.000000e+000, 0.000000e+000, 0.000000e+000, 0.000000e+000
 2.512000e-001, 3.057799e+003,-2.296130e+002,-2.804615e+003, 5.126545e+001, 3.622739e+001,-1.114068e+002, 0.000000e+000, 0.000000e+000, 0.000000e+000, 0.000000e+000
 2.512500e-001, 3.029338e+003,-1.656265e+002,-2.840273e+003, 5.080774e+001, 3.455104e+001,-1.124031e+002, 0.000000e+000, 0.000000e+000, 0.000000e+000, 0.000000e+000
 2.513000e-001, 2.999907e+003,-1.016024e+002,-2.874942e+003, 5.033461e+001, 3.286726e+001,-1.133584e+002, 0.000000e+000, 0.000000e+000, 0.000000e+000, 0.000000e+000
 2.513500e-001, 2.969306e+003,-3.753119e+001,-2.908570e+003, 4.984616e+001, 3.117733e+001,-1.142723e+002, 0.000000e+000, 0.000000e+000, 0.000000e+000, 0.000000e+000
 2.514000e-001, 2.937737e+003, 2.653665e+001,-2.941196e+003, 4.934369e+001, 2.948224e+001,-1.151436e+002, 0.000000e+000, 0.000000e+000, 0.000000e+000, 0.000000e+000
 2.514500e-001, 2.905038e+003, 9.060195e+001,-2.972745e+003, 4.882726e+001, 2.778323e+001,-1.159721e+002, 0.000000e+000, 0.000000e+000, 0.000000e+000, 0.000000e+000
 2.515000e-001, 2.871376e+003, 1.546232e+002,-3.003281e+003, 4.829821e+001, 2.608124e+001,-1.167567e+002, 0.000000e+000, 0.000000e+000, 0.000000e+000, 0.000000e+000
 2.515500e-001, 2.836628e+003, 2.185921e+002,-3.032708e+003, 4.775655e+001, 2.437749e+001,-1.174971e+002, 0.000000e+000, 0.000000e+000, 0.000000e+000, 0.000000e+000
 2.516000e-001, 2.800921e+003, 2.824767e+002,-3.061110e+003, 4.720362e+001, 2.267283e+001,-1.181924e+002, 0.000000e+000, 0.000000e+000, 0.000000e+000, 0.000000e+000
 2.516500e-001, 2.764172e+003, 3.462590e+002,-3.088372e+003, 4.663940e+001, 2.096846e+001,-1.188422e+002, 0.000000e+000, 0.000000e+000, 0.000000e+000, 0.000000e+000
 2.517000e-001, 2.726471e+003, 4.099169e+002,-3.114599e+003, 4.606522e+001, 1.926517e+001,-1.194456e+002, 0.000000e+000, 0.000000e+000, 0.000000e+000, 0.000000e+000
 2.517500e-001, 2.687776e+003, 4.734229e+002,-3.139658e+003, 4.548103e+001, 1.756409e+001,-1.200025e+002, 0.000000e+000, 0.000000e+000, 0.000000e+000, 0.000000e+000
 2.518000e-001, 2.648135e+003, 5.367646e+002,-3.163671e+003, 4.488811e+001, 1.586596e+001,-1.205120e+002, 0.000000e+000, 0.000000e+000, 0.000000e+000, 0.000000e+000
 2.518500e-001, 2.607547e+003, 5.999048e+002,-3.186493e+003, 4.428640e+001, 1.417183e+001,-1.209739e+002, 0.000000e+000, 0.000000e+000, 0.000000e+000, 0.000000e+000
 2.519000e-001, 2.566023e+003, 6.628414e+002,-3.208257e+003, 4.367712e+001, 1.248238e+001,-1.213874e+002, 0.000000e+000, 0.000000e+000, 0.000000e+000, 0.000000e+000
 2.519500e-001, 2.523603e+003, 7.255270e+002,-3.228808e+003, 4.306018e+001, 1.079859e+001,-1.217525e+002, 0.000000e+000, 0.000000e+000, 0.000000e+000, 0.000000e+000
 2.520000e-001, 2.480256e+003, 7.879700e+002,-3.248292e+003, 4.243677e+001, 9.121076e+000,-1.220684e+002, 0.000000e+000, 0.000000e+000, 0.000000e+000, 0.000000e+000
 2.520500e-001, 2.436063e+003, 8.501129e+002,-3.266542e+003, 4.180673e+001, 7.450742e+000,-1.223351e+002, 0.000000e+000, 0.000000e+000, 0.000000e+000, 0.000000e+000
 2.521000e-001, 2.390956e+003, 9.119747e+002,-3.283717e+003, 4.117119e+001, 5.788128e+000,-1.225520e+002, 0.000000e+000, 0.000000e+000, 0.000000e+000, 0.000000e+000
 2.521500e-001, 2.345053e+003, 9.734877e+002,-3.299642e+003, 4.052997e+001, 4.134064e+000,-1.227190e+002, 0.000000e+000, 0.000000e+000, 0.000000e+000, 0.000000e+000
 2.522000e-001, 2.298251e+003, 1.034681e+003,-3.314482e+003, 3.988412e+001, 2.489018e+000,-1.228357e+002, 0.000000e+000, 0.000000e+000, 0.000000e+000, 0.000000e+000
 2.522500e-001, 2.250705e+003, 1.095478e+003,-3.328059e+003, 3.923343e+001, 8.537382e-001,-1.229020e+002, 0.000000e+000, 0.000000e+000, 0.000000e+000, 0.000000e+000
 2.523000e-001, 2.202276e+003, 1.155917e+003,-3.340541e+003, 3.857883e+001,-7.713724e-001,-1.229177e+002, 0.000000e+000, 0.000000e+000, 0.000000e+000, 0.000000e+000
 2.523500e-001, 2.153155e+003, 1.215913e+003,-3.351751e+003, 3.792012e+001,-2.385653e+000,-1.228827e+002, 0.000000e+000, 0.000000e+000, 0.000000e+000, 0.000000e+000
 2.524000e-001, 2.103169e+003, 1.275512e+003,-3.361857e+003, 3.725812e+001,-3.988763e+000,-1.227968e+002, 0.000000e+000, 0.000000e+000, 0.000000e+000, 0.000000e+000
 2.524500e-001, 2.052542e+003, 1.334622e+003,-3.370684e+003, 3.659260e+001,-5.580129e+000,-1.226601e+002, 0.000000e+000, 0.000000e+000, 0.000000e+000, 0.000000e+000
 2.525000e-001, 2.001073e+003, 1.393298e+003,-3.378398e+003, 3.592427e+001,-7.159470e+000,-1.224724e+002, 0.000000e+000, 0.000000e+000, 0.000000e+000, 0.000000e+000
 2.525500e-001, 1.949012e+003, 1.451440e+003,-3.384828e+003, 3.525290e+001,-8.726299e+000,-1.222339e+002, 0.000000e+000, 0.000000e+000, 0.000000e+000, 0.000000e+000
 2.526000e-001, 1.896135e+003, 1.509110e+003,-3.390139e+003, 3.457905e+001,-1.028039e+001,-1.219446e+002, 0.000000e+000, 0.000000e+000, 0.000000e+000, 0.000000e+000
 2.526500e-001, 1.842715e+003, 1.566202e+003,-3.394163e+003, 3.390250e+001,-1.182134e+001,-1.216045e+002, 0.000000e+000, 0.000000e+000, 0.000000e+000, 0.000000e+000
 2.527000e-001, 1.788506e+003, 1.622785e+003,-3.397062e+003, 3.322370e+001,-1.334898e+001,-1.212140e+002, 0.000000e+000, 0.000000e+000, 0.000000e+000, 0.000000e+000
 2.527500e-001, 1.733802e+003, 1.678747e+003,-3.398674e+003, 3.254240e+001,-1.486298e+001,-1.207730e+002, 0.000000e+000, 0.000000e+000, 0.000000e+000, 0.000000e+000
 2.528000e-001, 1.678340e+003, 1.734163e+003,-3.399156e+003, 3.185892e+001,-1.636322e+001,-1.202819e+002, 0.000000e+000, 0.000000e+000, 0.000000e+000, 0.000000e+000
 2.528500e-001, 1.622431e+003, 1.788917e+003,-3.398353e+003, 3.117303e+001,-1.784946e+001,-1.197409e+002, 0.000000e+000, 0.000000e+000, 0.000000e+000, 0.000000e+000
 2.529000e-001, 1.565798e+003, 1.843087e+003,-3.396417e+003, 3.048491e+001,-1.932159e+001,-1.191504e+002, 0.000000e+000, 0.000000e+000, 0.000000e+000, 0.000000e+000
 2.529500e-001, 1.508762e+003, 1.896556e+003,-3.393200e+003, 2.979434e+001,-2.077948e+001,-1.185107e+002, 0.000000e+000, 0.000000e+000, 0.000000e+000, 0.000000e+000
 2.530000e-001, 1.451039e+003, 1.949403e+003,-3.388847e+003, 2.910137e+001,-2.222304e+001,-1.178222e+002, 0.000000e+000, 0.000000e+000, 0.000000e+000, 0.000000e+000
 2.530500e-001, 1.392959e+003, 2.001512e+003,-3.383219e+003, 2.840580e+001,-2.365219e+001,-1.170852e+002, 0.000000e+000, 0.000000e+000, 0.000000e+000, 0.000000e+000
 2.531000e-001, 1.334230e+003, 2.052963e+003,-3.376456e+003, 2.770755e+001,-2.506689e+001,-1.163004e+002, 0.000000e+000, 0.000000e+000, 0.000000e+000, 0.000000e+000
 2.531500e-001, 1.275187e+003, 2.103638e+003,-3.368425e+003, 2.700644e+001,-2.646712e+001,-1.154682e+002, 0.000000e+000, 0.000000e+000, 0.000000e+000, 0.000000e+000
 2.532000e-001, 1.215537e+003, 2.153619e+003,-3.359260e+003, 2.630226e+001,-2.785286e+001,-1.145891e+002, 0.000000e+000, 0.000000e+000, 0.000000e+000, 0.000000e+000
 2.532500e-001, 1.155615e+003, 2.202790e+003,-3.348836e+003, 2.559486e+001,-2.922415e+001,-1.136637e+002, 0.000000e+000, 0.000000e+000, 0.000000e+000, 0.000000e+000
 2.533000e-001, 1.095132e+003, 2.251229e+003,-3.337282e+003, 2.488393e+001,-3.058097e+001,-1.126926e+002, 0.000000e+000, 0.000000e+000, 0.000000e+000, 0.000000e+000
 2.533500e-001, 1.034416e+003, 2.298826e+003,-3.324480e+003, 2.416933e+001,-3.192343e+001,-1.116765e+002, 0.000000e+000, 0.000000e+000, 0.000000e+000, 0.000000e+000
 2.534000e-001, 9.731847e+002, 2.345656e+003,-3.310553e+003, 2.345067e+001,-3.325150e+001,-1.106161e+002, 0.000000e+000, 0.000000e+000, 0.000000e+000, 0.000000e+000
 2.534500e-001, 9.117611e+002, 2.391612e+003,-3.295390e+003, 2.272783e+001,-3.456535e+001,-1.095120e+002, 0.000000e+000, 0.000000e+000, 0.000000e+000, 0.000000e+000
 2.535000e-001, 8.498710e+002, 2.436766e+003,-3.279109e+003, 2.200033e+001,-3.586495e+001,-1.083651e+002, 0.000000e+000, 0.000000e+000, 0.000000e+000, 0.000000e+000
 2.535500e-001, 7.878269e+002, 2.481016e+003,-3.261606e+003, 2.126807e+001,-3.715049e+001,-1.071760e+002, 0.000000e+000, 0.000000e+000, 0.000000e+000, 0.000000e+000
 2.536000e-001, 7.253665e+002, 2.524428e+003,-3.242995e+003, 2.053052e+001,-3.842195e+001,-1.059458e+002, 0.000000e+000, 0.000000e+000, 0.000000e+000, 0.000000e+000
 2.536500e-001, 6.627899e+002, 2.566910e+003,-3.223176e+003, 1.978761e+001,-3.967955e+001,-1.046750e+002, 0.000000e+000, 0.000000e+000, 0.000000e+000, 0.000000e+000
 2.537000e-001, 5.998486e+002, 2.608520e+003,-3.202260e+003, 1.903876e+001,-4.092326e+001,-1.033646e+002, 0.000000e+000, 0.000000e+000, 0.000000e+000, 0.000000e+000
 2.537500e-001, 5.368283e+002, 2.649172e+003,-3.180153e+003, 1.828391e+001,-4.215332e+001,-1.020155e+002, 0.000000e+000, 0.000000e+000, 0.000000e+000, 0.000000e+000
 2.538000e-001, 4.734958e+002, 2.688921e+003,-3.156962e+003, 1.752248e+001,-4.336969e+001,-1.006286e+002, 0.000000e+000, 0.000000e+000, 0.000000e+000, 0.000000e+000
 2.538500e-001, 4.101213e+002, 2.727686e+003,-3.132598e+003, 1.675441e+001,-4.457261e+001,-9.920487e+001, 0.000000e+000, 0.000000e+000, 0.000000e+000, 0.000000e+000
 2.539000e-001, 3.464878e+002, 2.765516e+003,-3.107166e+003, 1.597910e+001,-4.576202e+001,-9.774517e+001, 0.000000e+000, 0.000000e+000, 0.000000e+000, 0.000000e+000
 2.539500e-001, 2.828488e+002, 2.802340e+003,-3.080579e+003, 1.519655e+001,-4.693819e+001,-9.625050e+001, 0.000000e+000, 0.000000e+000, 0.000000e+000, 0.000000e+000
 2.540000e-001, 2.190047e+002, 2.838197e+003,-3.052940e+003, 1.440616e+001,-4.810103e+001,-9.472183e+001, 0.000000e+000, 0.000000e+000, 0.000000e+000, 0.000000e+000
 2.540500e-001, 1.551915e+002, 2.873026e+003,-3.024168e+003, 1.360794e+001,-4.925079e+001,-9.316016e+001, 0.000000e+000, 0.000000e+000, 0.000000e+000, 0.000000e+000
 2.541000e-001, 9.122709e+001, 2.906859e+003,-2.994364e+003, 1.280132e+001,-5.038737e+001,-9.156651e+001, 0.000000e+000, 0.000000e+000, 0.000000e+000, 0.000000e+000
 2.541500e-001, 2.733022e+001, 2.939644e+003,-2.963446e+003, 1.198633e+001,-5.151101e+001,-8.994187e+001, 0.000000e+000, 0.000000e+000, 0.000000e+000, 0.000000e+000
 2.542000e-001,-3.666414e+001, 2.971404e+003,-2.931518e+003, 1.116246e+001,-5.262159e+001,-8.828728e+001, 0.000000e+000, 0.000000e+000, 0.000000e+000, 0.000000e+000
 2.542500e-001,-1.005542e+002, 3.002097e+003,-2.898499e+003, 1.032975e+001,-5.371931e+001,-8.660377e+001, 0.000000e+000, 0.000000e+000, 0.000000e+000, 0.000000e+000
 2.543000e-001,-1.644883e+002, 3.031739e+003,-2.864494e+003, 9.487753e+000,-5.480404e+001,-8.489235e+001, 0.000000e+000, 0.000000e+000, 0.000000e+000, 0.000000e+000
 2.543500e-001,-2.282810e+002, 3.060297e+003,-2.829421e+003, 8.636545e+000,-5.587593e+001,-8.315409e+001, 0.000000e+000, 0.000000e+000, 0.000000e+000, 0.000000e+000
 2.544000e-001,-2.920648e+002, 3.087778e+003,-2.793386e+003, 7.775723e+000,-5.693485e+001,-8.139001e+001, 0.000000e+000, 0.000000e+000, 0.000000e+000, 0.000000e+000
 2.544500e-001,-3.556700e+002, 3.114159e+003,-2.756309e+003, 6.905416e+000,-5.798092e+001,-7.960115e+001, 0.000000e+000, 0.000000e+000, 0.000000e+000, 0.000000e+000
 2.545000e-001,-4.192138e+002, 3.139439e+003,-2.718297e+003, 6.025286e+000,-5.901395e+001,-7.778854e+001, 0.000000e+000, 0.000000e+000, 0.000000e+000, 0.000000e+000
 2.545500e-001,-4.825414e+002, 3.163605e+003,-2.679269e+003, 5.135506e+000,-6.003403e+001,-7.595321e+001, 0.000000e+000, 0.000000e+000, 0.000000e+000, 0.000000e+000
 2.546000e-001,-5.457562e+002, 3.186649e+003,-2.639334e+003, 4.235813e+000,-6.104095e+001,-7.409618e+001, 0.000000e+000, 0.000000e+000, 0.000000e+000, 0.000000e+000
 2.546500e-001,-6.087168e+002, 3.208564e+003,-2.598410e+003, 3.326425e+000,-6.203475e+001,-7.221848e+001, 0.000000e+000, 0.000000e+000, 0.000000e+000, 0.000000e+000
 2.547000e-001,-6.715138e+002, 3.229338e+003,-2.556610e+003, 2.407165e+000,-6.301519e+001,-7.032108e+001, 0.000000e+000, 0.000000e+000, 0.000000e+000, 0.000000e+000
 2.547500e-001,-7.340184e+002, 3.248971e+003,-2.513849e+003, 1.478296e+000,-6.398225e+001,-6.840501e+001, 0.000000e+000, 0.000000e+000, 0.000000e+000, 0.000000e+000
 2.548000e-001,-7.963095e+002, 3.267445e+003,-2.470242e+003, 5.397277e-001,-6.493568e+001,-6.647121e+001, 0.000000e+000, 0.000000e+000, 0.000000e+000, 0.000000e+000
 2.548500e-001,-8.582700e+002, 3.284766e+003,-2.425706e+003,-4.082220e-001,-6.587537e+001,-6.452069e+001, 0.000000e+000, 0.000000e+000, 0.000000e+000, 0.000000e+000
 2.549000e-001,-9.199680e+002, 3.300913e+003,-2.380357e+003,-1.365561e+000,-6.680107e+001,-6.255436e+001, 0.000000e+000, 0.000000e+000, 0.000000e+000, 0.000000e+000
 2.549500e-001,-9.812971e+002, 3.315897e+003,-2.334109e+003,-2.331910e+000,-6.771260e+001,-6.057317e+001, 0.000000e+000, 0.000000e+000, 0.000000e+000, 0.000000e+000
 2.550000e-001,-1.042315e+003, 3.329694e+003,-2.287082e+003,-3.307197e+000,-6.860967e+001,-5.857803e+001, 0.000000e+000, 0.000000e+000, 0.000000e+000, 0.000000e+000
 2.550500e-001,-1.102927e+003, 3.342318e+003,-2.239190e+003,-4.290978e+000,-6.949206e+001,-5.656982e+001, 0.000000e+000, 0.000000e+000, 0.000000e+000, 0.000000e+000
 2.551000e-001,-1.163180e+003, 3.353744e+003,-2.190551e+003,-5.283101e+000,-7.035944e+001,-5.454944e+001, 0.000000e+000, 0.000000e+000, 0.000000e+000, 0.000000e+000
 2.551500e-001,-1.222988e+003, 3.363990e+003,-2.141083e+003,-6.283058e+000,-7.121151e+001,-5.251771e+001, 0.000000e+000, 0.000000e+000, 0.000000e+000, 0.000000e+000
 2.552000e-001,-1.282391e+003, 3.373029e+003,-2.090904e+003,-7.290623e+000,-7.204792e+001,-5.047549e+001, 0.000000e+000, 0.000000e+000, 0.000000e+000, 0.000000e+000
 2.552500e-001,-1.341312e+003, 3.380881e+003,-2.039931e+003,-8.305216e+000,-7.286833e+001,-4.842355e+001, 0.000000e+000, 0.000000e+000, 0.000000e+000, 0.000000e+000
 2.553000e-001,-1.399782e+003, 3.387519e+003,-1.988282e+003,-9.326545e+000,-7.367234e+001,-4.636270e+001, 0.000000e+000, 0.000000e+000, 0.000000e+000, 0.000000e+000
 2.553500e-001,-1.457733e+003, 3.392964e+003,-1.935879e+003,-1.035396e+001,-7.445953e+001,-4.429367e+001, 0.000000e+000, 0.000000e+000, 0.000000e+000, 0.000000e+000
 2.554000e-001,-1.515187e+003, 3.397191e+003,-1.882835e+003,-1.138711e+001,-7.522952e+001,-4.221723e+001, 0.000000e+000, 0.000000e+000, 0.000000e+000, 0.000000e+000
 2.554500e-001,-1.572088e+003, 3.400220e+003,-1.829076e+003,-1.242526e+001,-7.598178e+001,-4.013404e+001, 0.000000e+000, 0.000000e+000, 0.000000e+000, 0.000000e+000
 2.555000e-001,-1.628445e+003, 3.402030e+003,-1.774713e+003,-1.346802e+001,-7.671591e+001,-3.804483e+001, 0.000000e+000, 0.000000e+000, 0.000000e+000, 0.000000e+000
 2.555500e-001,-1.684214e+003, 3.402639e+003,-1.719676e+003,-1.451459e+001,-7.743136e+001,-3.595020e+001, 0.000000e+000, 0.000000e+000, 0.000000e+000, 0.000000e+000
 2.556000e-001,-1.739396e+003, 3.402028e+003,-1.664072e+003,-1.556452e+001,-7.812766e+001,-3.385085e+001, 0.000000e+000, 0.000000e+000, 0.000000e+000, 0.000000e+000
 2.556500e-001,-1.793956e+003, 3.400214e+003,-1.607835e+003,-1.661695e+001,-7.880423e+001,-3.174730e+001, 0.000000e+000, 0.000000e+000, 0.000000e+000, 0.000000e+000
 2.557000e-001,-1.847883e+003, 3.397183e+003,-1.551070e+003,-1.767139e+001,-7.946057e+001,-2.964022e+001, 0.000000e+000, 0.000000e+000, 0.000000e+000, 0.000000e+000
 2.557500e-001,-1.901158e+003, 3.392948e+003,-1.493715e+003,-1.872690e+001,-8.009604e+001,-2.753008e+001, 0.000000e+000, 0.000000e+000, 0.000000e+000, 0.000000e+000
 2.558000e-001,-1.953755e+003, 3.387500e+003,-1.435869e+003,-1.978299e+001,-8.071013e+001,-2.541750e+001, 0.000000e+000, 0.000000e+000, 0.000000e+000, 0.000000e+000
 2.558500e-001,-2.005669e+003, 3.380849e+003,-1.377479e+003,-2.083864e+001,-8.130215e+001,-2.330289e+001, 0.000000e+000, 0.000000e+000, 0.000000e+000, 0.000000e+000
 2.559000e-001,-2.056861e+003, 3.372992e+003,-1.318635e+003,-2.189334e+001,-8.187157e+001,-2.118685e+001, 0.000000e+000, 0.000000e+000, 0.000000e+000, 0.000000e+000
 2.559500e-001,-2.107343e+003, 3.363934e+003,-1.259294e+003,-2.294602e+001,-8.241766e+001,-1.906971e+001, 0.000000e+000, 0.000000e+000, 0.000000e+000, 0.000000e+000
 2.560000e-001,-2.157057e+003, 3.353678e+003,-1.199536e+003,-2.399616e+001,-8.293989e+001,-1.695205e+001, 0.000000e+000, 0.000000e+000, 0.000000e+000, 0.000000e+000
 2.560500e-001,-2.206034e+003, 3.342225e+003,-1.139328e+003,-2.504263e+001,-8.343748e+001,-1.483415e+001, 0.000000e+000, 0.000000e+000, 0.000000e+000, 0.000000e+000
 2.561000e-001,-2.254201e+003, 3.329585e+003,-1.078742e+003,-2.608491e+001,-8.390989e+001,-1.271656e+001, 0.000000e+000, 0.000000e+000, 0.000000e+000, 0.000000e+000
 2.561500e-001,-2.301605e+003, 3.315751e+003,-1.017754e+003,-2.712183e+001,-8.435633e+001,-1.059951e+001, 0.000000e+000, 0.000000e+000, 0.000000e+000, 0.000000e+000
 2.562000e-001,-2.348155e+003, 3.300745e+003,-9.564261e+002,-2.815286e+001,-8.477624e+001,-8.483533e+000, 0.000000e+000, 0.000000e+000, 0.000000e+000, 0.000000e+000
 2.562500e-001,-2.393919e+003, 3.284551e+003,-8.947451e+002,-2.917681e+001,-8.516882e+001,-6.368797e+000, 0.000000e+000, 0.000000e+000, 0.000000e+000, 0.000000e+000
 2.563000e-001,-2.438787e+003, 3.267198e+003,-8.327627e+002,-3.019316e+001,-8.553350e+001,-4.255836e+000, 0.000000e+000, 0.000000e+000, 0.000000e+000, 0.000000e+000
 2.563500e-001,-2.482847e+003, 3.248666e+003,-7.704773e+002,-3.120070e+001,-8.586948e+001,-2.144768e+000, 0.000000e+000, 0.000000e+000, 0.000000e+000, 0.000000e+000
 2.564000e-001,-2.525969e+003, 3.228993e+003,-7.079285e+002,-3.219889e+001,-8.617621e+001,-3.612008e-002, 0.000000e+000, 0.000000e+000, 0.000000e+000, 0.000000e+000
 2.564500e-001,-2.568262e+003, 3.208148e+003,-6.451277e+002,-3.318653e+001,-8.645287e+001, 2.070029e+000, 0.000000e+000, 0.000000e+000, 0.000000e+000, 0.000000e+000
 2.565000e-001,-2.609576e+003, 3.186181e+003,-5.821015e+002,-3.416309e+001,-8.669892e+001, 4.173154e+000, 0.000000e+000, 0.000000e+000, 0.000000e+000, 0.000000e+000
 2.565500e-001,-2.650042e+003, 3.163054e+003,-5.188751e+002,-3.512739e+001,-8.691356e+001, 6.273207e+000, 0.000000e+000, 0.000000e+000, 0.000000e+000, 0.000000e+000
 2.566000e-001,-2.689490e+003, 3.138825e+003,-4.554608e+002,-3.607890e+001,-8.709626e+001, 8.369660e+000, 0.000000e+000, 0.000000e+000, 0.000000e+000, 0.000000e+000
 2.566500e-001,-2.728071e+003, 3.113448e+003,-3.918989e+002,-3.701643e+001,-8.724626e+001, 1.046249e+001, 0.000000e+000, 0.000000e+000, 0.000000e+000, 0.000000e+000
 2.567000e-001,-2.765597e+003, 3.086991e+003,-3.281867e+002,-3.793950e+001,-8.736304e+001, 1.255116e+001, 0.000000e+000, 0.000000e+000, 0.000000e+000, 0.000000e+000
 2.567500e-001,-2.802238e+003, 3.059401e+003,-2.643799e+002,-3.884694e+001,-8.744587e+001, 1.463567e+001, 0.000000e+000, 0.000000e+000, 0.000000e+000, 0.000000e+000
 2.568000e-001,-2.837789e+003, 3.030753e+003,-2.004600e+002,-3.973827e+001,-8.749426e+001, 1.671546e+001, 0.000000e+000, 0.000000e+000, 0.000000e+000, 0.000000e+000
 2.568500e-001,-2.872438e+003, 3.000989e+003,-1.364990e+002,-4.061240e+001,-8.750754e+001, 1.879054e+001, 0.000000e+000, 0.000000e+000, 0.000000e+000, 0.000000e+000
 2.569000e-001,-2.905962e+003, 2.970191e+003,-7.246209e+001,-4.146881e+001,-8.748524e+001, 2.086035e+001, 0.000000e+000, 0.000000e+000, 0.000000e+000, 0.000000e+000
 2.569500e-001,-2.938569e+003, 2.938296e+003,-8.437779e+000,-4.230649e+001,-8.742673e+001, 2.292489e+001, 0.000000e+000, 0.000000e+000, 0.000000e+000, 0.000000e+000
 2.570000e-001,-2.970020e+003, 2.905393e+003, 5.562559e+001,-4.312494e+001,-8.733162e+001, 2.498356e+001, 0.000000e+000, 0.000000e+000, 0.000000e+000, 0.000000e+000
 2.570500e-001,-3.000537e+003, 2.871412e+003, 1.196223e+002,-4.392323e+001,-8.719933e+001, 2.703638e+001, 0.000000e+000, 0.000000e+000, 0.000000e+000, 0.000000e+000
 2.571000e-001,-3.029870e+003, 2.836450e+003, 1.836215e+002,-4.470084e+001,-8.702950e+001, 2.908272e+001, 0.000000e+000, 0.000000e+000, 0.000000e+000, 0.000000e+000
 2.571500e-001,-3.058253e+003, 2.800433e+003, 2.475000e+002,-4.545694e+001,-8.682163e+001, 3.112257e+001, 0.000000e+000, 0.000000e+000, 0.000000e+000, 0.000000e+000
 2.572000e-001,-3.085427e+003, 2.763463e+003, 3.113445e+002,-4.619101e+001,-8.657544e+001, 3.315530e+001, 0.000000e+000, 0.000000e+000, 0.000000e+000, 0.000000e+000
 2.572500e-001,-3.111635e+003, 2.725461e+003, 3.750143e+002,-4.690231e+001,-8.629050e+001, 3.518086e+001, 0.000000e+000, 0.000000e+000, 0.000000e+000, 0.000000e+000
 2.573000e-001,-3.136611e+003, 2.686536e+003, 4.386140e+002,-4.759034e+001,-8.596658e+001, 3.719860e+001, 0.000000e+000, 0.000000e+000, 0.000000e+000, 0.000000e+000
 2.573500e-001,-3.160604e+003, 2.646604e+003, 5.019852e+002,-4.825447e+001,-8.560334e+001, 3.920842e+001, 0.000000e+000, 0.000000e+000, 0.000000e+000, 0.000000e+000
 2.574000e-001,-3.183347e+003, 2.605780e+003, 5.652501e+002,-4.889419e+001,-8.520063e+001, 4.120966e+001, 0.000000e+000, 0.000000e+000, 0.000000e+000, 0.000000e+000
 2.574500e-001,-3.205090e+003, 2.563976e+003, 6.282332e+002,-4.950898e+001,-8.475822e+001, 4.320218e+001, 0.000000e+000, 0.000000e+000, 0.000000e+000, 0.000000e+000
 2.575000e-001,-3.225568e+003, 2.521311e+003, 6.910740e+002,-5.009834e+001,-8.427601e+001, 4.518529e+001, 0.000000e+000, 0.000000e+000, 0.000000e+000, 0.000000e+000
 2.575500e-001,-3.245030e+003, 2.477696e+003, 7.535801e+002,-5.066187e+001,-8.375388e+001, 4.715881e+001, 0.000000e+000, 0.000000e+000, 0.000000e+000, 0.000000e+000
 2.576000e-001,-3.263213e+003, 2.433252e+003, 8.159081e+002,-5.119908e+001,-8.319180e+001, 4.912202e+001, 0.000000e+000, 0.000000e+000, 0.000000e+000, 0.000000e+000
 2.576500e-001,-3.280363e+003, 2.387889e+003, 8.778492e+002,-5.170970e+001,-8.258977e+001, 5.107469e+001, 0.000000e+000, 0.000000e+000, 0.000000e+000, 0.000000e+000
 2.577000e-001,-3.296227e+003, 2.341729e+003, 9.395763e+002,-5.219323e+001,-8.194784e+001, 5.301606e+001, 0.000000e+000, 0.000000e+000, 0.000000e+000, 0.000000e+000
 2.577500e-001,-3.311040e+003, 2.294683e+003, 1.000865e+003,-5.264954e+001,-8.126612e+001, 5.494586e+001, 0.000000e+000, 0.000000e+000, 0.000000e+000, 0.000000e+000
 2.578000e-001,-3.324562e+003, 2.246874e+003, 1.061904e+003,-5.307813e+001,-8.054475e+001, 5.686331e+001, 0.000000e+000, 0.000000e+000, 0.000000e+000, 0.000000e+000
 2.578500e-001,-3.337015e+003, 2.198214e+003, 1.122455e+003,-5.347901e+001,-7.978394e+001, 5.876807e+001, 0.000000e+000, 0.000000e+000, 0.000000e+000, 0.000000e+000
 2.579000e-001,-3.348175e+003, 2.148825e+003, 1.182720e+003,-5.385170e+001,-7.898392e+001, 6.065934e+001, 0.000000e+000, 0.000000e+000, 0.000000e+000, 0.000000e+000
 2.579500e-001,-3.358249e+003, 2.098621e+003, 1.242448e+003,-5.419632e+001,-7.814503e+001, 6.253672e+001, 0.000000e+000, 0.000000e+000, 0.000000e+000, 0.000000e+000
 2.580000e-001,-3.367031e+003, 2.047723e+003, 1.301852e+003,-5.451240e+001,-7.726759e+001, 6.439941e+001, 0.000000e+000, 0.000000e+000, 0.000000e+000, 0.000000e+000
 2.580500e-001,-3.374711e+003, 1.996048e+003, 1.360673e+003,-5.480021e+001,-7.635202e+001, 6.624692e+001, 0.000000e+000, 0.000000e+000, 0.000000e+000, 0.000000e+000
 2.581000e-001,-3.381103e+003, 1.943714e+003, 1.419134e+003,-5.505931e+001,-7.539874e+001, 6.807843e+001, 0.000000e+000, 0.000000e+000, 0.000000e+000, 0.000000e+000
 2.581500e-001,-3.386375e+003, 1.890641e+003, 1.476966e+003,-5.529005e+001,-7.440830e+001, 6.989340e+001, 0.000000e+000, 0.000000e+000, 0.000000e+000, 0.000000e+000
 2.582000e-001,-3.390369e+003, 1.836947e+003, 1.534400e+003,-5.549205e+001,-7.338120e+001, 7.169102e+001, 0.000000e+000, 0.000000e+000, 0.000000e+000, 0.000000e+000
 2.582500e-001,-3.393225e+003, 1.782555e+003, 1.591162e+003,-5.566577e+001,-7.231809e+001, 7.347066e+001, 0.000000e+000, 0.000000e+000, 0.000000e+000, 0.000000e+000
 2.583000e-001,-3.394813e+003, 1.727577e+003, 1.647488e+003,-5.581086e+001,-7.121956e+001, 7.523150e+001, 0.000000e+000, 0.000000e+000, 0.000000e+000, 0.000000e+000
 2.583500e-001,-3.395249e+003, 1.671943e+003, 1.703100e+003,-5.592787e+001,-7.008637e+001, 7.697284e+001, 0.000000e+000, 0.000000e+000, 0.000000e+000, 0.000000e+000
 2.584000e-001,-3.394427e+003, 1.615761e+003, 1.758238e+003,-5.601651e+001,-6.891917e+001, 7.869389e+001, 0.000000e+000, 0.000000e+000, 0.000000e+000, 0.000000e+000
 2.584500e-001,-3.392441e+003, 1.558966e+003, 1.812623e+003,-5.607744e+001,-6.771884e+001, 8.039387e+001, 0.000000e+000, 0.000000e+000, 0.000000e+000, 0.000000e+000
 2.585000e-001,-3.389212e+003, 1.501659e+003, 1.866494e+003,-5.611040e+001,-6.648609e+001, 8.207200e+001, 0.000000e+000, 0.000000e+000, 0.000000e+000, 0.000000e+000
 2.585500e-001,-3.384806e+003, 1.443785e+003, 1.919576e+003,-5.611611e+001,-6.522189e+001, 8.372742e+001, 0.000000e+000, 0.000000e+000, 0.000000e+000, 0.000000e+000
 2.586000e-001,-3.379173e+003, 1.385437e+003, 1.972104e+003,-5.609441e+001,-6.392704e+001, 8.535938e+001, 0.000000e+000, 0.000000e+000, 0.000000e+000, 0.000000e+000
 2.586500e-001,-3.372351e+003, 1.326566e+003, 2.023809e+003,-5.604608e+001,-6.260258e+001, 8.696695e+001, 0.000000e+000, 0.000000e+000, 0.000000e+000, 0.000000e+000
 2.587000e-001,-3.364322e+003, 1.267260e+003, 2.074919e+003,-5.597101e+001,-6.124936e+001, 8.854942e+001, 0.000000e+000, 0.000000e+000, 0.000000e+000, 0.000000e+000
 2.587500e-001,-3.355095e+003, 1.207476e+003, 2.125174e+003,-5.587004e+001,-5.986851e+001, 9.010578e+001, 0.000000e+000, 0.000000e+000, 0.000000e+000, 0.000000e+000
 2.588000e-001,-3.344679e+003, 1.147297e+003, 2.174794e+003,-5.574314e+001,-5.846093e+001, 9.163535e+001, 0.000000e+000, 0.000000e+000, 0.000000e+000, 0.000000e+000
 2.588500e-001,-3.333060e+003, 1.086687e+003, 2.223528e+003,-5.559119e+001,-5.702782e+001, 9.313708e+001, 0.000000e+000, 0.000000e+000, 0.000000e+000, 0.000000e+000
 2.589000e-001,-3.320271e+003, 1.025721e+003, 2.271587e+003,-5.541422e+001,-5.557013e+001, 9.461031e+001, 0.000000e+000, 0.000000e+000, 0.000000e+000, 0.000000e+000
 2.589500e-001,-3.306275e+003, 9.643709e+002, 2.318733e+003,-5.521315e+001,-5.408909e+001, 9.605393e+001, 0.000000e+000, 0.000000e+000, 0.000000e+000, 0.000000e+000
 2.590000e-001,-3.291132e+003, 9.027045e+002, 2.365162e+003,-5.498811e+001,-5.258570e+001, 9.746735e+001, 0.000000e+000, 0.000000e+000, 0.000000e+000, 0.000000e+000
 2.590500e-001,-3.274780e+003, 8.407021e+002, 2.410654e+003,-5.474001e+001,-5.106125e+001, 9.884940e+001, 0.000000e+000, 0.000000e+000, 0.000000e+000, 0.000000e+000
 2.591000e-001,-3.257302e+003, 7.784236e+002, 2.455387e+003,-5.446906e+001,-4.951677e+001, 1.001995e+002, 0.000000e+000, 0.000000e+000, 0.000000e+000, 0.000000e+000
 2.591500e-001,-3.238616e+003, 7.158571e+002, 2.499160e+003,-5.417620e+001,-4.795354e+001, 1.015165e+002, 0.000000e+000, 0.000000e+000, 0.000000e+000, 0.000000e+000
 2.592000e-001,-3.218828e+003, 6.530552e+002, 2.542134e+003,-5.386168e+001,-4.637264e+001, 1.027999e+002, 0.000000e+000, 0.000000e+000, 0.000000e+000, 0.000000e+000
 2.592500e-001,-3.197836e+003, 5.900134e+002, 2.584127e+003,-5.352647e+001,-4.477537e+001, 1.040484e+002, 0.000000e+000, 0.000000e+000, 0.000000e+000, 0.000000e+000
 2.593000e-001,-3.175765e+003, 5.267775e+002, 2.625280e+003,-5.317088e+001,-4.316281e+001, 1.052616e+002, 0.000000e+000, 0.000000e+000, 0.000000e+000, 0.000000e+000
 2.593500e-001,-3.152496e+003, 4.633497e+002, 2.665434e+003,-5.279586e+001,-4.153627e+001, 1.064382e+002, 0.000000e+000, 0.000000e+000, 0.000000e+000, 0.000000e+000
 2.594000e-001,-3.128173e+003, 3.997697e+002, 2.704707e+003,-5.240180e+001,-3.989684e+001, 1.075779e+002, 0.000000e+000, 0.000000e+000, 0.000000e+000, 0.000000e+000
 2.594500e-001,-3.102661e+003, 3.360458e+002, 2.742965e+003,-5.198962e+001,-3.824580e+001, 1.086793e+002, 0.000000e+000, 0.000000e+000, 0.000000e+000, 0.000000e+000
 2.595000e-001,-3.076119e+003, 2.722119e+002, 2.780303e+003,-5.155978e+001,-3.658426e+001, 1.097422e+002, 0.000000e+000, 0.000000e+000, 0.000000e+000, 0.000000e+000
 2.595500e-001,-3.048401e+003, 2.082820e+002, 2.816611e+003,-5.111317e+001,-3.491347e+001, 1.107653e+002, 0.000000e+000, 0.000000e+000, 0.000000e+000, 0.000000e+000
 2.596000e-001,-3.019678e+003, 1.442848e+002, 2.851960e+003,-5.065030e+001,-3.323452e+001, 1.117482e+002, 0.000000e+000, 0.000000e+000, 0.000000e+000, 0.000000e+000
 2.596500e-001,-2.989794e+003, 8.023909e+001, 2.886266e+003,-5.017202e+001,-3.154864e+001, 1.126898e+002, 0.000000e+000, 0.000000e+000, 0.000000e+000, 0.000000e+000
 2.597000e-001,-2.958930e+003, 1.616908e+001, 2.919576e+003,-4.967889e+001,-2.985689e+001, 1.135897e+002, 0.000000e+000, 0.000000e+000, 0.000000e+000, 0.000000e+000
 2.597500e-001,-2.926923e+003,-4.790208e+001, 2.951832e+003,-4.917172e+001,-2.816046e+001, 1.144469e+002, 0.000000e+000, 0.000000e+000, 0.000000e+000, 0.000000e+000
 2.598000e-001,-2.893962e+003,-1.119543e+002, 2.983055e+003,-4.865109e+001,-2.646038e+001, 1.152610e+002, 0.000000e+000, 0.000000e+000, 0.000000e+000, 0.000000e+000
 2.598500e-001,-2.859877e+003,-1.759606e+002, 3.013215e+003,-4.811779e+001,-2.475778e+001, 1.160310e+002, 0.000000e+000, 0.000000e+000, 0.000000e+000, 0.000000e+000
 2.599000e-001,-2.824866e+003,-2.399045e+002, 3.042307e+003,-4.757239e+001,-2.305366e+001, 1.167566e+002, 0.000000e+000, 0.000000e+000, 0.000000e+000, 0.000000e+000
 2.599500e-001,-2.788753e+003,-3.037561e+002, 3.070326e+003,-4.701564e+001,-2.134910e+001, 1.174368e+002, 0.000000e+000, 0.000000e+000, 0.000000e+000, 0.000000e+000
 2.600000e-001,-2.751741e+003,-3.675015e+002, 3.097246e+003,-4.644813e+001,-1.964505e+001, 1.180714e+002, 0.000000e+000, 0.000000e+000, 0.000000e+000, 0.000000e+000
 2.600500e-001,-2.713653e+003,-4.311084e+002, 3.123085e+003,-4.587056e+001,-1.794251e+001, 1.186594e+002, 0.000000e+000, 0.000000e+000, 0.000000e+000, 0.000000e+000
 2.601000e-001,-2.674693e+003,-4.945655e+002, 3.147794e+003,-4.528350e+001,-1.624238e+001, 1.192007e+002, 0.000000e+000, 0.000000e+000, 0.000000e+000, 0.000000e+000
 2.601500e-001,-2.634684e+003,-5.578384e+002, 3.171415e+003,-4.468759e+001,-1.454562e+001, 1.196945e+002, 0.000000e+000, 0.000000e+000, 0.000000e+000, 0.000000e+000
 2.602000e-001,-2.593833e+003,-6.209179e+002, 3.193878e+003,-4.408341e+001,-1.285304e+001, 1.201405e+002, 0.000000e+000, 0.000000e+000, 0.000000e+000, 0.000000e+000
 2.602500e-001,-2.551960e+003,-6.837679e+002, 3.215248e+003,-4.347153e+001,-1.116552e+001, 1.205380e+002, 0.000000e+000, 0.000000e+000, 0.000000e+000, 0.000000e+000
 2.603000e-001,-2.509275e+003,-7.463810e+002, 3.235433e+003,-4.285249e+001,-9.483838e+000, 1.208869e+002, 0.000000e+000, 0.000000e+000, 0.000000e+000, 0.000000e+000
 2.603500e-001,-2.465600e+003,-8.087198e+002, 3.254519e+003,-4.222682e+001,-7.808780e+000, 1.211865e+002, 0.000000e+000, 0.000000e+000, 0.000000e+000, 0.000000e+000
 2.604000e-001,-2.421143e+003,-8.707786e+002, 3.272398e+003,-4.159502e+001,-6.141049e+000, 1.214368e+002, 0.000000e+000, 0.000000e+000, 0.000000e+000, 0.000000e+000
 2.604500e-001,-2.375728e+003,-9.325186e+002, 3.289172e+003,-4.095755e+001,-4.481366e+000, 1.216372e+002, 0.000000e+000, 0.000000e+000, 0.000000e+000, 0.000000e+000
 2.605000e-001,-2.329563e+003,-9.939360e+002, 3.304719e+003,-4.031487e+001,-2.830353e+000, 1.217876e+002, 0.000000e+000, 0.000000e+000, 0.000000e+000, 0.000000e+000
 2.605500e-001,-2.282474e+003,-1.054990e+003, 3.319157e+003,-3.966736e+001,-1.188661e+000, 1.218877e+002, 0.000000e+000, 0.000000e+000, 0.000000e+000, 0.000000e+000
 2.606000e-001,-2.234667e+003,-1.115680e+003, 3.332350e+003,-3.901546e+001, 4.431687e-001, 1.219373e+002, 0.000000e+000, 0.000000e+000, 0.000000e+000, 0.000000e+000
 2.606500e-001,-2.185971e+003,-1.175963e+003, 3.344429e+003,-3.835946e+001, 2.064553e+000, 1.219362e+002, 0.000000e+000, 0.000000e+000, 0.000000e+000, 0.000000e+000
 2.607000e-001,-2.136593e+003,-1.235840e+003, 3.355250e+003,-3.769975e+001, 3.675036e+000, 1.218844e+002, 0.000000e+000, 0.000000e+000, 0.000000e+000, 0.000000e+000
 2.607500e-001,-2.086360e+003,-1.295267e+003, 3.364952e+003,-3.703656e+001, 5.274099e+000, 1.217817e+002, 0.000000e+000, 0.000000e+000, 0.000000e+000, 0.000000e+000
 2.608000e-001,-2.035479e+003,-1.354248e+003, 3.373385e+003,-3.637020e+001, 6.861370e+000, 1.216282e+002, 0.000000e+000, 0.000000e+000, 0.000000e+000, 0.000000e+000
 2.608500e-001,-1.983784e+003,-1.412734e+003, 3.380696e+003,-3.570085e+001, 8.436390e+000, 1.214237e+002, 0.000000e+000, 0.000000e+000, 0.000000e+000, 0.000000e+000
 2.609000e-001,-1.931474e+003,-1.470736e+003, 3.386728e+003,-3.502876e+001, 9.998877e+000, 1.211684e+002, 0.000000e+000, 0.000000e+000, 0.000000e+000, 0.000000e+000
 2.609500e-001,-1.878390e+003,-1.528200e+003, 3.391636e+003,-3.435401e+001, 1.154842e+001, 1.208623e+002, 0.000000e+000, 0.000000e+000, 0.000000e+000, 0.000000e+000
 2.610000e-001,-1.824727e+003,-1.585141e+003, 3.395259e+003,-3.367682e+001, 1.308483e+001, 1.205055e+002, 0.000000e+000, 0.000000e+000, 0.000000e+000, 0.000000e+000
 2.610500e-001,-1.770330e+003,-1.641501e+003, 3.397756e+003,-3.299719e+001, 1.460774e+001, 1.200983e+002, 0.000000e+000, 0.000000e+000, 0.000000e+000, 0.000000e+000
 2.611000e-001,-1.715391e+003,-1.697302e+003, 3.398964e+003,-3.231528e+001, 1.611704e+001, 1.196408e+002, 0.000000e+000, 0.000000e+000, 0.000000e+000, 0.000000e+000
 2.611500e-001,-1.659760e+003,-1.752479e+003, 3.399045e+003,-3.163100e+001, 1.761241e+001, 1.191332e+002, 0.000000e+000, 0.000000e+000, 0.000000e+000, 0.000000e+000
 2.612000e-001,-1.603623e+003,-1.807062e+003, 3.397837e+003,-3.094449e+001, 1.909382e+001, 1.185758e+002, 0.000000e+000, 0.000000e+000, 0.000000e+000, 0.000000e+000
 2.612500e-001,-1.546839e+003,-1.860978e+003, 3.395501e+003,-3.025557e+001, 2.056100e+001, 1.179690e+002, 0.000000e+000, 0.000000e+000, 0.000000e+000, 0.000000e+000
 2.613000e-001,-1.489585e+003,-1.914265e+003, 3.391878e+003,-2.956432e+001, 2.201397e+001, 1.173131e+002, 0.000000e+000, 0.000000e+000, 0.000000e+000, 0.000000e+000
 2.613500e-001,-1.431730e+003,-1.966844e+003, 3.387127e+003,-2.887051e+001, 2.345250e+001, 1.166086e+002, 0.000000e+000, 0.000000e+000, 0.000000e+000, 0.000000e+000
 2.614000e-001,-1.373440e+003,-2.018762e+003, 3.381094e+003,-2.817417e+001, 2.487670e+001, 1.158558e+002, 0.000000e+000, 0.000000e+000, 0.000000e+000, 0.000000e+000
 2.614500e-001,-1.314596e+003,-2.069928e+003, 3.373934e+003,-2.747498e+001, 2.628634e+001, 1.150553e+002, 0.000000e+000, 0.000000e+000, 0.000000e+000, 0.000000e+000
 2.615000e-001,-1.255355e+003,-2.120403e+003, 3.365499e+003,-2.677297e+001, 2.768160e+001, 1.142075e+002, 0.000000e+000, 0.000000e+000, 0.000000e+000, 0.000000e+000
 2.615500e-001,-1.195608e+003,-2.170085e+003, 3.355939e+003,-2.606774e+001, 2.906227e+001, 1.133130e+002, 0.000000e+000, 0.000000e+000, 0.000000e+000, 0.000000e+000
 2.616000e-001,-1.135499e+003,-2.219047e+003, 3.345113e+003,-2.535929e+001, 3.042859e+001, 1.123725e+002, 0.000000e+000, 0.000000e+000, 0.000000e+000, 0.000000e+000
 2.616500e-001,-1.074934e+003,-2.267173e+003, 3.333167e+003,-2.464716e+001, 3.178036e+001, 1.113865e+002, 0.000000e+000, 0.000000e+000, 0.000000e+000, 0.000000e+000
 2.617000e-001,-1.014044e+003,-2.314552e+003, 3.319966e+003,-2.393133e+001, 3.311788e+001, 1.103557e+002, 0.000000e+000, 0.000000e+000, 0.000000e+000, 0.000000e+000
 2.617500e-001,-9.527481e+002,-2.361054e+003, 3.305650e+003,-2.321129e+001, 3.444094e+001, 1.092808e+002, 0.000000e+000, 0.000000e+000, 0.000000e+000, 0.000000e+000
 2.618000e-001,-8.911631e+002,-2.406785e+003, 3.290090e+003,-2.248702e+001, 3.574989e+001, 1.081625e+002, 0.000000e+000, 0.000000e+000, 0.000000e+000, 0.000000e+000
 2.618500e-001,-8.292244e+002,-2.451596e+003, 3.273424e+003,-2.175794e+001, 3.704452e+001, 1.070016e+002, 0.000000e+000, 0.000000e+000, 0.000000e+000, 0.000000e+000
 2.619000e-001,-7.670322e+002,-2.495613e+003, 3.255529e+003,-2.102405e+001, 3.832521e+001, 1.057989e+002, 0.000000e+000, 0.000000e+000, 0.000000e+000, 0.000000e+000
 2.619500e-001,-7.045393e+002,-2.538671e+003, 3.236536e+003,-2.028472e+001, 3.959177e+001, 1.045551e+002, 0.000000e+000, 0.000000e+000, 0.000000e+000, 0.000000e+000
 2.620000e-001,-6.418282e+002,-2.580912e+003, 3.216329e+003,-1.953995e+001, 4.084458e+001, 1.032712e+002, 0.000000e+000, 0.000000e+000, 0.000000e+000, 0.000000e+000
 2.620500e-001,-5.788703e+002,-2.622154e+003, 3.195037e+003,-1.878909e+001, 4.208345e+001, 1.019480e+002, 0.000000e+000, 0.000000e+000, 0.000000e+000, 0.000000e+000
 2.621000e-001,-5.157295e+002,-2.662559e+003, 3.172547e+003,-1.803216e+001, 4.330878e+001, 1.005864e+002, 0.000000e+000, 0.000000e+000, 0.000000e+000, 0.000000e+000
 2.621500e-001,-4.523963e+002,-2.701927e+003, 3.148984e+003,-1.726850e+001, 4.452036e+001, 9.918723e+001, 0.000000e+000, 0.000000e+000, 0.000000e+000, 0.000000e+000
 2.622000e-001,-3.889153e+002,-2.740438e+003, 3.124243e+003,-1.649813e+001, 4.571862e+001, 9.775152e+001, 0.000000e+000, 0.000000e+000, 0.000000e+000, 0.000000e+000
 2.622500e-001,-3.252970e+002,-2.777876e+003, 3.098445e+003,-1.572039e+001, 4.690332e+001, 9.628021e+001, 0.000000e+000, 0.000000e+000, 0.000000e+000, 0.000000e+000
 2.623000e-001,-2.615659e+002,-2.814439e+003, 3.071486e+003,-1.493532e+001, 4.807487e+001, 9.477423e+001, 0.000000e+000, 0.000000e+000, 0.000000e+000, 0.000000e+000
 2.623500e-001,-1.977527e+002,-2.849893e+003, 3.043488e+003,-1.414229e+001, 4.923305e+001, 9.323461e+001, 0.000000e+000, 0.000000e+000, 0.000000e+000, 0.000000e+000
 2.624000e-001,-1.338618e+002,-2.884455e+003, 3.014351e+003,-1.334135e+001, 5.037824e+001, 9.166230e+001, 0.000000e+000, 0.000000e+000, 0.000000e+000, 0.000000e+000
 2.624500e-001,-6.994392e+001,-2.917875e+003, 2.984194e+003,-1.253191e+001, 5.151021e+001, 9.005836e+001, 0.000000e+000, 0.000000e+000, 0.000000e+000, 0.000000e+000
 2.625000e-001,-5.983840e+000,-2.950386e+003, 2.952919e+003,-1.171403e+001, 5.262931e+001, 8.842375e+001, 0.000000e+000, 0.000000e+000, 0.000000e+000, 0.000000e+000
 2.625500e-001, 5.794836e+001,-2.981723e+003, 2.920645e+003,-1.088717e+001, 5.373530e+001, 8.675954e+001, 0.000000e+000, 0.000000e+000, 0.000000e+000, 0.000000e+000
 2.626000e-001, 1.218870e+002,-3.012138e+003, 2.887278e+003,-1.005142e+001, 5.482850e+001, 8.506675e+001, 0.000000e+000, 0.000000e+000, 0.000000e+000, 0.000000e+000
 2.626500e-001, 1.857435e+002,-3.041347e+003, 2.852933e+003,-9.206301e+000, 5.590865e+001, 8.334641e+001, 0.000000e+000, 0.000000e+000, 0.000000e+000, 0.000000e+000
 2.627000e-001, 2.495701e+002,-3.069621e+003, 2.817521e+003,-8.351927e+000, 5.697602e+001, 8.159956e+001, 0.000000e+000, 0.000000e+000, 0.000000e+000, 0.000000e+000
 2.627500e-001, 3.132611e+002,-3.096662e+003, 2.781155e+003,-7.487885e+000, 5.803037e+001, 7.982724e+001, 0.000000e+000, 0.000000e+000, 0.000000e+000, 0.000000e+000
 2.628000e-001, 3.768853e+002,-3.122752e+003, 2.743747e+003,-6.614322e+000, 5.907188e+001, 7.803047e+001, 0.000000e+000, 0.000000e+000, 0.000000e+000, 0.000000e+000
 2.628500e-001, 4.403215e+002,-3.147586e+003, 2.705412e+003,-5.730912e+000, 6.010031e+001, 7.621031e+001, 0.000000e+000, 0.000000e+000, 0.000000e+000, 0.000000e+000
 2.629000e-001, 5.036530e+002,-3.171456e+003, 2.666063e+003,-4.837824e+000, 6.111578e+001, 7.436775e+001, 0.000000e+000, 0.000000e+000, 0.000000e+000, 0.000000e+000
 2.629500e-001, 5.667455e+002,-3.194046e+003, 2.625813e+003,-3.934833e+000, 6.211805e+001, 7.250386e+001, 0.000000e+000, 0.000000e+000, 0.000000e+000, 0.000000e+000
 2.630000e-001, 6.296946e+002,-3.215661e+003, 2.584580e+003,-3.022128e+000, 6.310716e+001, 7.061959e+001, 0.000000e+000, 0.000000e+000, 0.000000e+000, 0.000000e+000
 2.630500e-001, 6.923554e+002,-3.235976e+003, 2.542472e+003,-2.099595e+000, 6.408287e+001, 6.871600e+001, 0.000000e+000, 0.000000e+000, 0.000000e+000, 0.000000e+000
 2.631000e-001, 7.548328e+002,-3.255303e+003, 2.499414e+003,-1.167443e+000, 6.504514e+001, 6.679401e+001, 0.000000e+000, 0.000000e+000, 0.000000e+000, 0.000000e+000
 2.631500e-001, 8.169744e+002,-3.273313e+003, 2.455510e+003,-2.256767e-001, 6.599372e+001, 6.485467e+001, 0.000000e+000, 0.000000e+000, 0.000000e+000, 0.000000e+000
 2.632000e-001, 8.788915e+002,-3.290324e+003, 2.410688e+003, 7.254781e-001, 6.692849e+001, 6.289886e+001, 0.000000e+000, 0.000000e+000, 0.000000e+000, 0.000000e+000
 2.632500e-001, 9.404274e+002,-3.306004e+003, 2.365049e+003, 1.685891e+000, 6.784921e+001, 6.092762e+001, 0.000000e+000, 0.000000e+000, 0.000000e+000, 0.000000e+000
 2.633000e-001, 1.001696e+003,-3.320672e+003, 2.318528e+003, 2.655320e+000, 6.875564e+001, 5.894176e+001, 0.000000e+000, 0.000000e+000, 0.000000e+000, 0.000000e+000
 2.633500e-001, 1.062541e+003,-3.333999e+003, 2.271221e+003, 3.633508e+000, 6.964757e+001, 5.694230e+001, 0.000000e+000, 0.000000e+000, 0.000000e+000, 0.000000e+000
 2.634000e-001, 1.123075e+003,-3.346303e+003, 2.223069e+003, 4.620196e+000, 7.052466e+001, 5.493002e+001, 0.000000e+000, 0.000000e+000, 0.000000e+000, 0.000000e+000
 2.634500e-001, 1.183143e+003,-3.357259e+003, 2.174161e+003, 5.614998e+000, 7.138669e+001, 5.290590e+001, 0.000000e+000, 0.000000e+000, 0.000000e+000, 0.000000e+000
 2.635000e-001, 1.242856e+003,-3.367179e+003, 2.124446e+003, 6.617642e+000, 7.223324e+001, 5.087065e+001, 0.000000e+000, 0.000000e+000, 0.000000e+000, 0.000000e+000
 2.635500e-001, 1.302065e+003,-3.375747e+003, 2.074007e+003, 7.627614e+000, 7.306408e+001, 4.882523e+001, 0.000000e+000, 0.000000e+000, 0.000000e+000, 0.000000e+000
 2.636000e-001, 1.360873e+003,-3.383269e+003, 2.022801e+003, 8.644628e+000, 7.387870e+001, 4.677030e+001, 0.000000e+000, 0.000000e+000, 0.000000e+000, 0.000000e+000
 2.636500e-001, 1.419139e+003,-3.389436e+003, 1.970903e+003, 9.668047e+000, 7.467688e+001, 4.470678e+001, 0.000000e+000, 0.000000e+000, 0.000000e+000, 0.000000e+000
 2.637000e-001, 1.476958e+003,-3.394547e+003, 1.918281e+003, 1.069757e+001, 7.545800e+001, 4.263525e+001, 0.000000e+000, 0.000000e+000, 0.000000e+000, 0.000000e+000
 2.637500e-001, 1.534200e+003,-3.398305e+003, 1.864999e+003, 1.173244e+001, 7.622185e+001, 4.055662e+001, 0.000000e+000, 0.000000e+000, 0.000000e+000, 0.000000e+000
 2.638000e-001, 1.590948e+003,-3.400996e+003, 1.811035e+003, 1.277235e+001, 7.696772e+001, 3.847139e+001, 0.000000e+000, 0.000000e+000, 0.000000e+000, 0.000000e+000
 2.638500e-001, 1.647088e+003,-3.402340e+003, 1.756445e+003, 1.381644e+001, 7.769540e+001, 3.638044e+001, 0.000000e+000, 0.000000e+000, 0.000000e+000, 0.000000e+000
 2.639000e-001, 1.702685e+003,-3.402605e+003, 1.701218e+003, 1.486436e+001, 7.840410e+001, 3.428420e+001, 0.000000e+000, 0.000000e+000, 0.000000e+000, 0.000000e+000
 2.639500e-001, 1.757643e+003,-3.401533e+003, 1.645398e+003, 1.591518e+001, 7.909361e+001, 3.218352e+001, 0.000000e+000, 0.000000e+000, 0.000000e+000, 0.000000e+000
 2.640000e-001, 1.812010e+003,-3.399371e+003, 1.588988e+003, 1.696853e+001, 7.976305e+001, 3.007876e+001, 0.000000e+000, 0.000000e+000, 0.000000e+000, 0.000000e+000
 2.640500e-001, 1.865709e+003,-3.395883e+003, 1.532017e+003, 1.802337e+001, 8.041222e+001, 2.797074e+001, 0.000000e+000, 0.000000e+000, 0.000000e+000, 0.000000e+000
 2.641000e-001, 1.918769e+003,-3.391297e+003, 1.474505e+003, 1.907934e+001, 8.104016e+001, 2.585975e+001, 0.000000e+000, 0.000000e+000, 0.000000e+000, 0.000000e+000
 2.641500e-001, 1.971134e+003,-3.385397e+003, 1.416465e+003, 2.013533e+001, 8.164668e+001, 2.374657e+001, 0.000000e+000, 0.000000e+000, 0.000000e+000, 0.000000e+000
 2.642000e-001, 2.022813e+003,-3.378391e+003, 1.357933e+003, 2.119094e+001, 8.223076e+001, 2.163144e+001, 0.000000e+000, 0.000000e+000, 0.000000e+000, 0.000000e+000
 2.642500e-001, 2.073771e+003,-3.370089e+003, 1.298908e+003, 2.224502e+001, 8.279219e+001, 1.951511e+001, 0.000000e+000, 0.000000e+000, 0.000000e+000, 0.000000e+000
 2.643000e-001, 2.123994e+003,-3.360673e+003, 1.239440e+003, 2.329713e+001, 8.332990e+001, 1.739776e+001, 0.000000e+000, 0.000000e+000, 0.000000e+000, 0.000000e+000
 2.643500e-001, 2.173472e+003,-3.349979e+003, 1.179513e+003, 2.434609e+001, 8.384370e+001, 1.528010e+001, 0.000000e+000, 0.000000e+000, 0.000000e+000, 0.000000e+000
 2.644000e-001, 2.222170e+003,-3.338165e+003, 1.119195e+003, 2.539145e+001, 8.433247e+001, 1.316227e+001, 0.000000e+000, 0.000000e+000, 0.000000e+000, 0.000000e+000
 2.644500e-001, 2.270099e+003,-3.325094e+003, 1.058453e+003, 2.643199e+001, 8.479601e+001, 1.104494e+001, 0.000000e+000, 0.000000e+000, 0.000000e+000, 0.000000e+000
 2.645000e-001, 2.317203e+003,-3.310898e+003, 9.973702e+002, 2.746723e+001, 8.523315e+001, 8.928212e+000, 0.000000e+000, 0.000000e+000, 0.000000e+000, 0.000000e+000
 2.645500e-001, 2.363514e+003,-3.295470e+003, 9.358997e+002, 2.849596e+001, 8.564373e+001, 6.812719e+000, 0.000000e+000, 0.000000e+000, 0.000000e+000, 0.000000e+000
 2.646000e-001, 2.408957e+003,-3.278911e+003, 8.741398e+002, 2.951766e+001, 8.602656e+001, 4.698550e+000, 0.000000e+000, 0.000000e+000, 0.000000e+000, 0.000000e+000
 2.646500e-001, 2.453585e+003,-3.261146e+003, 8.120286e+002, 3.053112e+001, 8.638145e+001, 2.586284e+000, 0.000000e+000, 0.000000e+000, 0.000000e+000, 0.000000e+000
 2.647000e-001, 2.497302e+003,-3.242248e+003, 7.496795e+002, 3.153581e+001, 8.670721e+001, 4.760018e-001, 0.000000e+000, 0.000000e+000, 0.000000e+000, 0.000000e+000
 2.647500e-001, 2.540184e+003,-3.222171e+003, 6.870165e+002, 3.253055e+001, 8.700368e+001,-1.631757e+000, 0.000000e+000, 0.000000e+000, 0.000000e+000, 0.000000e+000
 2.648000e-001, 2.582115e+003,-3.200960e+003, 6.241669e+002, 3.351476e+001, 8.726967e+001,-3.736912e+000, 0.000000e+000, 0.000000e+000, 0.000000e+000, 0.000000e+000
 2.648500e-001, 2.623188e+003,-3.178600e+003, 5.610417e+002, 3.448731e+001, 8.750500e+001,-5.838965e+000, 0.000000e+000, 0.000000e+000, 0.000000e+000, 0.000000e+000
 2.649000e-001, 2.663273e+003,-3.155107e+003, 4.977808e+002, 3.544759e+001, 8.770852e+001,-7.937828e+000, 0.000000e+000, 0.000000e+000, 0.000000e+000, 0.000000e+000
 2.649500e-001, 2.702479e+003,-3.130495e+003, 4.342835e+002, 3.639451e+001, 8.788007e+001,-1.003304e+001, 0.000000e+000, 0.000000e+000, 0.000000e+000, 0.000000e+000
 2.650000e-001, 2.740663e+003,-3.104753e+003, 3.707009e+002, 3.732746e+001, 8.801852e+001,-1.212448e+001, 0.000000e+000, 0.000000e+000, 0.000000e+000, 0.000000e+000
 2.650500e-001, 2.777945e+003,-3.077924e+003, 3.069223e+002, 3.824540e+001, 8.812371e+001,-1.421174e+001, 0.000000e+000, 0.000000e+000, 0.000000e+000, 0.000000e+000
 2.651000e-001, 2.814173e+003,-3.049970e+003, 2.431079e+002, 3.914769e+001, 8.819458e+001,-1.629467e+001, 0.000000e+000, 0.000000e+000, 0.000000e+000, 0.000000e+000
 2.651500e-001, 2.849477e+003,-3.020962e+003, 1.791390e+002, 4.003338e+001, 8.823099e+001,-1.837288e+001, 0.000000e+000, 0.000000e+000, 0.000000e+000, 0.000000e+000
 2.652000e-001, 2.883698e+003,-2.990837e+003, 1.151831e+002, 4.090179e+001, 8.823193e+001,-2.044620e+001, 0.000000e+000, 0.000000e+000, 0.000000e+000, 0.000000e+000
 2.652500e-001, 2.916974e+003,-2.959690e+003, 5.111498e+001, 4.175206e+001, 8.819727e+001,-2.251424e+001, 0.000000e+000, 0.000000e+000, 0.000000e+000, 0.000000e+000
 2.653000e-001, 2.949140e+003,-2.927437e+003,-1.289219e+001, 4.258351e+001, 8.812608e+001,-2.457681e+001, 0.000000e+000, 0.000000e+000, 0.000000e+000, 0.000000e+000
 2.653500e-001, 2.980338e+003,-2.894197e+003,-7.696821e+001, 4.339536e+001, 8.801827e+001,-2.663354e+001, 0.000000e+000, 0.000000e+000, 0.000000e+000, 0.000000e+000
 2.654000e-001, 3.010404e+003,-2.859862e+003,-1.409364e+002, 4.418690e+001, 8.787299e+001,-2.868418e+001, 0.000000e+000, 0.000000e+000, 0.000000e+000, 0.000000e+000
 2.654500e-001, 3.039480e+003,-2.824575e+003,-2.049292e+002, 4.495747e+001, 8.769017e+001,-3.072838e+001, 0.000000e+000, 0.000000e+000, 0.000000e+000, 0.000000e+000
 2.655000e-001, 3.067402e+003,-2.788208e+003,-2.687682e+002, 4.570635e+001, 8.746906e+001,-3.276583e+001, 0.000000e+000, 0.000000e+000, 0.000000e+000, 0.000000e+000
 2.655500e-001, 3.094314e+003,-2.750925e+003,-3.325868e+002, 4.643297e+001, 8.720963e+001,-3.479621e+001, 0.000000e+000, 0.000000e+000, 0.000000e+000, 0.000000e+000
 2.656000e-001, 3.120053e+003,-2.712580e+003,-3.962069e+002, 4.713662e+001, 8.691122e+001,-3.681913e+001, 0.000000e+000, 0.000000e+000, 0.000000e+000, 0.000000e+000
 2.656500e-001, 3.144761e+003,-2.673354e+003,-4.597607e+002, 4.781683e+001, 8.657386e+001,-3.883427e+001, 0.000000e+000, 0.000000e+000, 0.000000e+000, 0.000000e+000
 2.657000e-001, 3.168281e+003,-2.633085e+003,-5.230722e+002, 4.847290e+001, 8.619701e+001,-4.084121e+001, 0.000000e+000, 0.000000e+000, 0.000000e+000, 0.000000e+000
 2.657500e-001, 3.190748e+003,-2.591972e+003,-5.862711e+002, 4.910446e+001, 8.578072e+001,-4.283959e+001, 0.000000e+000, 0.000000e+000, 0.000000e+000, 0.000000e+000
 2.658000e-001, 3.212015e+003,-2.549838e+003,-6.491851e+002, 4.971084e+001, 8.532460e+001,-4.482895e+001, 0.000000e+000, 0.000000e+000, 0.000000e+000, 0.000000e+000
 2.658500e-001, 3.232209e+003,-2.506898e+003,-7.119396e+002, 5.029174e+001, 8.482873e+001,-4.680892e+001, 0.000000e+000, 0.000000e+000, 0.000000e+000, 0.000000e+000
 2.659000e-001, 3.251193e+003,-2.462960e+003,-7.743674e+002, 5.084655e+001, 8.429284e+001,-4.877898e+001, 0.000000e+000, 0.000000e+000, 0.000000e+000, 0.000000e+000
 2.659500e-001, 3.269083e+003,-2.418253e+003,-8.365888e+002, 5.137505e+001, 8.371709e+001,-5.073874e+001, 0.000000e+000, 0.000000e+000, 0.000000e+000, 0.000000e+000
 2.660000e-001, 3.285757e+003,-2.372577e+003,-8.984426e+002, 5.187667e+001, 8.310133e+001,-5.268761e+001, 0.000000e+000, 0.000000e+000, 0.000000e+000, 0.000000e+000
 2.660500e-001, 3.301317e+003,-2.326167e+003,-9.600430e+002, 5.235128e+001, 8.244578e+001,-5.462519e+001, 0.000000e+000, 0.000000e+000, 0.000000e+000, 0.000000e+000
 2.661000e-001, 3.315656e+003,-2.278817e+003,-1.021236e+003, 5.279837e+001, 8.175043e+001,-5.655085e+001, 0.000000e+000, 0.000000e+000, 0.000000e+000, 0.000000e+000
 2.661500e-001, 3.328864e+003,-2.230771e+003,-1.082128e+003, 5.321788e+001, 8.101554e+001,-5.846415e+001, 0.000000e+000, 0.000000e+000, 0.000000e+000, 0.000000e+000
 2.662000e-001, 3.340847e+003,-2.181817e+003,-1.142574e+003, 5.360937e+001, 8.024126e+001,-6.036438e+001, 0.000000e+000, 0.000000e+000, 0.000000e+000, 0.000000e+000
 2.662500e-001, 3.351683e+003,-2.132204e+003,-1.202673e+003, 5.397286e+001, 7.942793e+001,-6.225111e+001, 0.000000e+000, 0.000000e+000, 0.000000e+000, 0.000000e+000
 2.663000e-001, 3.361292e+003,-2.081717e+003,-1.262286e+003, 5.430795e+001, 7.857580e+001,-6.412357e+001, 0.000000e+000, 0.000000e+000, 0.000000e+000, 0.000000e+000
 2.663500e-001, 3.369739e+003,-2.030608e+003,-1.321506e+003, 5.461478e+001, 7.768528e+001,-6.598127e+001, 0.000000e+000, 0.000000e+000, 0.000000e+000, 0.000000e+000
 2.664000e-001, 3.376961e+003,-1.978660e+003,-1.380203e+003, 5.489299e+001, 7.675677e+001,-6.782343e+001, 0.000000e+000, 0.000000e+000, 0.000000e+000, 0.000000e+000
 2.664500e-001, 3.383006e+003,-1.926129e+003,-1.438462e+003, 5.514280e+001, 7.579076e+001,-6.964950e+001, 0.000000e+000, 0.000000e+000, 0.000000e+000, 0.000000e+000
 2.665000e-001, 3.387829e+003,-1.872797e+003,-1.496159e+003, 5.536392e+001, 7.478775e+001,-7.145868e+001, 0.000000e+000, 0.000000e+000, 0.000000e+000, 0.000000e+000
 2.665500e-001, 3.391464e+003,-1.818918e+003,-1.553374e+003, 5.555665e+001, 7.374829e+001,-7.325037e+001, 0.000000e+000, 0.000000e+000, 0.000000e+000, 0.000000e+000
 2.666000e-001, 3.393880e+003,-1.764278e+003,-1.609991e+003, 5.572078e+001, 7.267305e+001,-7.502373e+001, 0.000000e+000, 0.000000e+000, 0.000000e+000, 0.000000e+000
 2.666500e-001, 3.395098e+003,-1.709130e+003,-1.666082e+003, 5.585667e+001, 7.156262e+001,-7.677813e+001, 0.000000e+000, 0.000000e+000, 0.000000e+000, 0.000000e+000
 2.667000e-001, 3.395104e+003,-1.653261e+003,-1.721538e+003, 5.596417e+001, 7.041779e+001,-7.851270e+001, 0.000000e+000, 0.000000e+000, 0.000000e+000, 0.000000e+000
 2.667500e-001, 3.393902e+003,-1.596922e+003,-1.776427e+003, 5.604373e+001, 6.923922e+001,-8.022678e+001, 0.000000e+000, 0.000000e+000, 0.000000e+000, 0.000000e+000
 2.668000e-001, 3.391497e+003,-1.539905e+003,-1.830644e+003, 5.609527e+001, 6.802779e+001,-8.191948e+001, 0.000000e+000, 0.000000e+000, 0.000000e+000, 0.000000e+000
 2.668500e-001, 3.387877e+003,-1.482456e+003,-1.884253e+003, 5.611930e+001, 6.678424e+001,-8.359007e+001, 0.000000e+000, 0.000000e+000, 0.000000e+000, 0.000000e+000
 2.669000e-001, 3.383063e+003,-1.424373e+003,-1.937154e+003, 5.611582e+001, 6.550956e+001,-8.523768e+001, 0.000000e+000, 0.000000e+000, 0.000000e+000, 0.000000e+000
 2.669500e-001, 3.377029e+003,-1.365896e+003,-1.989408e+003, 5.608539e+001, 6.420454e+001,-8.686153e+001, 0.000000e+000, 0.000000e+000, 0.000000e+000, 0.000000e+000
 2.670000e-001, 3.369812e+003,-1.306831e+003,-2.040918e+003, 5.602808e+001, 6.287025e+001,-8.846075e+001, 0.000000e+000, 0.000000e+000, 0.000000e+000, 0.000000e+000
 2.670500e-001, 3.361372e+003,-1.247409e+003,-2.091743e+003, 5.594452e+001, 6.150754e+001,-9.003452e+001, 0.000000e+000, 0.000000e+000, 0.000000e+000, 0.000000e+000
 2.671000e-001, 3.351763e+003,-1.187447e+003,-2.141790e+003, 5.583484e+001, 6.011756e+001,-9.158196e+001, 0.000000e+000, 0.000000e+000, 0.000000e+000, 0.000000e+000
 2.671500e-001, 3.340928e+003,-1.127166e+003,-2.191115e+003, 5.569973e+001, 5.870121e+001,-9.310224e+001, 0.000000e+000, 0.000000e+000, 0.000000e+000, 0.000000e+000
 2.672000e-001, 3.328939e+003,-1.066391e+003,-2.239628e+003, 5.553936e+001, 5.725971e+001,-9.459448e+001, 0.000000e+000, 0.000000e+000, 0.000000e+000, 0.000000e+000
 2.672500e-001, 3.315724e+003,-1.005337e+003,-2.287383e+003, 5.535451e+001, 5.579399e+001,-9.605782e+001, 0.000000e+000, 0.000000e+000, 0.000000e+000, 0.000000e+000
 2.673000e-001, 3.301372e+003,-9.438380e+002,-2.334293e+003, 5.514538e+001, 5.430534e+001,-9.749138e+001, 0.000000e+000, 0.000000e+000, 0.000000e+000, 0.000000e+000
 2.673500e-001, 3.285795e+003,-8.820981e+002,-2.380411e+003, 5.491279e+001, 5.279472e+001,-9.889430e+001, 0.000000e+000, 0.000000e+000, 0.000000e+000, 0.000000e+000
 2.674000e-001, 3.269100e+003,-8.199613e+002,-2.425651e+003, 5.465701e+001, 5.126344e+001,-1.002657e+002, 0.000000e+000, 0.000000e+000, 0.000000e+000, 0.000000e+000
 2.674500e-001, 3.251183e+003,-7.576236e+002,-2.470068e+003, 5.437888e+001, 4.971252e+001,-1.016047e+002, 0.000000e+000, 0.000000e+000, 0.000000e+000, 0.000000e+000
 2.675000e-001, 3.232168e+003,-6.949379e+002,-2.513573e+003, 5.407874e+001, 4.814328e+001,-1.029105e+002, 0.000000e+000, 0.000000e+000, 0.000000e+000, 0.000000e+000
 2.675500e-001, 3.211936e+003,-6.320912e+002,-2.556226e+003, 5.375746e+001, 4.655675e+001,-1.041822e+002, 0.000000e+000, 0.000000e+000, 0.000000e+000, 0.000000e+000
 2.676000e-001, 3.190628e+003,-5.689454e+002,-2.597936e+003, 5.341539e+001, 4.495429e+001,-1.054189e+002, 0.000000e+000, 0.000000e+000, 0.000000e+000, 0.000000e+000
 2.676500e-001, 3.168109e+003,-5.056792e+002,-2.638763e+003, 5.305346e+001, 4.333693e+001,-1.066198e+002, 0.000000e+000, 0.000000e+000, 0.000000e+000, 0.000000e+000
 2.677000e-001, 3.144538e+003,-4.421630e+002,-2.678618e+003, 5.267203e+001, 4.170602e+001,-1.077841e+002, 0.000000e+000, 0.000000e+000, 0.000000e+000, 0.000000e+000
 2.677500e-001, 3.119764e+003,-3.785673e+002,-2.717562e+003, 5.227207e+001, 4.006261e+001,-1.089109e+002, 0.000000e+000, 0.000000e+000, 0.000000e+000, 0.000000e+000
 2.678000e-001, 3.093965e+003,-3.147703e+002,-2.755507e+003, 5.185395e+001, 3.840802e+001,-1.099995e+002, 0.000000e+000, 0.000000e+000, 0.000000e+000, 0.000000e+000
 2.678500e-001, 3.066970e+003,-2.509354e+002,-2.792512e+003, 5.141866e+001, 3.674332e+001,-1.110490e+002, 0.000000e+000, 0.000000e+000, 0.000000e+000, 0.000000e+000
 2.679000e-001, 3.038978e+003,-1.869478e+002,-2.828492e+003, 5.096658e+001, 3.506978e+001,-1.120586e+002, 0.000000e+000, 0.000000e+000, 0.000000e+000, 0.000000e+000
 2.679500e-001, 3.009802e+003,-1.229643e+002,-2.863506e+003, 5.049871e+001, 3.338847e+001,-1.130276e+002, 0.000000e+000, 0.000000e+000, 0.000000e+000, 0.000000e+000
 2.680000e-001, 2.979657e+003,-5.887614e+001,-2.897469e+003, 5.001544e+001, 3.170062e+001,-1.139552e+002, 0.000000e+000, 0.000000e+000, 0.000000e+000, 0.000000e+000
 2.680500e-001, 2.948341e+003, 5.165192e+000,-2.930442e+003, 4.951777e+001, 3.000729e+001,-1.148408e+002, 0.000000e+000, 0.000000e+000, 0.000000e+000, 0.000000e+000
 2.681000e-001, 2.916087e+003, 6.926363e+001,-2.962341e+003, 4.900608e+001, 2.830965e+001,-1.156835e+002, 0.000000e+000, 0.000000e+000, 0.000000e+000, 0.000000e+000
 2.681500e-001, 2.882675e+003, 1.332721e+002,-2.993226e+003, 4.848136e+001, 2.660873e+001,-1.164827e+002, 0.000000e+000, 0.000000e+000, 0.000000e+000, 0.000000e+000
 2.682000e-001, 2.848358e+003, 1.972908e+002,-3.023016e+003, 4.794400e+001, 2.490566e+001,-1.172378e+002, 0.000000e+000, 0.000000e+000, 0.000000e+000, 0.000000e+000
 2.682500e-001, 2.812897e+003, 2.611758e+002,-3.051767e+003, 4.739496e+001, 2.320143e+001,-1.179481e+002, 0.000000e+000, 0.000000e+000, 0.000000e+000, 0.000000e+000
 2.683000e-001, 2.776566e+003, 3.250249e+002,-3.079405e+003, 4.683461e+001, 2.149708e+001,-1.186129e+002, 0.000000e+000, 0.000000e+000, 0.000000e+000, 0.000000e+000
 2.683500e-001, 2.739109e+003, 3.886960e+002,-3.105981e+003, 4.626389e+001, 1.979359e+001,-1.192318e+002, 0.000000e+000, 0.000000e+000, 0.000000e+000, 0.000000e+000
 2.684000e-001, 2.700816e+003, 4.522861e+002,-3.131429e+003, 4.568316e+001, 1.809192e+001,-1.198041e+002, 0.000000e+000, 0.000000e+000, 0.000000e+000, 0.000000e+000
 2.684500e-001, 2.661416e+003, 5.156534e+002,-3.155792e+003, 4.509328e+001, 1.639299e+001,-1.203293e+002, 0.000000e+000, 0.000000e+000, 0.000000e+000, 0.000000e+000
 2.685000e-001, 2.621215e+003, 5.788953e+002,-3.179013e+003, 4.449463e+001, 1.469770e+001,-1.208070e+002, 0.000000e+000, 0.000000e+000, 0.000000e+000, 0.000000e+000
 2.685500e-001, 2.579929e+003, 6.418694e+002,-3.201128e+003, 4.388802e+001, 1.300691e+001,-1.212366e+002, 0.000000e+000, 0.000000e+000, 0.000000e+000, 0.000000e+000
 2.686000e-001, 2.537878e+003, 7.046744e+002,-3.222089e+003, 4.327378e+001, 1.132143e+001,-1.216176e+002, 0.000000e+000, 0.000000e+000, 0.000000e+000, 0.000000e+000
 2.686500e-001, 2.494766e+003, 7.671666e+002,-3.241922e+003, 4.265266e+001, 9.642083e+000,-1.219499e+002, 0.000000e+000, 0.000000e+000, 0.000000e+000, 0.000000e+000
 2.687000e-001, 2.450925e+003, 8.294468e+002,-3.260593e+003, 4.202500e+001, 7.969570e+000,-1.222328e+002, 0.000000e+000, 0.000000e+000, 0.000000e+000, 0.000000e+000
 2.687500e-001, 2.406050e+003, 8.913688e+002,-3.278117e+003, 4.139143e+001, 6.304667e+000,-1.224662e+002, 0.000000e+000, 0.000000e+000, 0.000000e+000, 0.000000e+000
 2.688000e-001, 2.360481e+003, 9.530372e+002,-3.294472e+003, 4.075229e+001, 4.647986e+000,-1.226497e+002, 0.000000e+000, 0.000000e+000, 0.000000e+000, 0.000000e+000
 2.688500e-001, 2.313907e+003, 1.014302e+003,-3.309660e+003, 4.010811e+001, 3.000242e+000,-1.227831e+002, 0.000000e+000, 0.000000e+000, 0.000000e+000, 0.000000e+000
 2.689000e-001, 2.266676e+003, 1.075272e+003,-3.323674e+003, 3.945922e+001, 1.361959e+000,-1.228660e+002, 0.000000e+000, 0.000000e+000, 0.000000e+000, 0.000000e+000
 2.689500e-001, 2.218472e+003, 1.135793e+003,-3.336504e+003, 3.880606e+001,-2.662137e-001,-1.228985e+002, 0.000000e+000, 0.000000e+000, 0.000000e+000, 0.000000e+000
 2.690000e-001, 2.169646e+003, 1.195979e+003,-3.348159e+003, 3.814893e+001,-1.883834e+000,-1.228801e+002, 0.000000e+000, 0.000000e+000, 0.000000e+000, 0.000000e+000
 2.690500e-001, 2.119881e+003, 1.255671e+003,-3.358611e+003, 3.748815e+001,-3.490324e+000,-1.228111e+002, 0.000000e+000, 0.000000e+000, 0.000000e+000, 0.000000e+000
 2.691000e-001, 2.069530e+003, 1.314990e+003,-3.367888e+003, 3.682403e+001,-5.085320e+000,-1.226910e+002, 0.000000e+000, 0.000000e+000, 0.000000e+000, 0.000000e+000
 2.691500e-001, 2.018277e+003, 1.373769e+003,-3.375948e+003, 3.615675e+001,-6.668313e+000,-1.225202e+002, 0.000000e+000, 0.000000e+000, 0.000000e+000, 0.000000e+000
 2.692000e-001, 1.966472e+003, 1.432136e+003,-3.382834e+003, 3.548663e+001,-8.239013e+000,-1.222984e+002, 0.000000e+000, 0.000000e+000, 0.000000e+000, 0.000000e+000
 2.692500e-001, 1.913807e+003, 1.489920e+003,-3.388489e+003, 3.481372e+001,-9.796985e+000,-1.220259e+002, 0.000000e+000, 0.000000e+000, 0.000000e+000, 0.000000e+000
 2.693000e-001, 1.860621e+003, 1.547253e+003,-3.392974e+003, 3.413832e+001,-1.134200e+001,-1.217025e+002, 0.000000e+000, 0.000000e+000, 0.000000e+000, 0.000000e+000
 2.693500e-001, 1.806619e+003, 1.603961e+003,-3.396214e+003, 3.346036e+001,-1.287371e+001,-1.213286e+002, 0.000000e+000, 0.000000e+000, 0.000000e+000, 0.000000e+000
 2.694000e-001, 1.752129e+003, 1.660180e+003,-3.398292e+003, 3.278016e+001,-1.439193e+001,-1.209041e+002, 0.000000e+000, 0.000000e+000, 0.000000e+000, 0.000000e+000
 2.694500e-001, 1.696870e+003, 1.715732e+003,-3.399112e+003, 3.209748e+001,-1.589638e+001,-1.204296e+002, 0.000000e+000, 0.000000e+000, 0.000000e+000, 0.000000e+000
 2.695000e-001, 1.641153e+003, 1.770757e+003,-3.398778e+003, 3.141267e+001,-1.738695e+001,-1.199049e+002, 0.000000e+000, 0.000000e+000, 0.000000e+000, 0.000000e+000
 2.695500e-001, 1.584717e+003, 1.825074e+003,-3.397177e+003, 3.072536e+001,-1.886342e+001,-1.193307e+002, 0.000000e+000, 0.000000e+000, 0.000000e+000, 0.000000e+000
 2.696000e-001, 1.527852e+003, 1.878829e+003,-3.394431e+003, 3.003588e+001,-2.032570e+001,-1.187071e+002, 0.000000e+000, 0.000000e+000, 0.000000e+000, 0.000000e+000
 2.696500e-001, 1.470320e+003, 1.931836e+003,-3.390410e+003, 2.934377e+001,-2.177367e+001,-1.180346e+002, 0.000000e+000, 0.000000e+000, 0.000000e+000, 0.000000e+000
 2.697000e-001, 1.412389e+003, 1.984243e+003,-3.385256e+003, 2.864934e+001,-2.320727e+001,-1.173135e+002, 0.000000e+000, 0.000000e+000, 0.000000e+000, 0.000000e+000
 2.697500e-001, 1.353845e+003, 2.035865e+003,-3.378820e+003, 2.795202e+001,-2.462643e+001,-1.165444e+002, 0.000000e+000, 0.000000e+000, 0.000000e+000, 0.000000e+000
 2.698000e-001, 1.294929e+003, 2.086851e+003,-3.371264e+003, 2.725214e+001,-2.603111e+001,-1.157276e+002, 0.000000e+000, 0.000000e+000, 0.000000e+000, 0.000000e+000
 2.698500e-001, 1.235459e+003, 2.137016e+003,-3.362423e+003, 2.654900e+001,-2.742134e+001,-1.148639e+002, 0.000000e+000, 0.000000e+000, 0.000000e+000, 0.000000e+000
 2.699000e-001, 1.175642e+003, 2.186507e+003,-3.352473e+003, 2.584295e+001,-2.879707e+001,-1.139536e+002, 0.000000e+000, 0.000000e+000, 0.000000e+000, 0.000000e+000
 2.699500e-001, 1.115330e+003, 2.235144e+003,-3.341239e+003, 2.513321e+001,-3.015838e+001,-1.129975e+002, 0.000000e+000, 0.000000e+000, 0.000000e+000, 0.000000e+000
 2.700000e-001, 1.054698e+003, 2.283072e+003,-3.328911e+003, 2.442010e+001,-3.150524e+001,-1.119960e+002, 0.000000e+000, 0.000000e+000, 0.000000e+000, 0.000000e+000
 2.700500e-001, 9.936319e+002, 2.330112e+003,-3.315299e+003, 2.370278e+001,-3.283779e+001,-1.109501e+002, 0.000000e+000, 0.000000e+000, 0.000000e+000, 0.000000e+000
 2.701000e-001, 9.322708e+002, 2.376407e+003,-3.300608e+003, 2.298159e+001,-3.415599e+001,-1.098602e+002, 0.000000e+000, 0.000000e+000, 0.000000e+000, 0.000000e+000
 2.701500e-001, 8.705374e+002, 2.421785e+003,-3.284637e+003, 2.225561e+001,-3.546003e+001,-1.087273e+002, 0.000000e+000, 0.000000e+000, 0.000000e+000, 0.000000e+000
 2.702000e-001, 8.085344e+002, 2.466381e+003,-3.267604e+003, 2.152518e+001,-3.674986e+001,-1.075519e+002, 0.000000e+000, 0.000000e+000, 0.000000e+000, 0.000000e+000
 2.702500e-001, 7.462224e+002, 2.510033e+003,-3.249297e+003, 2.078935e+001,-3.802573e+001,-1.063351e+002, 0.000000e+000, 0.000000e+000, 0.000000e+000, 0.000000e+000
 2.703000e-001, 6.836659e+002, 2.552866e+003,-3.229944e+003, 2.004846e+001,-3.928755e+001,-1.050775e+002, 0.000000e+000, 0.000000e+000, 0.000000e+000, 0.000000e+000
 2.703500e-001, 6.208642e+002, 2.594731e+003,-3.209329e+003, 1.930153e+001,-4.053562e+001,-1.037800e+002, 0.000000e+000, 0.000000e+000, 0.000000e+000, 0.000000e+000
 2.704000e-001, 5.578431e+002, 2.635740e+003,-3.187683e+003, 1.854889e+001,-4.176982e+001,-1.024435e+002, 0.000000e+000, 0.000000e+000, 0.000000e+000, 0.000000e+000
 2.704500e-001, 4.946411e+002, 2.675758e+003,-3.164787e+003, 1.778957e+001,-4.299050e+001,-1.010688e+002, 0.000000e+000, 0.000000e+000, 0.000000e+000, 0.000000e+000
 2.705000e-001, 4.312453e+002, 2.714884e+003,-3.140879e+003, 1.702390e+001,-4.419749e+001,-9.965703e+001, 0.000000e+000, 0.000000e+000, 0.000000e+000, 0.000000e+000
 2.705500e-001, 3.677325e+002, 2.752999e+003,-3.115736e+003, 1.625091e+001,-4.539117e+001,-9.820896e+001, 0.000000e+000, 0.000000e+000, 0.000000e+000, 0.000000e+000
 2.706000e-001, 3.040522e+002, 2.790185e+003,-3.089598e+003, 1.547093e+001,-4.657135e+001,-9.672562e+001, 0.000000e+000, 0.000000e+000, 0.000000e+000, 0.000000e+000
 2.706500e-001, 2.403186e+002, 2.826343e+003,-3.062244e+003, 1.468305e+001,-4.773841e+001,-9.520793e+001, 0.000000e+000, 0.000000e+000, 0.000000e+000, 0.000000e+000
 2.707000e-001, 1.764444e+002, 2.861536e+003,-3.033913e+003, 1.388757e+001,-4.889212e+001,-9.365695e+001, 0.000000e+000, 0.000000e+000, 0.000000e+000, 0.000000e+000
 2.707500e-001, 1.125797e+002, 2.895685e+003,-3.004388e+003, 1.308363e+001,-5.003289e+001,-9.207360e+001, 0.000000e+000, 0.000000e+000, 0.000000e+000, 0.000000e+000
 2.708000e-001, 4.860275e+001, 2.928835e+003,-2.973903e+003, 1.227153e+001,-5.116043e+001,-9.045898e+001, 0.000000e+000, 0.000000e+000, 0.000000e+000, 0.000000e+000
 2.708500e-001,-1.530319e+001, 2.960927e+003,-2.942249e+003, 1.145049e+001,-5.227517e+001,-8.881402e+001, 0.000000e+000, 0.000000e+000, 0.000000e+000, 0.000000e+000
 2.709000e-001,-7.929191e+001, 2.991985e+003,-2.909653e+003, 1.062079e+001,-5.337676e+001,-8.713985e+001, 0.000000e+000, 0.000000e+000, 0.000000e+000, 0.000000e+000
 2.709500e-001,-1.431494e+002, 3.021974e+003,-2.875915e+003, 9.781752e+000,-5.446563e+001,-8.543737e+001, 0.000000e+000, 0.000000e+000, 0.000000e+000, 0.000000e+000
 2.710000e-001,-2.070588e+002, 3.050895e+003,-2.841255e+003, 8.933646e+000,-5.554140e+001,-8.370778e+001, 0.000000e+000, 0.000000e+000, 0.000000e+000, 0.000000e+000
 2.710500e-001,-2.707784e+002, 3.078739e+003,-2.805483e+003, 8.075879e+000,-5.660447e+001,-8.195193e+001, 0.000000e+000, 0.000000e+000, 0.000000e+000, 0.000000e+000
 2.711000e-001,-3.345175e+002, 3.105481e+003,-2.768807e+003, 7.208732e+000,-5.765441e+001,-8.017107e+001, 0.000000e+000, 0.000000e+000, 0.000000e+000, 0.000000e+000
 2.711500e-001,-3.980101e+002, 3.131140e+003,-2.731052e+003, 6.331719e+000,-5.869162e+001,-7.836601e+001, 0.000000e+000, 0.000000e+000, 0.000000e+000, 0.000000e+000
 2.712000e-001,-4.614883e+002, 3.155665e+003,-2.692412e+003, 5.445120e+000,-5.971561e+001,-7.653802e+001, 0.000000e+000, 0.000000e+000, 0.000000e+000, 0.000000e+000
 2.712500e-001,-5.246652e+002, 3.179100e+003,-2.652728e+003, 4.548567e+000,-6.072676e+001,-7.468785e+001, 0.000000e+000, 0.000000e+000, 0.000000e+000, 0.000000e+000
 2.713000e-001,-5.877924e+002, 3.201373e+003,-2.612180e+003, 3.642342e+000,-6.172453e+001,-7.281682e+001, 0.000000e+000, 0.000000e+000, 0.000000e+000, 0.000000e+000
 2.713500e-001,-6.505656e+002, 3.222551e+003,-2.570624e+003, 2.726201e+000,-6.270927e+001,-7.092562e+001, 0.000000e+000, 0.000000e+000, 0.000000e+000, 0.000000e+000
 2.714000e-001,-7.132520e+002, 3.242538e+003,-2.528225e+003, 1.800433e+000,-6.368039e+001,-6.901557e+001, 0.000000e+000, 0.000000e+000, 0.000000e+000, 0.000000e+000
 2.714500e-001,-7.755338e+002, 3.261429e+003,-2.484858e+003, 8.649226e-001,-6.463820e+001,-6.708733e+001, 0.000000e+000, 0.000000e+000, 0.000000e+000, 0.000000e+000
 2.715000e-001,-8.376905e+002, 3.279102e+003,-2.440668e+003,-8.003424e-002,-6.558208e+001,-6.514219e+001, 0.000000e+000, 0.000000e+000, 0.000000e+000, 0.000000e+000
 2.715500e-001,-8.993942e+002, 3.295678e+003,-2.395553e+003,-1.034423e+000,-6.651227e+001,-6.318078e+001, 0.000000e+000, 0.000000e+000, 0.000000e+000, 0.000000e+000
 2.716000e-001,-9.609332e+002, 3.311010e+003,-2.349635e+003,-1.997933e+000,-6.742814e+001,-6.120438e+001, 0.000000e+000, 0.000000e+000, 0.000000e+000, 0.000000e+000
 2.716500e-001,-1.021973e+003, 3.325246e+003,-2.302836e+003,-2.970422e+000,-6.832986e+001,-5.921354e+001, 0.000000e+000, 0.000000e+000, 0.000000e+000, 0.000000e+000
 2.717000e-001,-1.082807e+003, 3.338216e+003,-2.255257e+003,-3.951564e+000,-6.921676e+001,-5.720955e+001, 0.000000e+000, 0.000000e+000, 0.000000e+000, 0.000000e+000
 2.717500e-001,-1.143097e+003, 3.350091e+003,-2.206841e+003,-4.941091e+000,-7.008895e+001,-5.519290e+001, 0.000000e+000, 0.000000e+000, 0.000000e+000, 0.000000e+000
 2.718000e-001,-1.203140e+003, 3.360679e+003,-2.157669e+003,-5.938654e+000,-7.094576e+001,-5.316483e+001, 0.000000e+000, 0.000000e+000, 0.000000e+000, 0.000000e+000
 2.718500e-001,-1.262597e+003, 3.370175e+003,-2.107707e+003,-6.943869e+000,-7.178719e+001,-5.112579e+001, 0.000000e+000, 0.000000e+000, 0.000000e+000, 0.000000e+000
 2.719000e-001,-1.321764e+003, 3.378366e+003,-2.057011e+003,-7.956359e+000,-7.261257e+001,-4.907698e+001, 0.000000e+000, 0.000000e+000, 0.000000e+000, 0.000000e+000
 2.719500e-001,-1.380304e+003, 3.385467e+003,-2.005574e+003,-8.975630e+000,-7.342183e+001,-4.701880e+001, 0.000000e+000, 0.000000e+000, 0.000000e+000, 0.000000e+000
 2.720000e-001,-1.438512e+003, 3.391249e+003,-1.953429e+003,-1.000128e+001,-7.421427e+001,-4.495242e+001, 0.000000e+000, 0.000000e+000, 0.000000e+000, 0.000000e+000
 2.720500e-001,-1.496054e+003, 3.395945e+003,-1.900591e+003,-1.103270e+001,-7.498975e+001,-4.287816e+001, 0.000000e+000, 0.000000e+000, 0.000000e+000, 0.000000e+000
 2.721000e-001,-1.553219e+003, 3.399310e+003,-1.847070e+003,-1.206946e+001,-7.574757e+001,-4.079715e+001, 0.000000e+000, 0.000000e+000, 0.000000e+000, 0.000000e+000
 2.721500e-001,-1.609683e+003, 3.401592e+003,-1.792907e+003,-1.311087e+001,-7.648750e+001,-3.870968e+001, 0.000000e+000, 0.000000e+000, 0.000000e+000, 0.000000e+000
 2.722000e-001,-1.665726e+003, 3.402534e+003,-1.738088e+003,-1.415646e+001,-7.720882e+001,-3.661681e+001, 0.000000e+000, 0.000000e+000, 0.000000e+000, 0.000000e+000
 2.722500e-001,-1.721032e+003, 3.402398e+003,-1.682678e+003,-1.520546e+001,-7.791123e+001,-3.451878e+001, 0.000000e+000, 0.000000e+000, 0.000000e+000, 0.000000e+000
 2.723000e-001,-1.775873e+003, 3.400916e+003,-1.626640e+003,-1.625735e+001,-7.859403e+001,-3.241660e+001, 0.000000e+000, 0.000000e+000, 0.000000e+000, 0.000000e+000
 2.723500e-001,-1.829943e+003, 3.398360e+003,-1.570062e+003,-1.731130e+001,-7.925681e+001,-3.031047e+001, 0.000000e+000, 0.000000e+000, 0.000000e+000, 0.000000e+000
 2.724000e-001,-1.883506e+003, 3.394456e+003,-1.512885e+003,-1.836677e+001,-7.989890e+001,-2.820133e+001, 0.000000e+000, 0.000000e+000, 0.000000e+000, 0.000000e+000
 2.724500e-001,-1.936265e+003, 3.389483e+003,-1.455220e+003,-1.942285e+001,-8.051979e+001,-2.608936e+001, 0.000000e+000, 0.000000e+000, 0.000000e+000, 0.000000e+000
 2.725000e-001,-1.988473e+003, 3.383162e+003,-1.396986e+003,-2.047896e+001,-8.111883e+001,-2.397542e+001, 0.000000e+000, 0.000000e+000, 0.000000e+000, 0.000000e+000
 2.725500e-001,-2.039845e+003, 3.375777e+003,-1.338317e+003,-2.153415e+001,-8.169543e+001,-2.185967e+001, 0.000000e+000, 0.000000e+000, 0.000000e+000, 0.000000e+000
 2.726000e-001,-2.090626e+003, 3.367049e+003,-1.279110e+003,-2.258783e+001,-8.224896e+001,-1.974290e+001, 0.000000e+000, 0.000000e+000, 0.000000e+000, 0.000000e+000
 2.726500e-001,-2.140540e+003, 3.357261e+003,-1.219521e+003,-2.363898e+001,-8.277876e+001,-1.762525e+001, 0.000000e+000, 0.000000e+000, 0.000000e+000, 0.000000e+000
 2.727000e-001,-2.189821e+003, 3.346138e+003,-1.159426e+003,-2.468700e+001,-8.328423e+001,-1.550745e+001, 0.000000e+000, 0.000000e+000, 0.000000e+000, 0.000000e+000
 2.727500e-001,-2.238206e+003, 3.333961e+003,-1.099000e+003,-2.573084e+001,-8.376463e+001,-1.338961e+001, 0.000000e+000, 0.000000e+000, 0.000000e+000, 0.000000e+000
 2.728000e-001,-2.285917e+003, 3.320458e+003,-1.038104e+003,-2.676987e+001,-8.421940e+001,-1.127241e+001, 0.000000e+000, 0.000000e+000, 0.000000e+000, 0.000000e+000
 2.728500e-001,-2.332705e+003, 3.305907e+003,-9.769293e+002,-2.780303e+001,-8.464772e+001,-9.155948e+000, 0.000000e+000, 0.000000e+000, 0.000000e+000, 0.000000e+000
 2.729000e-001,-2.378780e+003, 3.290044e+003,-9.153190e+002,-2.882966e+001,-8.504907e+001,-7.040835e+000, 0.000000e+000, 0.000000e+000, 0.000000e+000, 0.000000e+000
 2.729500e-001,-2.423904e+003, 3.273140e+003,-8.534813e+002,-2.984870e+001,-8.542260e+001,-4.927177e+000, 0.000000e+000, 0.000000e+000, 0.000000e+000, 0.000000e+000
 2.730000e-001,-2.468277e+003, 3.254939e+003,-7.912456e+002,-3.085948e+001,-8.576781e+001,-2.815519e+000, 0.000000e+000, 0.000000e+000, 0.000000e+000, 0.000000e+000
 2.730500e-001,-2.511673e+003, 3.235704e+003,-7.288329e+002,-3.186094e+001,-8.608380e+001,-7.059793e-001, 0.000000e+000, 0.000000e+000, 0.000000e+000, 0.000000e+000
 2.731000e-001,-2.554281e+003, 3.215193e+003,-6.660610e+002,-3.285240e+001,-8.637014e+001, 1.400960e+000, 0.000000e+000, 0.000000e+000, 0.000000e+000, 0.000000e+000
 2.731500e-001,-2.595889e+003, 3.193653e+003,-6.031616e+002,-3.383280e+001,-8.662589e+001, 3.505157e+000, 0.000000e+000, 0.000000e+000, 0.000000e+000, 0.000000e+000
 2.732000e-001,-2.636671e+003, 3.170860e+003,-5.399436e+002,-3.480149e+001,-8.685065e+001, 5.606192e+000, 0.000000e+000, 0.000000e+000, 0.000000e+000, 0.000000e+000
 2.732500e-001,-2.676430e+003, 3.147046e+003,-4.766466e+002,-3.575739e+001,-8.704346e+001, 7.703889e+000, 0.000000e+000, 0.000000e+000, 0.000000e+000, 0.000000e+000
 2.733000e-001,-2.715329e+003, 3.122005e+003,-4.130731e+002,-3.669987e+001,-8.720401e+001, 9.797887e+000, 0.000000e+000, 0.000000e+000, 0.000000e+000, 0.000000e+000
 2.733500e-001,-2.753184e+003, 3.095950e+003,-3.494677e+002,-3.762789e+001,-8.733131e+001, 1.188797e+001, 0.000000e+000, 0.000000e+000, 0.000000e+000, 0.000000e+000
 2.734000e-001,-2.790144e+003, 3.068696e+003,-2.856297e+002,-3.854083e+001,-8.742510e+001, 1.397383e+001, 0.000000e+000, 0.000000e+000, 0.000000e+000, 0.000000e+000
 2.734500e-001,-2.826040e+003, 3.040437e+003,-2.218059e+002,-3.943765e+001,-8.748441e+001, 1.605520e+001, 0.000000e+000, 0.000000e+000, 0.000000e+000, 0.000000e+000
 2.735000e-001,-2.861008e+003, 3.011009e+003,-1.577946e+002,-4.031778e+001,-8.750902e+001, 1.813183e+001, 0.000000e+000, 0.000000e+000, 0.000000e+000, 0.000000e+000
 2.735500e-001,-2.894894e+003, 2.980586e+003,-9.384224e+001,-4.118021e+001,-8.749799e+001, 2.020338e+001, 0.000000e+000, 0.000000e+000, 0.000000e+000, 0.000000e+000
 2.736000e-001,-2.927820e+003, 2.949027e+003,-2.974925e+001,-4.202440e+001,-8.745119e+001, 2.226965e+001, 0.000000e+000, 0.000000e+000, 0.000000e+000, 0.000000e+000
 2.736500e-001,-2.959647e+003, 2.916484e+003, 3.424170e+001,-4.284937e+001,-8.736768e+001, 2.433026e+001, 0.000000e+000, 0.000000e+000, 0.000000e+000, 0.000000e+000
 2.737000e-001,-2.990485e+003, 2.882839e+003, 9.832496e+001,-4.365463e+001,-8.724740e+001, 2.638501e+001, 0.000000e+000, 0.000000e+000, 0.000000e+000, 0.000000e+000
 2.737500e-001,-3.020209e+003, 2.848221e+003, 1.622644e+002,-4.443923e+001,-8.708947e+001, 2.843348e+001, 0.000000e+000, 0.000000e+000, 0.000000e+000, 0.000000e+000
 2.738000e-001,-3.048912e+003, 2.812540e+003, 2.262466e+002,-4.520274e+001,-8.689391e+001, 3.047549e+001, 0.000000e+000, 0.000000e+000, 0.000000e+000, 0.000000e+000
 2.738500e-001,-3.076490e+003, 2.775897e+003, 2.900447e+002,-4.594424e+001,-8.665987e+001, 3.251054e+001, 0.000000e+000, 0.000000e+000, 0.000000e+000, 0.000000e+000
 2.739000e-001,-3.103019e+003, 2.738230e+003, 3.538347e+002,-4.666338e+001,-8.638746e+001, 3.453850e+001, 0.000000e+000, 0.000000e+000, 0.000000e+000, 0.000000e+000
 2.739500e-001,-3.128411e+003, 2.699615e+003, 4.174018e+002,-4.735924e+001,-8.607590e+001, 3.655878e+001, 0.000000e+000, 0.000000e+000, 0.000000e+000, 0.000000e+000
 2.740000e-001,-3.152726e+003, 2.660017e+003, 4.809089e+002,-4.803157e+001,-8.572539e+001, 3.857126e+001, 0.000000e+000, 0.000000e+000, 0.000000e+000, 0.000000e+000
 2.740500e-001,-3.175896e+003, 2.619486e+003, 5.441558e+002,-4.867949e+001,-8.533521e+001, 4.057529e+001, 0.000000e+000, 0.000000e+000, 0.000000e+000, 0.000000e+000
 2.741000e-001,-3.197961e+003, 2.578013e+003, 6.072898e+002,-4.930281e+001,-8.490564e+001, 4.257076e+001, 0.000000e+000, 0.000000e+000, 0.000000e+000, 0.000000e+000
 2.741500e-001,-3.218876e+003, 2.535624e+003, 6.701276e+002,-4.990070e+001,-8.443607e+001, 4.455693e+001, 0.000000e+000, 0.000000e+000, 0.000000e+000, 0.000000e+000
 2.742000e-001,-3.238661e+003, 2.492337e+003, 7.327990e+002,-5.047306e+001,-8.392685e+001, 4.653369e+001, 0.000000e+000, 0.000000e+000, 0.000000e+000, 0.000000e+000
 2.742500e-001,-3.257290e+003, 2.448151e+003, 7.951393e+002,-5.101910e+001,-8.337747e+001, 4.850025e+001, 0.000000e+000, 0.000000e+000, 0.000000e+000, 0.000000e+000
 2.743000e-001,-3.274764e+003, 2.403112e+003, 8.572593e+002,-5.153878e+001,-8.278837e+001, 5.045649e+001, 0.000000e+000, 0.000000e+000, 0.000000e+000, 0.000000e+000
 2.743500e-001,-3.291081e+003, 2.357193e+003, 9.190148e+002,-5.203139e+001,-8.215913e+001, 5.240154e+001, 0.000000e+000, 0.000000e+000, 0.000000e+000, 0.000000e+000
 2.744000e-001,-3.306219e+003, 2.310467e+003, 9.804955e+002,-5.249697e+001,-8.149028e+001, 5.433526e+001, 0.000000e+000, 0.000000e+000, 0.000000e+000, 0.000000e+000
 2.744500e-001,-3.320199e+003, 2.262881e+003, 1.041579e+003,-5.293484e+001,-8.078153e+001, 5.625674e+001, 0.000000e+000, 0.000000e+000, 0.000000e+000, 0.000000e+000
 2.745000e-001,-3.332979e+003, 2.214535e+003, 1.102334e+003,-5.334515e+001,-8.003348e+001, 5.816581e+001, 0.000000e+000, 0.000000e+000, 0.000000e+000, 0.000000e+000
 2.745500e-001,-3.344603e+003, 2.165352e+003, 1.162660e+003,-5.372727e+001,-7.924596e+001, 6.006149e+001, 0.000000e+000, 0.000000e+000, 0.000000e+000, 0.000000e+000
 2.746000e-001,-3.355005e+003, 2.115456e+003, 1.222603e+003,-5.408143e+001,-7.841964e+001, 6.194359e+001, 0.000000e+000, 0.000000e+000, 0.000000e+000, 0.000000e+000
 2.746500e-001,-3.364255e+003, 2.064747e+003, 1.282086e+003,-5.440706e+001,-7.755448e+001, 6.381109e+001, 0.000000e+000, 0.000000e+000, 0.000000e+000, 0.000000e+000
 2.747000e-001,-3.372264e+003, 2.013371e+003, 1.341133e+003,-5.470447e+001,-7.665125e+001, 6.566375e+001, 0.000000e+000, 0.000000e+000, 0.000000e+000, 0.000000e+000
 2.747500e-001,-3.379126e+003, 1.961209e+003, 1.399690e+003,-5.497317e+001,-7.571000e+001, 6.750052e+001, 0.000000e+000, 0.000000e+000, 0.000000e+000, 0.000000e+000
 2.748000e-001,-3.384729e+003, 1.908429e+003, 1.457757e+003,-5.521353e+001,-7.473158e+001, 6.932111e+001, 0.000000e+000, 0.000000e+000, 0.000000e+000, 0.000000e+000
 2.748500e-001,-3.389193e+003, 1.854890e+003, 1.515306e+003,-5.542514e+001,-7.371619e+001, 7.112443e+001, 0.000000e+000, 0.000000e+000, 0.000000e+000, 0.000000e+000
 2.749000e-001,-3.392383e+003, 1.800781e+003, 1.572312e+003,-5.560844e+001,-7.266474e+001, 7.291016e+001, 0.000000e+000, 0.000000e+000, 0.000000e+000, 0.000000e+000
 2.749500e-001,-3.394441e+003, 1.745941e+003, 1.628770e+003,-5.576310e+001,-7.157754e+001, 7.467719e+001, 0.000000e+000, 0.000000e+000, 0.000000e+000, 0.000000e+000
 2.750000e-001,-3.395211e+003, 1.690581e+003, 1.684635e+003,-5.588962e+001,-7.045556e+001, 7.642515e+001, 0.000000e+000, 0.000000e+000, 0.000000e+000, 0.000000e+000
 2.750500e-001,-3.394861e+003, 1.634521e+003, 1.739923e+003,-5.598776e+001,-6.929925e+001, 7.815289e+001, 0.000000e+000, 0.000000e+000, 0.000000e+000, 0.000000e+000
 2.751000e-001,-3.393210e+003, 1.577988e+003, 1.794568e+003,-5.605806e+001,-6.810963e+001, 7.986000e+001, 0.000000e+000, 0.000000e+000, 0.000000e+000, 0.000000e+000
 2.751500e-001,-3.390449e+003, 1.520788e+003, 1.848608e+003,-5.610038e+001,-6.688728e+001, 8.154535e+001, 0.000000e+000, 0.000000e+000, 0.000000e+000, 0.000000e+000
 2.752000e-001,-3.386379e+003, 1.463164e+003, 1.901958e+003,-5.611531e+001,-6.563325e+001, 8.320845e+001, 0.000000e+000, 0.000000e+000, 0.000000e+000, 0.000000e+000
 2.752500e-001,-3.381212e+003, 1.404908e+003, 1.954673e+003,-5.610279e+001,-6.434824e+001, 8.484818e+001, 0.000000e+000, 0.000000e+000, 0.000000e+000, 0.000000e+000
 2.753000e-001,-3.374728e+003, 1.346273e+003, 2.006651e+003,-5.606346e+001,-6.303336e+001, 8.646398e+001, 0.000000e+000, 0.000000e+000, 0.000000e+000, 0.000000e+000
 2.753500e-001,-3.367160e+003, 1.287045e+003, 2.057967e+003,-5.599735e+001,-6.168939e+001, 8.805476e+001, 0.000000e+000, 0.000000e+000, 0.000000e+000, 0.000000e+000
 2.754000e-001,-3.358272e+003, 1.227484e+003, 2.108501e+003,-5.590514e+001,-6.031747e+001, 8.961993e+001, 0.000000e+000, 0.000000e+000, 0.000000e+000, 0.000000e+000
 2.754500e-001,-3.348313e+003, 1.167368e+003, 2.158344e+003,-5.578693e+001,-5.891852e+001, 9.115839e+001, 0.000000e+000, 0.000000e+000, 0.000000e+000, 0.000000e+000
 2.755000e-001,-3.337032e+003, 1.106966e+003, 2.207364e+003,-5.564344e+001,-5.749366e+001, 9.266949e+001, 0.000000e+000, 0.000000e+000, 0.000000e+000, 0.000000e+000
 2.755500e-001,-3.324696e+003, 1.046050e+003, 2.255663e+003,-5.547487e+001,-5.604392e+001, 9.415218e+001, 0.000000e+000, 0.000000e+000, 0.000000e+000, 0.000000e+000
 2.756000e-001,-3.311039e+003, 9.848918e+002, 2.303100e+003,-5.528194e+001,-5.457043e+001, 9.560576e+001, 0.000000e+000, 0.000000e+000, 0.000000e+000, 0.000000e+000
 2.756500e-001,-3.296342e+003, 9.232626e+002, 2.349787e+003,-5.506496e+001,-5.307430e+001, 9.702921e+001, 0.000000e+000, 0.000000e+000, 0.000000e+000, 0.000000e+000
 2.757000e-001,-3.280327e+003, 8.614354e+002, 2.395574e+003,-5.482465e+001,-5.155666e+001, 9.842178e+001, 0.000000e+000, 0.000000e+000, 0.000000e+000, 0.000000e+000
 2.757500e-001,-3.263289e+003, 7.991818e+002, 2.440583e+003,-5.456140e+001,-5.001870e+001, 9.978252e+001, 0.000000e+000, 0.000000e+000, 0.000000e+000, 0.000000e+000
 2.758000e-001,-3.244940e+003, 7.367729e+002, 2.484656e+003,-5.427593e+001,-4.846152e+001, 1.011106e+002, 0.000000e+000, 0.000000e+000, 0.000000e+000, 0.000000e+000
 2.758500e-001,-3.225583e+003, 6.739842e+002, 2.527920e+003,-5.396873e+001,-4.688641e+001, 1.024052e+002, 0.000000e+000, 0.000000e+000, 0.000000e+000, 0.000000e+000
 2.759000e-001,-3.204927e+003, 6.110817e+002, 2.570218e+003,-5.364050e+001,-4.529443e+001, 1.036654e+002, 0.000000e+000, 0.000000e+000, 0.000000e+000, 0.000000e+000
 2.759500e-001,-3.183280e+003, 5.478478e+002, 2.611678e+003,-5.329181e+001,-4.368691e+001, 1.048903e+002, 0.000000e+000, 0.000000e+000, 0.000000e+000, 0.000000e+000
 2.760000e-001,-3.160344e+003, 4.845403e+002, 2.652140e+003,-5.292335e+001,-4.206489e+001, 1.060791e+002, 0.000000e+000, 0.000000e+000, 0.000000e+000, 0.000000e+000
 2.760500e-001,-3.136436e+003, 4.209518e+002, 2.691736e+003,-5.253575e+001,-4.042974e+001, 1.072311e+002, 0.000000e+000, 0.000000e+000, 0.000000e+000, 0.000000e+000
 2.761000e-001,-3.111255e+003, 3.573285e+002, 2.730306e+003,-5.212970e+001,-3.878246e+001, 1.083453e+002, 0.000000e+000, 0.000000e+000, 0.000000e+000, 0.000000e+000
 2.761500e-001,-3.085119e+003, 2.934760e+002, 2.767980e+003,-5.170587e+001,-3.712445e+001, 1.094210e+002, 0.000000e+000, 0.000000e+000, 0.000000e+000, 0.000000e+000
 2.762000e-001,-3.057729e+003, 2.296263e+002, 2.804604e+003,-5.126493e+001,-3.545665e+001, 1.104574e+002, 0.000000e+000, 0.000000e+000, 0.000000e+000, 0.000000e+000
 2.762500e-001,-3.029402e+003, 1.656010e+002, 2.840303e+003,-5.080762e+001,-3.378051e+001, 1.114536e+002, 0.000000e+000, 0.000000e+000, 0.000000e+000, 0.000000e+000
 2.763000e-001,-2.999843e+003, 1.016146e+002, 2.874930e+003,-5.033456e+001,-3.209686e+001, 1.124090e+002, 0.000000e+000, 0.000000e+000, 0.000000e+000, 0.000000e+000
 2.763500e-001,-2.969364e+003, 3.750742e+001, 2.908602e+003,-4.984653e+001,-3.040719e+001, 1.133228e+002, 0.000000e+000, 0.000000e+000, 0.000000e+000, 0.000000e+000
 2.764000e-001,-2.937677e+003,-2.652576e+001, 2.941181e+003,-4.934412e+001,-2.871227e+001, 1.141942e+002, 0.000000e+000, 0.000000e+000, 0.000000e+000, 0.000000e+000
 2.764500e-001,-2.905091e+003,-9.062368e+001, 2.972780e+003,-4.882814e+001,-2.701357e+001, 1.150226e+002, 0.000000e+000, 0.000000e+000, 0.000000e+000, 0.000000e+000
 2.765000e-001,-2.871323e+003,-1.546139e+002, 3.003265e+003,-4.829914e+001,-2.531178e+001, 1.158072e+002, 0.000000e+000, 0.000000e+000, 0.000000e+000, 0.000000e+000
 2.765500e-001,-2.836675e+003,-2.186116e+002, 3.032744e+003,-4.775795e+001,-2.360838e+001, 1.165476e+002, 0.000000e+000, 0.000000e+000, 0.000000e+000, 0.000000e+000
 2.766000e-001,-2.800873e+003,-2.824691e+002, 3.061093e+003,-4.720507e+001,-2.190396e+001, 1.172429e+002, 0.000000e+000, 0.000000e+000, 0.000000e+000, 0.000000e+000
 2.766500e-001,-2.764212e+003,-3.462762e+002, 3.088409e+003,-4.664133e+001,-2.019997e+001, 1.178926e+002, 0.000000e+000, 0.000000e+000, 0.000000e+000, 0.000000e+000
 2.767000e-001,-2.726430e+003,-4.099113e+002, 3.114581e+003,-4.606720e+001,-1.849695e+001, 1.184961e+002, 0.000000e+000, 0.000000e+000, 0.000000e+000, 0.000000e+000
 2.767500e-001,-2.687809e+003,-4.734375e+002, 3.139696e+003,-4.548350e+001,-1.679629e+001, 1.190529e+002, 0.000000e+000, 0.000000e+000, 0.000000e+000, 0.000000e+000
 2.768000e-001,-2.648100e+003,-5.367612e+002, 3.163653e+003,-4.489063e+001,-1.509844e+001, 1.195624e+002, 0.000000e+000, 0.000000e+000, 0.000000e+000, 0.000000e+000
 2.768500e-001,-2.607574e+003,-5.999168e+002, 3.186531e+003,-4.428942e+001,-1.340477e+001, 1.200242e+002, 0.000000e+000, 0.000000e+000, 0.000000e+000, 0.000000e+000
 2.769000e-001,-2.565996e+003,-6.628402e+002, 3.208238e+003,-4.368019e+001,-1.171562e+001, 1.204378e+002, 0.000000e+000, 0.000000e+000, 0.000000e+000, 0.000000e+000
 2.769500e-001,-2.523622e+003,-7.255363e+002, 3.228846e+003,-4.306376e+001,-1.003233e+001, 1.208028e+002, 0.000000e+000, 0.000000e+000, 0.000000e+000, 0.000000e+000
 2.770000e-001,-2.480236e+003,-7.879711e+002, 3.248273e+003,-4.244038e+001,-8.355138e+000, 1.211187e+002, 0.000000e+000, 0.000000e+000, 0.000000e+000, 0.000000e+000
 2.770500e-001,-2.436075e+003,-8.501196e+002, 3.266581e+003,-4.181086e+001,-6.685316e+000, 1.213854e+002, 0.000000e+000, 0.000000e+000, 0.000000e+000, 0.000000e+000
 2.771000e-001,-2.390942e+003,-9.119781e+002, 3.283698e+003,-4.117536e+001,-5.023049e+000, 1.216022e+002, 0.000000e+000, 0.000000e+000, 0.000000e+000, 0.000000e+000
 2.771500e-001,-2.345059e+003,-9.734916e+002, 3.299680e+003,-4.053466e+001,-3.369516e+000, 1.217692e+002, 0.000000e+000, 0.000000e+000, 0.000000e+000, 0.000000e+000
 2.772000e-001,-2.298245e+003,-1.034687e+003, 3.314464e+003,-3.988885e+001,-1.724835e+000, 1.218859e+002, 0.000000e+000, 0.000000e+000, 0.000000e+000, 0.000000e+000
 2.772500e-001,-2.250704e+003,-1.095479e+003, 3.328096e+003,-3.923866e+001,-9.010261e-002, 1.219522e+002, 0.000000e+000, 0.000000e+000, 0.000000e+000, 0.000000e+000
 2.773000e-001,-2.202277e+003,-1.155925e+003, 3.340524e+003,-3.858411e+001, 1.534629e+000, 1.219678e+002, 0.000000e+000, 0.000000e+000, 0.000000e+000, 0.000000e+000
 2.773500e-001,-2.153147e+003,-1.215911e+003, 3.351788e+003,-3.792589e+001, 3.148349e+000, 1.219328e+002, 0.000000e+000, 0.000000e+000, 0.000000e+000, 0.000000e+000
 2.774000e-001,-2.103176e+003,-1.275523e+003, 3.361840e+003,-3.726394e+001, 4.751066e+000, 1.218469e+002, 0.000000e+000, 0.000000e+000, 0.000000e+000, 0.000000e+000
 2.774500e-001,-2.052528e+003,-1.334618e+003, 3.370720e+003,-3.659890e+001, 6.341863e+000, 1.217101e+002, 0.000000e+000, 0.000000e+000, 0.000000e+000, 0.000000e+000
 2.775000e-001,-2.001086e+003,-1.393312e+003, 3.378382e+003,-3.593063e+001, 7.920799e+000, 1.215224e+002, 0.000000e+000, 0.000000e+000, 0.000000e+000, 0.000000e+000
 2.775500e-001,-1.948992e+003,-1.451433e+003, 3.384864e+003,-3.525971e+001, 9.487054e+000, 1.212838e+002, 0.000000e+000, 0.000000e+000, 0.000000e+000, 0.000000e+000
 2.776000e-001,-1.896154e+003,-1.509126e+003, 3.390124e+003,-3.458593e+001, 1.104073e+001, 1.209944e+002, 0.000000e+000, 0.000000e+000, 0.000000e+000, 0.000000e+000
 2.776500e-001,-1.842689e+003,-1.566193e+003, 3.394198e+003,-3.390982e+001, 1.258111e+001, 1.206544e+002, 0.000000e+000, 0.000000e+000, 0.000000e+000, 0.000000e+000
 2.777000e-001,-1.788530e+003,-1.622803e+003, 3.397047e+003,-3.323107e+001, 1.410832e+001, 1.202637e+002, 0.000000e+000, 0.000000e+000, 0.000000e+000, 0.000000e+000
 2.777500e-001,-1.733771e+003,-1.678736e+003, 3.398708e+003,-3.255018e+001, 1.562175e+001, 1.198227e+002, 0.000000e+000, 0.000000e+000, 0.000000e+000, 0.000000e+000
 2.778000e-001,-1.678370e+003,-1.734183e+003, 3.399142e+003,-3.186676e+001, 1.712155e+001, 1.193316e+002, 0.000000e+000, 0.000000e+000, 0.000000e+000, 0.000000e+000
 2.778500e-001,-1.622396e+003,-1.788903e+003, 3.398387e+003,-3.118126e+001, 1.860721e+001, 1.187906e+002, 0.000000e+000, 0.000000e+000, 0.000000e+000, 0.000000e+000
 2.779000e-001,-1.565832e+003,-1.843109e+003, 3.396403e+003,-3.049320e+001, 2.007891e+001, 1.182000e+002, 0.000000e+000, 0.000000e+000, 0.000000e+000, 0.000000e+000
 2.779500e-001,-1.508722e+003,-1.896540e+003, 3.393233e+003,-2.980298e+001, 2.153622e+001, 1.175602e+002, 0.000000e+000, 0.000000e+000, 0.000000e+000, 0.000000e+000
 2.780000e-001,-1.451078e+003,-1.949427e+003, 3.388833e+003,-2.911007e+001, 2.297934e+001, 1.168716e+002, 0.000000e+000, 0.000000e+000, 0.000000e+000, 0.000000e+000
 2.780500e-001,-1.392915e+003,-2.001495e+003, 3.383253e+003,-2.841483e+001, 2.440793e+001, 1.161346e+002, 0.000000e+000, 0.000000e+000, 0.000000e+000, 0.000000e+000
 2.781000e-001,-1.334273e+003,-2.052989e+003, 3.376443e+003,-2.771663e+001, 2.582218e+001, 1.153498e+002, 0.000000e+000, 0.000000e+000, 0.000000e+000, 0.000000e+000
 2.781500e-001,-1.275140e+003,-2.103619e+003, 3.368458e+003,-2.701580e+001, 2.722186e+001, 1.145174e+002, 0.000000e+000, 0.000000e+000, 0.000000e+000, 0.000000e+000
 2.782000e-001,-1.215584e+003,-2.153646e+003, 3.359246e+003,-2.631167e+001, 2.860714e+001, 1.136383e+002, 0.000000e+000, 0.000000e+000, 0.000000e+000, 0.000000e+000
 2.782500e-001,-1.155565e+003,-2.202769e+003, 3.348870e+003,-2.560453e+001, 2.997788e+001, 1.127128e+002, 0.000000e+000, 0.000000e+000, 0.000000e+000, 0.000000e+000
 2.783000e-001,-1.095182e+003,-2.251258e+003, 3.337269e+003,-2.489364e+001, 3.133425e+001, 1.117417e+002, 0.000000e+000, 0.000000e+000, 0.000000e+000, 0.000000e+000
 2.783500e-001,-1.034362e+003,-2.298805e+003, 3.324514e+003,-2.417927e+001, 3.267617e+001, 1.107255e+002, 0.000000e+000, 0.000000e+000, 0.000000e+000, 0.000000e+000
 2.784000e-001,-9.732374e+002,-2.345686e+003, 3.310539e+003,-2.346063e+001, 3.400378e+001, 1.096650e+002, 0.000000e+000, 0.000000e+000, 0.000000e+000, 0.000000e+000
 2.784500e-001,-9.117053e+002,-2.391590e+003, 3.295424e+003,-2.273798e+001, 3.531710e+001, 1.085609e+002, 0.000000e+000, 0.000000e+000, 0.000000e+000, 0.000000e+000
 2.785000e-001,-8.499263e+002,-2.436796e+003, 3.279095e+003,-2.201049e+001, 3.661624e+001, 1.074139e+002, 0.000000e+000, 0.000000e+000, 0.000000e+000, 0.000000e+000
 2.785500e-001,-7.877690e+002,-2.480992e+003, 3.261641e+003,-2.127839e+001, 3.790126e+001, 1.062248e+002, 0.000000e+000, 0.000000e+000, 0.000000e+000, 0.000000e+000
 2.786000e-001,-7.254241e+002,-2.524460e+003, 3.242980e+003,-2.054084e+001, 3.917226e+001, 1.049945e+002, 0.000000e+000, 0.000000e+000, 0.000000e+000, 0.000000e+000
 2.786500e-001,-6.627302e+002,-2.566886e+003, 3.223211e+003,-1.979805e+001, 4.042935e+001, 1.037236e+002, 0.000000e+000, 0.000000e+000, 0.000000e+000, 0.000000e+000
 2.787000e-001,-5.999083e+002,-2.608552e+003, 3.202245e+003,-1.904919e+001, 4.167260e+001, 1.024132e+002, 0.000000e+000, 0.000000e+000, 0.000000e+000, 0.000000e+000
 2.787500e-001,-5.367671e+002,-2.649148e+003, 3.180188e+003,-1.829443e+001, 4.290215e+001, 1.010640e+002, 0.000000e+000, 0.000000e+000, 0.000000e+000, 0.000000e+000
 2.788000e-001,-4.735573e+002,-2.688953e+003, 3.156947e+003,-1.753296e+001, 4.411805e+001, 9.967710e+001, 0.000000e+000, 0.000000e+000, 0.000000e+000, 0.000000e+000
 2.788500e-001,-4.100588e+002,-2.727662e+003, 3.132634e+003,-1.676494e+001, 4.532047e+001, 9.825324e+001, 0.000000e+000, 0.000000e+000, 0.000000e+000, 0.000000e+000
 2.789000e-001,-3.465508e+002,-2.765548e+003, 3.107150e+003,-1.598959e+001, 4.650941e+001, 9.679350e+001, 0.000000e+000, 0.000000e+000, 0.000000e+000, 0.000000e+000
 2.789500e-001,-2.827853e+002,-2.802315e+003, 3.080615e+003,-1.520706e+001, 4.768510e+001, 9.529875e+001, 0.000000e+000, 0.000000e+000, 0.000000e+000, 0.000000e+000
 2.790000e-001,-2.190690e+002,-2.838229e+003, 3.052924e+003,-1.441661e+001, 4.884745e+001, 9.377004e+001, 0.000000e+000, 0.000000e+000, 0.000000e+000, 0.000000e+000
 2.790500e-001,-1.551272e+002,-2.873001e+003, 3.024204e+003,-1.361837e+001, 4.999674e+001, 9.220831e+001, 0.000000e+000, 0.000000e+000, 0.000000e+000, 0.000000e+000
 2.791000e-001,-9.129245e+001,-2.906891e+003, 2.994347e+003,-1.281167e+001, 5.113284e+001, 9.061461e+001, 0.000000e+000, 0.000000e+000, 0.000000e+000, 0.000000e+000
 2.791500e-001,-2.726527e+001,-2.939620e+003, 2.963483e+003,-1.199665e+001, 5.225600e+001, 8.898991e+001, 0.000000e+000, 0.000000e+000, 0.000000e+000, 0.000000e+000
 2.792000e-001, 3.659794e+001,-2.971435e+003, 2.931501e+003,-1.117267e+001, 5.336609e+001, 8.733527e+001, 0.000000e+000, 0.000000e+000, 0.000000e+000, 0.000000e+000
 2.792500e-001, 1.006195e+002,-3.002073e+003, 2.898536e+003,-1.033990e+001, 5.446333e+001, 8.565170e+001, 0.000000e+000, 0.000000e+000, 0.000000e+000, 0.000000e+000
 2.793000e-001, 1.644215e+002,-3.031770e+003, 2.864477e+003,-9.497787e+000, 5.554756e+001, 8.394024e+001, 0.000000e+000, 0.000000e+000, 0.000000e+000, 0.000000e+000
 2.793500e-001, 2.283465e+002,-3.060274e+003, 2.829458e+003,-8.646479e+000, 5.661899e+001, 8.220193e+001, 0.000000e+000, 0.000000e+000, 0.000000e+000, 0.000000e+000
 2.794000e-001, 2.919977e+002,-3.087808e+003, 2.793369e+003,-7.785532e+000, 5.767740e+001, 8.043780e+001, 0.000000e+000, 0.000000e+000, 0.000000e+000, 0.000000e+000
 2.794500e-001, 3.557354e+002,-3.114136e+003, 2.756346e+003,-6.915094e+000, 5.872300e+001, 7.864890e+001, 0.000000e+000, 0.000000e+000, 0.000000e+000, 0.000000e+000
 2.795000e-001, 4.191466e+002,-3.139469e+003, 2.718280e+003,-6.034831e+000, 5.975551e+001, 7.683624e+001, 0.000000e+000, 0.000000e+000, 0.000000e+000, 0.000000e+000
 2.795500e-001, 4.826065e+002,-3.163584e+003, 2.679306e+003,-5.144892e+000, 6.077512e+001, 7.500088e+001, 0.000000e+000, 0.000000e+000, 0.000000e+000, 0.000000e+000
 2.796000e-001, 5.456893e+002,-3.186677e+003, 2.639317e+003,-4.245058e+000, 6.178152e+001, 7.314380e+001, 0.000000e+000, 0.000000e+000, 0.000000e+000, 0.000000e+000
 2.796500e-001, 6.087811e+002,-3.208544e+003, 2.598446e+003,-3.335484e+000, 6.277485e+001, 7.126608e+001, 0.000000e+000, 0.000000e+000, 0.000000e+000, 0.000000e+000
 2.797000e-001, 6.714474e+002,-3.229365e+003, 2.556593e+003,-2.416076e+000, 6.375475e+001, 6.936863e+001, 0.000000e+000, 0.000000e+000, 0.000000e+000, 0.000000e+000
 2.797500e-001, 7.340817e+002,-3.248952e+003, 2.513885e+003,-1.486995e+000, 6.472133e+001, 6.745255e+001, 0.000000e+000, 0.000000e+000, 0.000000e+000, 0.000000e+000
 2.798000e-001, 7.962441e+002,-3.267471e+003, 2.470227e+003,-5.482782e-001, 6.567419e+001, 6.551871e+001, 0.000000e+000, 0.000000e+000, 0.000000e+000, 0.000000e+000
 2.798500e-001, 8.583320e+002,-3.284748e+003, 2.425741e+003, 3.999108e-001, 6.661341e+001, 6.356818e+001, 0.000000e+000, 0.000000e+000, 0.000000e+000, 0.000000e+000
 2.799000e-001, 9.199040e+002,-3.300938e+003, 2.380342e+003, 1.357396e+000, 6.753853e+001, 6.160180e+001, 0.000000e+000, 0.000000e+000, 0.000000e+000, 0.000000e+000
 2.799500e-001, 9.813574e+002,-3.315880e+003, 2.334143e+003, 2.324011e+000, 6.844957e+001, 5.962063e+001, 0.000000e+000, 0.000000e+000, 0.000000e+000, 0.000000e+000
 2.800000e-001, 1.042253e+003,-3.329717e+003, 2.287068e+003, 3.299439e+000, 6.934605e+001, 5.762543e+001, 0.000000e+000, 0.000000e+000, 0.000000e+000, 0.000000e+000
 2.800500e-001, 1.102985e+003,-3.342302e+003, 2.239222e+003, 4.283509e+000, 7.022794e+001, 5.561726e+001, 0.000000e+000, 0.000000e+000, 0.000000e+000, 0.000000e+000
 2.801000e-001, 1.163120e+003,-3.353766e+003, 2.190539e+003, 5.275768e+000, 7.109470e+001, 5.359681e+001, 0.000000e+000, 0.000000e+000, 0.000000e+000, 0.000000e+000
 2.801500e-001, 1.223043e+003,-3.363976e+003, 2.141114e+003, 6.276037e+000, 7.194626e+001, 5.156513e+001, 0.000000e+000, 0.000000e+000, 0.000000e+000, 0.000000e+000
 2.802000e-001, 1.282334e+003,-3.373049e+003, 2.090893e+003, 7.283727e+000, 7.278205e+001, 4.952285e+001, 0.000000e+000, 0.000000e+000, 0.000000e+000, 0.000000e+000
 2.802500e-001, 1.341365e+003,-3.380868e+003, 2.039960e+003, 8.298654e+000, 7.360193e+001, 4.747096e+001, 0.000000e+000, 0.000000e+000, 0.000000e+000, 0.000000e+000
 2.803000e-001, 1.399728e+003,-3.387536e+003, 1.988273e+003, 9.320095e+000, 7.440529e+001, 4.541006e+001, 0.000000e+000, 0.000000e+000, 0.000000e+000, 0.000000e+000
 2.803500e-001, 1.457782e+003,-3.392952e+003, 1.935906e+003, 1.034786e+001, 7.519194e+001, 4.334110e+001, 0.000000e+000, 0.000000e+000, 0.000000e+000, 0.000000e+000
 2.804000e-001, 1.515137e+003,-3.397207e+003, 1.882828e+003, 1.138111e+001, 7.596125e+001, 4.126460e+001, 0.000000e+000, 0.000000e+000, 0.000000e+000, 0.000000e+000
 2.804500e-001, 1.572132e+003,-3.400210e+003, 1.829101e+003, 1.241964e+001, 7.671295e+001, 3.918149e+001, 0.000000e+000, 0.000000e+000, 0.000000e+000, 0.000000e+000
 2.805000e-001, 1.628399e+003,-3.402044e+003, 1.774708e+003, 1.346248e+001, 7.744640e+001, 3.709222e+001, 0.000000e+000, 0.000000e+000, 0.000000e+000, 0.000000e+000
 2.805500e-001, 1.684255e+003,-3.402631e+003, 1.719698e+003, 1.450944e+001, 7.816126e+001, 3.499768e+001, 0.000000e+000, 0.000000e+000, 0.000000e+000, 0.000000e+000
 2.806000e-001, 1.739355e+003,-3.402040e+003, 1.664069e+003, 1.555943e+001, 7.885685e+001, 3.289827e+001, 0.000000e+000, 0.000000e+000, 0.000000e+000, 0.000000e+000
 2.806500e-001, 1.793991e+003,-3.400208e+003, 1.607855e+003, 1.661226e+001, 7.953281e+001, 3.079483e+001, 0.000000e+000, 0.000000e+000, 0.000000e+000, 0.000000e+000
 2.807000e-001, 1.847848e+003,-3.397193e+003, 1.551069e+003, 1.766675e+001, 8.018842e+001, 2.868770e+001, 0.000000e+000, 0.000000e+000, 0.000000e+000, 0.000000e+000
 2.807500e-001, 1.901188e+003,-3.392943e+003, 1.493733e+003, 1.872268e+001, 8.082327e+001, 2.657767e+001, 0.000000e+000, 0.000000e+000, 0.000000e+000, 0.000000e+000
 2.808000e-001, 1.953725e+003,-3.387508e+003, 1.435871e+003, 1.977879e+001, 8.143659e+001, 2.446504e+001, 0.000000e+000, 0.000000e+000, 0.000000e+000, 0.000000e+000
 2.808500e-001, 2.005693e+003,-3.380846e+003, 1.377494e+003, 2.083487e+001, 8.202797e+001, 2.235056e+001, 0.000000e+000, 0.000000e+000, 0.000000e+000, 0.000000e+000
 2.809000e-001, 2.056837e+003,-3.372998e+003, 1.318640e+003, 2.188958e+001, 8.259661e+001, 2.023446e+001, 0.000000e+000, 0.000000e+000, 0.000000e+000, 0.000000e+000
 2.809500e-001, 2.107360e+003,-3.363933e+003, 1.259305e+003, 2.294269e+001, 8.314204e+001, 1.811746e+001, 0.000000e+000, 0.000000e+000, 0.000000e+000, 0.000000e+000
 2.810000e-001, 2.157040e+003,-3.353682e+003, 1.199544e+003, 2.399283e+001, 8.366346e+001, 1.599975e+001, 0.000000e+000, 0.000000e+000, 0.000000e+000, 0.000000e+000
 2.810500e-001, 2.206045e+003,-3.342225e+003, 1.139337e+003, 2.503973e+001, 8.416037e+001, 1.388199e+001, 0.000000e+000, 0.000000e+000, 0.000000e+000, 0.000000e+000
 2.811000e-001, 2.254190e+003,-3.329586e+003, 1.078753e+003, 2.608199e+001, 8.463195e+001, 1.176436e+001, 0.000000e+000, 0.000000e+000, 0.000000e+000, 0.000000e+000
 2.811500e-001, 2.301609e+003,-3.315754e+003, 1.017760e+003, 2.711934e+001, 8.507769e+001, 9.647458e+000, 0.000000e+000, 0.000000e+000, 0.000000e+000, 0.000000e+000
 2.812000e-001, 2.348152e+003,-3.300744e+003, 9.564401e+002, 2.815035e+001, 8.549675e+001, 7.531433e+000, 0.000000e+000, 0.000000e+000, 0.000000e+000, 0.000000e+000
 2.812500e-001, 2.393917e+003,-3.284555e+003, 8.947477e+002, 2.917473e+001, 8.588860e+001, 5.416860e+000, 0.000000e+000, 0.000000e+000, 0.000000e+000, 0.000000e+000
 2.813000e-001, 2.438791e+003,-3.267195e+003, 8.327798e+002, 3.019104e+001, 8.625242e+001, 3.303853e+000, 0.000000e+000, 0.000000e+000, 0.000000e+000, 0.000000e+000
 2.813500e-001, 2.482837e+003,-3.248673e+003, 7.704767e+002, 3.119900e+001, 8.658766e+001, 1.192954e+000, 0.000000e+000, 0.000000e+000, 0.000000e+000, 0.000000e+000
 2.814000e-001, 2.525979e+003,-3.228987e+003, 7.079489e+002, 3.219714e+001, 8.689350e+001,-9.157382e-001, 0.000000e+000, 0.000000e+000, 0.000000e+000, 0.000000e+000
 2.814500e-001, 2.568245e+003,-3.208157e+003, 6.451238e+002, 3.318520e+001, 8.716940e+001,-3.021712e+000, 0.000000e+000, 0.000000e+000, 0.000000e+000, 0.000000e+000
 2.815000e-001, 2.609593e+003,-3.186173e+003, 5.821251e+002, 3.416172e+001, 8.741454e+001,-5.124878e+000, 0.000000e+000, 0.000000e+000, 0.000000e+000, 0.000000e+000
 2.815500e-001, 2.650018e+003,-3.163065e+003, 5.188679e+002, 3.512641e+001, 8.762842e+001,-7.224751e+000, 0.000000e+000, 0.000000e+000, 0.000000e+000, 0.000000e+000
 2.816000e-001, 2.689514e+003,-3.138814e+003, 4.554876e+002, 3.607787e+001, 8.781020e+001,-9.321243e+000, 0.000000e+000, 0.000000e+000, 0.000000e+000, 0.000000e+000
 2.816500e-001, 2.728041e+003,-3.113461e+003, 3.918884e+002, 3.701579e+001, 8.795942e+001,-1.141389e+001, 0.000000e+000, 0.000000e+000, 0.000000e+000, 0.000000e+000
 2.817000e-001, 2.765627e+003,-3.086978e+003, 3.282168e+002, 3.793880e+001, 8.807527e+001,-1.350260e+001, 0.000000e+000, 0.000000e+000, 0.000000e+000, 0.000000e+000
 2.817500e-001, 2.802202e+003,-3.059416e+003, 2.643661e+002, 3.884662e+001, 8.815731e+001,-1.558692e+001, 0.000000e+000, 0.000000e+000, 0.000000e+000, 0.000000e+000
 2.818000e-001, 2.837825e+003,-3.030738e+003, 2.004933e+002, 3.973791e+001, 8.820477e+001,-1.766674e+001, 0.000000e+000, 0.000000e+000, 0.000000e+000, 0.000000e+000
 2.818500e-001, 2.872396e+003,-3.001006e+003, 1.364819e+002, 4.061238e+001, 8.821724e+001,-1.974164e+001, 0.000000e+000, 0.000000e+000, 0.000000e+000, 0.000000e+000
 2.819000e-001, 2.906005e+003,-2.970174e+003, 7.249862e+001, 4.146875e+001, 8.819401e+001,-2.181148e+001, 0.000000e+000, 0.000000e+000, 0.000000e+000, 0.000000e+000
 2.819500e-001, 2.938522e+003,-2.938315e+003, 8.417468e+000, 4.230677e+001, 8.813470e+001,-2.387582e+001, 0.000000e+000, 0.000000e+000, 0.000000e+000, 0.000000e+000
 2.820000e-001, 2.970068e+003,-2.905373e+003,-5.558589e+001, 4.312520e+001, 8.803864e+001,-2.593452e+001, 0.000000e+000, 0.000000e+000, 0.000000e+000, 0.000000e+000
 2.820500e-001, 3.000485e+003,-2.871433e+003,-1.196458e+002, 4.392379e+001, 8.790555e+001,-2.798715e+001, 0.000000e+000, 0.000000e+000, 0.000000e+000, 0.000000e+000
 2.821000e-001, 3.029922e+003,-2.836429e+003,-1.835787e+002, 4.470139e+001, 8.773479e+001,-3.003351e+001, 0.000000e+000, 0.000000e+000, 0.000000e+000, 0.000000e+000
 2.821500e-001, 3.058197e+003,-2.800456e+003,-2.475266e+002, 4.545776e+001, 8.752612e+001,-3.207318e+001, 0.000000e+000, 0.000000e+000, 0.000000e+000, 0.000000e+000
 2.822000e-001, 3.085483e+003,-2.763440e+003,-3.112987e+002, 4.619185e+001, 8.727901e+001,-3.410592e+001, 0.000000e+000, 0.000000e+000, 0.000000e+000, 0.000000e+000
 2.822500e-001, 3.111575e+003,-2.725487e+003,-3.750439e+002, 4.690340e+001, 8.699327e+001,-3.613130e+001, 0.000000e+000, 0.000000e+000, 0.000000e+000, 0.000000e+000
 2.823000e-001, 3.136670e+003,-2.686511e+003,-4.385653e+002, 4.759147e+001, 8.666843e+001,-3.814904e+001, 0.000000e+000, 0.000000e+000, 0.000000e+000, 0.000000e+000
 2.823500e-001, 3.160542e+003,-2.646632e+003,-5.020175e+002, 4.825583e+001, 8.630442e+001,-4.015869e+001, 0.000000e+000, 0.000000e+000, 0.000000e+000, 0.000000e+000
 2.824000e-001, 3.183408e+003,-2.605753e+003,-5.651987e+002, 4.889560e+001, 8.590082e+001,-4.215993e+001, 0.000000e+000, 0.000000e+000, 0.000000e+000, 0.000000e+000
 2.824500e-001, 3.205026e+003,-2.564006e+003,-6.282681e+002, 4.951058e+001, 8.545764e+001,-4.415228e+001, 0.000000e+000, 0.000000e+000, 0.000000e+000, 0.000000e+000
 2.825000e-001, 3.225631e+003,-2.521282e+003,-6.910200e+002, 5.010002e+001, 8.497456e+001,-4.613538e+001, 0.000000e+000, 0.000000e+000, 0.000000e+000, 0.000000e+000
 2.825500e-001, 3.244964e+003,-2.477728e+003,-7.536176e+002, 5.066373e+001, 8.445168e+001,-4.810873e+001, 0.000000e+000, 0.000000e+000, 0.000000e+000, 0.000000e+000
 2.826000e-001, 3.263277e+003,-2.433221e+003,-8.158518e+002, 5.120104e+001, 8.388876e+001,-5.007192e+001, 0.000000e+000, 0.000000e+000, 0.000000e+000, 0.000000e+000
 2.826500e-001, 3.280297e+003,-2.387922e+003,-8.778889e+002, 5.171181e+001, 8.328600e+001,-5.202443e+001, 0.000000e+000, 0.000000e+000, 0.000000e+000, 0.000000e+000
 2.827000e-001, 3.296292e+003,-2.341697e+003,-9.395180e+002, 5.219547e+001, 8.264326e+001,-5.396577e+001, 0.000000e+000, 0.000000e+000, 0.000000e+000, 0.000000e+000
 2.827500e-001, 3.310974e+003,-2.294719e+003,-1.000907e+003, 5.265190e+001, 8.196085e+001,-5.589542e+001, 0.000000e+000, 0.000000e+000, 0.000000e+000, 0.000000e+000
 2.828000e-001, 3.324625e+003,-2.246841e+003,-1.061844e+003, 5.308065e+001, 8.123870e+001,-5.781283e+001, 0.000000e+000, 0.000000e+000, 0.000000e+000, 0.000000e+000
 2.828500e-001, 3.336949e+003,-2.198251e+003,-1.122499e+003, 5.348164e+001, 8.047723e+001,-5.971745e+001, 0.000000e+000, 0.000000e+000, 0.000000e+000, 0.000000e+000
 2.829000e-001, 3.348237e+003,-2.148791e+003,-1.182658e+003, 5.385451e+001, 7.967648e+001,-6.160867e+001, 0.000000e+000, 0.000000e+000, 0.000000e+000, 0.000000e+000
 2.829500e-001, 3.358185e+003,-2.098660e+003,-1.242492e+003, 5.419921e+001, 7.883697e+001,-6.348592e+001, 0.000000e+000, 0.000000e+000, 0.000000e+000, 0.000000e+000
 2.830000e-001, 3.367092e+003,-2.047688e+003,-1.301790e+003, 5.451551e+001, 7.795882e+001,-6.534853e+001, 0.000000e+000, 0.000000e+000, 0.000000e+000, 0.000000e+000
 2.830500e-001, 3.374649e+003,-1.996088e+003,-1.360719e+003, 5.480339e+001, 7.704267e+001,-6.719592e+001, 0.000000e+000, 0.000000e+000, 0.000000e+000, 0.000000e+000
 2.831000e-001, 3.381161e+003,-1.943677e+003,-1.419071e+003, 5.506272e+001, 7.608874e+001,-6.902735e+001, 0.000000e+000, 0.000000e+000, 0.000000e+000, 0.000000e+000
 2.831500e-001, 3.386316e+003,-1.890684e+003,-1.477012e+003, 5.529352e+001, 7.509776e+001,-7.084220e+001, 0.000000e+000, 0.000000e+000, 0.000000e+000, 0.000000e+000
 2.832000e-001, 3.390424e+003,-1.836910e+003,-1.534337e+003, 5.549577e+001, 7.407006e+001,-7.263972e+001, 0.000000e+000, 0.000000e+000, 0.000000e+000, 0.000000e+000
 2.832500e-001, 3.393169e+003,-1.782599e+003,-1.591208e+003, 5.566954e+001, 7.300646e+001,-7.441925e+001, 0.000000e+000, 0.000000e+000, 0.000000e+000, 0.000000e+000
 2.833000e-001, 3.394865e+003,-1.727539e+003,-1.647425e+003, 5.581490e+001, 7.190739e+001,-7.617997e+001, 0.000000e+000, 0.000000e+000, 0.000000e+000, 0.000000e+000
 2.833500e-001, 3.395196e+003,-1.671989e+003,-1.703146e+003, 5.593196e+001, 7.077375e+001,-7.792122e+001, 0.000000e+000, 0.000000e+000, 0.000000e+000, 0.000000e+000
 2.834000e-001, 3.394476e+003,-1.615722e+003,-1.758176e+003, 5.602090e+001, 6.960606e+001,-7.964213e+001, 0.000000e+000, 0.000000e+000, 0.000000e+000, 0.000000e+000
 2.834500e-001, 3.392392e+003,-1.559013e+003,-1.812668e+003, 5.608186e+001, 6.840533e+001,-8.134202e+001, 0.000000e+000, 0.000000e+000, 0.000000e+000, 0.000000e+000
 2.835000e-001, 3.389256e+003,-1.501620e+003,-1.866433e+003, 5.611513e+001, 6.717216e+001,-8.301998e+001, 0.000000e+000, 0.000000e+000, 0.000000e+000, 0.000000e+000
 2.835500e-001, 3.384761e+003,-1.443833e+003,-1.919620e+003, 5.612089e+001, 6.590762e+001,-8.467532e+001, 0.000000e+000, 0.000000e+000, 0.000000e+000, 0.000000e+000
 2.836000e-001, 3.379212e+003,-1.385397e+003,-1.972045e+003, 5.609952e+001, 6.461239e+001,-8.630709e+001, 0.000000e+000, 0.000000e+000, 0.000000e+000, 0.000000e+000
 2.836500e-001, 3.372311e+003,-1.326615e+003,-2.023850e+003, 5.605123e+001, 6.328764e+001,-8.791460e+001, 0.000000e+000, 0.000000e+000, 0.000000e+000, 0.000000e+000
 2.837000e-001, 3.364357e+003,-1.267219e+003,-2.074862e+003, 5.597650e+001, 6.193411e+001,-8.949685e+001, 0.000000e+000, 0.000000e+000, 0.000000e+000, 0.000000e+000
 2.837500e-001, 3.355059e+003,-1.207527e+003,-2.125213e+003, 5.587558e+001, 6.055302e+001,-9.105315e+001, 0.000000e+000, 0.000000e+000, 0.000000e+000, 0.000000e+000
 2.838000e-001, 3.344710e+003,-1.147256e+003,-2.174739e+003, 5.574903e+001, 5.914520e+001,-9.258248e+001, 0.000000e+000, 0.000000e+000, 0.000000e+000, 0.000000e+000
 2.838500e-001, 3.333028e+003,-1.086739e+003,-2.223565e+003, 5.559713e+001, 5.771191e+001,-9.408414e+001, 0.000000e+000, 0.000000e+000, 0.000000e+000, 0.000000e+000
 2.839000e-001, 3.320297e+003,-1.025680e+003,-2.271535e+003, 5.542054e+001, 5.625403e+001,-9.555711e+001, 0.000000e+000, 0.000000e+000, 0.000000e+000, 0.000000e+000
 2.839500e-001, 3.306248e+003,-9.644235e+002,-2.318767e+003, 5.521954e+001, 5.477287e+001,-9.700068e+001, 0.000000e+000, 0.000000e+000, 0.000000e+000, 0.000000e+000
 2.840000e-001, 3.291154e+003,-9.026638e+002,-2.365114e+003, 5.499487e+001, 5.326936e+001,-9.841380e+001, 0.000000e+000, 0.000000e+000, 0.000000e+000, 0.000000e+000
 2.840500e-001, 3.274757e+003,-8.407555e+002,-2.410684e+003, 5.474685e+001, 5.174483e+001,-9.979579e+001, 0.000000e+000, 0.000000e+000, 0.000000e+000, 0.000000e+000
 2.841000e-001, 3.257319e+003,-7.783831e+002,-2.455342e+003, 5.447629e+001, 5.020029e+001,-1.011456e+002, 0.000000e+000, 0.000000e+000, 0.000000e+000, 0.000000e+000
 2.841500e-001, 3.238598e+003,-7.159111e+002,-2.499187e+003, 5.418351e+001, 4.863704e+001,-1.024625e+002, 0.000000e+000, 0.000000e+000, 0.000000e+000, 0.000000e+000
 2.842000e-001, 3.218841e+003,-6.530149e+002,-2.542093e+003, 5.386939e+001, 4.705613e+001,-1.037456e+002, 0.000000e+000, 0.000000e+000, 0.000000e+000, 0.000000e+000
 2.842500e-001, 3.197822e+003,-5.900677e+002,-2.584149e+003, 5.353428e+001, 4.545889e+001,-1.049940e+002, 0.000000e+000, 0.000000e+000, 0.000000e+000, 0.000000e+000
 2.843000e-001, 3.175773e+003,-5.267376e+002,-2.625243e+003, 5.317909e+001, 4.384639e+001,-1.062068e+002, 0.000000e+000, 0.000000e+000, 0.000000e+000, 0.000000e+000
 2.843500e-001, 3.152487e+003,-4.634044e+002,-2.665452e+003, 5.280419e+001, 4.221992e+001,-1.073834e+002, 0.000000e+000, 0.000000e+000, 0.000000e+000, 0.000000e+000
 2.844000e-001, 3.128176e+003,-3.997304e+002,-2.704675e+003, 5.241054e+001, 4.058061e+001,-1.085227e+002, 0.000000e+000, 0.000000e+000, 0.000000e+000, 0.000000e+000
 2.844500e-001, 3.102656e+003,-3.361006e+002,-2.742979e+003, 5.199849e+001, 3.892970e+001,-1.096240e+002, 0.000000e+000, 0.000000e+000, 0.000000e+000, 0.000000e+000
 2.845000e-001, 3.076119e+003,-2.721734e+002,-2.780276e+003, 5.156907e+001, 3.726832e+001,-1.106865e+002, 0.000000e+000, 0.000000e+000, 0.000000e+000, 0.000000e+000
 2.845500e-001, 3.048400e+003,-2.083366e+002,-2.816621e+003, 5.112260e+001, 3.559769e+001,-1.117095e+002, 0.000000e+000, 0.000000e+000, 0.000000e+000, 0.000000e+000
 2.846000e-001, 3.019674e+003,-1.442472e+002,-2.851938e+003, 5.066014e+001, 3.391897e+001,-1.126920e+002, 0.000000e+000, 0.000000e+000, 0.000000e+000, 0.000000e+000
 2.846500e-001, 2.989796e+003,-8.029325e+001,-2.886271e+003, 5.018203e+001, 3.223328e+001,-1.136334e+002, 0.000000e+000, 0.000000e+000, 0.000000e+000, 0.000000e+000
 2.847000e-001, 2.958922e+003,-1.613269e+001,-2.919558e+003, 4.968932e+001, 3.054181e+001,-1.145330e+002, 0.000000e+000, 0.000000e+000, 0.000000e+000, 0.000000e+000
 2.847500e-001, 2.926928e+003, 4.784861e+001,-2.951833e+003, 4.918232e+001, 2.884560e+001,-1.153900e+002, 0.000000e+000, 0.000000e+000, 0.000000e+000, 0.000000e+000
 2.848000e-001, 2.893949e+003, 1.119892e+002,-2.983042e+003, 4.866211e+001, 2.714584e+001,-1.162036e+002, 0.000000e+000, 0.000000e+000, 0.000000e+000, 0.000000e+000
 2.848500e-001, 2.859886e+003, 1.759082e+002,-3.013211e+003, 4.812900e+001, 2.544350e+001,-1.169735e+002, 0.000000e+000, 0.000000e+000, 0.000000e+000, 0.000000e+000
 2.849000e-001, 2.824850e+003, 2.399378e+002,-3.042298e+003, 4.758401e+001, 2.373975e+001,-1.176986e+002, 0.000000e+000, 0.000000e+000, 0.000000e+000, 0.000000e+000
 2.849500e-001, 2.788765e+003, 3.037050e+002,-3.070319e+003, 4.702747e+001, 2.203547e+001,-1.183786e+002, 0.000000e+000, 0.000000e+000, 0.000000e+000, 0.000000e+000
 2.850000e-001, 2.751722e+003, 3.675328e+002,-3.097241e+003, 4.646038e+001, 2.033182e+001,-1.190127e+002, 0.000000e+000, 0.000000e+000, 0.000000e+000, 0.000000e+000
 2.850500e-001, 2.713668e+003, 4.310590e+002,-3.123073e+003, 4.588302e+001, 1.862958e+001,-1.196006e+002, 0.000000e+000, 0.000000e+000, 0.000000e+000, 0.000000e+000
 2.851000e-001, 2.674672e+003, 4.945946e+002,-3.147794e+003, 4.529637e+001, 1.692991e+001,-1.201414e+002, 0.000000e+000, 0.000000e+000, 0.000000e+000, 0.000000e+000
 2.851500e-001, 2.634702e+003, 5.577910e+002,-3.171400e+003, 4.470069e+001, 1.523345e+001,-1.206349e+002, 0.000000e+000, 0.000000e+000, 0.000000e+000, 0.000000e+000
 2.852000e-001, 2.593808e+003, 6.209444e+002,-3.193882e+003, 4.409691e+001, 1.354136e+001,-1.210804e+002, 0.000000e+000, 0.000000e+000, 0.000000e+000, 0.000000e+000
 2.852500e-001, 2.551980e+003, 6.837228e+002,-3.215229e+003, 4.348527e+001, 1.185416e+001,-1.214776e+002, 0.000000e+000, 0.000000e+000, 0.000000e+000, 0.000000e+000
 2.853000e-001, 2.509249e+003, 7.464047e+002,-3.235440e+003, 4.286663e+001, 1.017299e+001,-1.218260e+002, 0.000000e+000, 0.000000e+000, 0.000000e+000, 0.000000e+000
 2.853500e-001, 2.465623e+003, 8.086776e+002,-3.254498e+003, 4.224120e+001, 8.498260e+000,-1.221254e+002, 0.000000e+000, 0.000000e+000, 0.000000e+000, 0.000000e+000
 2.854000e-001, 2.421115e+003, 8.707990e+002,-3.272408e+003, 4.160979e+001, 6.831071e+000,-1.223751e+002, 0.000000e+000, 0.000000e+000, 0.000000e+000, 0.000000e+000
 2.854500e-001, 2.375753e+003, 9.324795e+002,-3.289148e+003, 4.097256e+001, 5.171716e+000,-1.225752e+002, 0.000000e+000, 0.000000e+000, 0.000000e+000, 0.000000e+000
 2.855000e-001, 2.329533e+003, 9.939528e+002,-3.304732e+003, 4.033025e+001, 3.521270e+000,-1.227251e+002, 0.000000e+000, 0.000000e+000, 0.000000e+000, 0.000000e+000
 2.855500e-001, 2.282500e+003, 1.054955e+003,-3.319131e+003, 3.968301e+001, 1.879904e+000,-1.228248e+002, 0.000000e+000, 0.000000e+000, 0.000000e+000, 0.000000e+000
 2.856000e-001, 2.234635e+003, 1.115693e+003,-3.332365e+003, 3.903146e+001, 2.486616e-001,-1.228739e+002, 0.000000e+000, 0.000000e+000, 0.000000e+000, 0.000000e+000
 2.856500e-001, 2.186000e+003, 1.175932e+003,-3.344402e+003, 3.837572e+001,-1.372404e+000,-1.228724e+002, 0.000000e+000, 0.000000e+000, 0.000000e+000, 0.000000e+000
 2.857000e-001, 2.136559e+003, 1.235849e+003,-3.355266e+003, 3.771635e+001,-2.982282e+000,-1.228201e+002, 0.000000e+000, 0.000000e+000, 0.000000e+000, 0.000000e+000
 2.857500e-001, 2.086390e+003, 1.295240e+003,-3.364924e+003, 3.705342e+001,-4.581034e+000,-1.227170e+002, 0.000000e+000, 0.000000e+000, 0.000000e+000, 0.000000e+000
 2.858000e-001, 2.035445e+003, 1.354252e+003,-3.373403e+003, 3.638739e+001,-6.167689e+000,-1.225630e+002, 0.000000e+000, 0.000000e+000, 0.000000e+000, 0.000000e+000
 2.858500e-001, 1.983814e+003, 1.412712e+003,-3.380666e+003, 3.571829e+001,-7.742410e+000,-1.223580e+002, 0.000000e+000, 0.000000e+000, 0.000000e+000, 0.000000e+000
 2.859000e-001, 1.931440e+003, 1.470735e+003,-3.386747e+003, 3.504649e+001,-9.304270e+000,-1.221022e+002, 0.000000e+000, 0.000000e+000, 0.000000e+000, 0.000000e+000
 2.859500e-001, 1.878421e+003, 1.528182e+003,-3.391605e+003, 3.437201e+001,-1.085353e+001,-1.217956e+002, 0.000000e+000, 0.000000e+000, 0.000000e+000, 0.000000e+000
 2.860000e-001, 1.824692e+003, 1.585135e+003,-3.395278e+003, 3.369509e+001,-1.238931e+001,-1.214384e+002, 0.000000e+000, 0.000000e+000, 0.000000e+000, 0.000000e+000
 2.860500e-001, 1.770361e+003, 1.641489e+003,-3.397725e+003, 3.301571e+001,-1.391194e+001,-1.210306e+002, 0.000000e+000, 0.000000e+000, 0.000000e+000, 0.000000e+000
 2.861000e-001, 1.715356e+003, 1.697291e+003,-3.398984e+003, 3.233404e+001,-1.542061e+001,-1.205726e+002, 0.000000e+000, 0.000000e+000, 0.000000e+000, 0.000000e+000
 2.861500e-001, 1.659791e+003, 1.752473e+003,-3.399015e+003, 3.165002e+001,-1.691573e+001,-1.200645e+002, 0.000000e+000, 0.000000e+000, 0.000000e+000, 0.000000e+000
 2.862000e-001, 1.603590e+003, 1.807045e+003,-3.397857e+003, 3.096371e+001,-1.839651e+001,-1.195066e+002, 0.000000e+000, 0.000000e+000, 0.000000e+000, 0.000000e+000
 2.862500e-001, 1.546869e+003, 1.860977e+003,-3.395471e+003, 3.027504e+001,-1.986345e+001,-1.188993e+002, 0.000000e+000, 0.000000e+000, 0.000000e+000, 0.000000e+000
 2.863000e-001, 1.489553e+003, 1.914243e+003,-3.391897e+003, 2.958397e+001,-2.131581e+001,-1.182428e+002, 0.000000e+000, 0.000000e+000, 0.000000e+000, 0.000000e+000
 2.863500e-001, 1.431758e+003, 1.966849e+003,-3.387098e+003, 2.889040e+001,-2.275412e+001,-1.175378e+002, 0.000000e+000, 0.000000e+000, 0.000000e+000, 0.000000e+000
 2.864000e-001, 1.373409e+003, 2.018733e+003,-3.381112e+003, 2.819419e+001,-2.417770e+001,-1.167844e+002, 0.000000e+000, 0.000000e+000, 0.000000e+000, 0.000000e+000
 2.864500e-001, 1.314623e+003, 2.069940e+003,-3.373906e+003, 2.749524e+001,-2.558714e+001,-1.159834e+002, 0.000000e+000, 0.000000e+000, 0.000000e+000, 0.000000e+000
 2.865000e-001, 1.255326e+003, 2.120369e+003,-3.365516e+003, 2.679333e+001,-2.698179e+001,-1.151350e+002, 0.000000e+000, 0.000000e+000, 0.000000e+000, 0.000000e+000
 2.865500e-001, 1.195633e+003, 2.170103e+003,-3.355912e+003, 2.608833e+001,-2.836228e+001,-1.142400e+002, 0.000000e+000, 0.000000e+000, 0.000000e+000, 0.000000e+000
 2.866000e-001, 1.135473e+003, 2.219006e+003,-3.345130e+003, 2.537994e+001,-2.972801e+001,-1.132990e+002, 0.000000e+000, 0.000000e+000, 0.000000e+000, 0.000000e+000
 2.866500e-001, 1.074957e+003, 2.267197e+003,-3.333141e+003, 2.466802e+001,-3.107961e+001,-1.123124e+002, 0.000000e+000, 0.000000e+000, 0.000000e+000, 0.000000e+000
 2.867000e-001, 1.014020e+003, 2.314505e+003,-3.319981e+003, 2.395222e+001,-3.241656e+001,-1.112811e+002, 0.000000e+000, 0.000000e+000, 0.000000e+000, 0.000000e+000
 2.867500e-001, 9.527684e+002, 2.361085e+003,-3.305624e+003, 2.323238e+001,-3.373947e+001,-1.102056e+002, 0.000000e+000, 0.000000e+000, 0.000000e+000, 0.000000e+000
 2.868000e-001, 8.911425e+002, 2.406732e+003,-3.290105e+003, 2.250810e+001,-3.504786e+001,-1.090868e+002, 0.000000e+000, 0.000000e+000, 0.000000e+000, 0.000000e+000
 2.868500e-001, 8.292419e+002, 2.451633e+003,-3.273400e+003, 2.177920e+001,-3.634235e+001,-1.079254e+002, 0.000000e+000, 0.000000e+000, 0.000000e+000, 0.000000e+000
 2.869000e-001, 7.670150e+002, 2.495555e+003,-3.255542e+003, 2.104526e+001,-3.762252e+001,-1.067221e+002, 0.000000e+000, 0.000000e+000, 0.000000e+000, 0.000000e+000
 2.869500e-001, 7.045536e+002, 2.538714e+003,-3.236512e+003, 2.030609e+001,-3.888894e+001,-1.054778e+002, 0.000000e+000, 0.000000e+000, 0.000000e+000, 0.000000e+000
 2.870000e-001, 6.418146e+002, 2.580848e+003,-3.216342e+003, 1.956124e+001,-4.014125e+001,-1.041934e+002, 0.000000e+000, 0.000000e+000, 0.000000e+000, 0.000000e+000
 2.870500e-001, 5.788814e+002, 2.622202e+003,-3.195014e+003, 1.881053e+001,-4.138000e+001,-1.028696e+002, 0.000000e+000, 0.000000e+000, 0.000000e+000, 0.000000e+000
 2.871000e-001, 5.157196e+002, 2.662490e+003,-3.172558e+003, 1.805349e+001,-4.260485e+001,-1.015075e+002, 0.000000e+000, 0.000000e+000, 0.000000e+000, 0.000000e+000
 2.871500e-001, 4.524040e+002, 2.701980e+003,-3.148962e+003, 1.728995e+001,-4.381632e+001,-1.001078e+002, 0.000000e+000, 0.000000e+000, 0.000000e+000, 0.000000e+000
 2.872000e-001, 3.889093e+002, 2.740365e+003,-3.124254e+003, 1.651943e+001,-4.501413e+001,-9.867159e+001, 0.000000e+000, 0.000000e+000, 0.000000e+000, 0.000000e+000
 2.872500e-001, 3.253012e+002, 2.777935e+003,-3.098423e+003, 1.574179e+001,-4.619871e+001,-9.719975e+001, 0.000000e+000, 0.000000e+000, 0.000000e+000, 0.000000e+000
 2.873000e-001, 2.615638e+002, 2.814361e+003,-3.071497e+003, 1.495655e+001,-4.736985e+001,-9.569327e+001, 0.000000e+000, 0.000000e+000, 0.000000e+000, 0.000000e+000
 2.873500e-001, 1.977534e+002, 2.849956e+003,-3.043467e+003, 1.416359e+001,-4.852791e+001,-9.415312e+001, 0.000000e+000, 0.000000e+000, 0.000000e+000, 0.000000e+000
 2.874000e-001, 1.338634e+002, 2.884373e+003,-3.014361e+003, 1.336246e+001,-4.967272e+001,-9.258033e+001, 0.000000e+000, 0.000000e+000, 0.000000e+000, 0.000000e+000
 2.874500e-001, 6.994124e+001, 2.917941e+003,-2.984173e+003, 1.255305e+001,-5.080457e+001,-9.097588e+001, 0.000000e+000, 0.000000e+000, 0.000000e+000, 0.000000e+000
 2.875000e-001, 5.989200e+000, 2.950300e+003,-2.952929e+003, 1.173497e+001,-5.192331e+001,-8.934079e+001, 0.000000e+000, 0.000000e+000, 0.000000e+000, 0.000000e+000
 2.875500e-001,-5.795430e+001, 2.981793e+003,-2.920625e+003, 1.090812e+001,-5.302918e+001,-8.767610e+001, 0.000000e+000, 0.000000e+000, 0.000000e+000, 0.000000e+000
 2.876000e-001,-1.218782e+002, 3.012049e+003,-2.887287e+003, 1.007215e+001,-5.412205e+001,-8.598283e+001, 0.000000e+000, 0.000000e+000, 0.000000e+000, 0.000000e+000
 2.876500e-001,-1.857525e+002, 3.041420e+003,-2.852913e+003, 9.227007e+000,-5.520208e+001,-8.426202e+001, 0.000000e+000, 0.000000e+000, 0.000000e+000, 0.000000e+000
 2.877000e-001,-2.495581e+002, 3.069530e+003,-2.817530e+003, 8.372398e+000,-5.626915e+001,-8.251471e+001, 0.000000e+000, 0.000000e+000, 0.000000e+000, 0.000000e+000
 2.877500e-001,-3.132729e+002, 3.096737e+003,-2.781134e+003, 7.508307e+000,-5.732336e+001,-8.074194e+001, 0.000000e+000, 0.000000e+000, 0.000000e+000, 0.000000e+000
 2.878000e-001,-3.768704e+002, 3.122660e+003,-2.743756e+003, 6.634501e+000,-5.836460e+001,-7.894473e+001, 0.000000e+000, 0.000000e+000, 0.000000e+000, 0.000000e+000
 2.878500e-001,-4.403356e+002, 3.147662e+003,-2.705391e+003, 5.751012e+000,-5.939288e+001,-7.712414e+001, 0.000000e+000, 0.000000e+000, 0.000000e+000, 0.000000e+000
 2.879000e-001,-5.036356e+002, 3.171362e+003,-2.666072e+003, 4.857679e+000,-6.040811e+001,-7.528115e+001, 0.000000e+000, 0.000000e+000, 0.000000e+000, 0.000000e+000
 2.879500e-001,-5.667617e+002, 3.194124e+003,-2.625792e+003, 3.954577e+000,-6.141021e+001,-7.341684e+001, 0.000000e+000, 0.000000e+000, 0.000000e+000, 0.000000e+000
 2.880000e-001,-6.296752e+002, 3.215567e+003,-2.584588e+003, 3.041627e+000,-6.239912e+001,-7.153217e+001, 0.000000e+000, 0.000000e+000, 0.000000e+000, 0.000000e+000
 2.880500e-001,-6.923731e+002, 3.236053e+003,-2.542452e+003, 2.118954e+000,-6.337464e+001,-6.962817e+001, 0.000000e+000, 0.000000e+000, 0.000000e+000, 0.000000e+000
 2.881000e-001,-7.548120e+002, 3.255208e+003,-2.499422e+003, 1.186561e+000,-6.433672e+001,-6.770580e+001, 0.000000e+000, 0.000000e+000, 0.000000e+000, 0.000000e+000
 2.881500e-001,-8.169932e+002, 3.273390e+003,-2.455489e+003, 2.446257e-001,-6.528510e+001,-6.576609e+001, 0.000000e+000, 0.000000e+000, 0.000000e+000, 0.000000e+000
 2.882000e-001,-8.788698e+002, 3.290230e+003,-2.410695e+003,-7.067624e-001,-6.621971e+001,-6.380992e+001, 0.000000e+000, 0.000000e+000, 0.000000e+000, 0.000000e+000
 2.882500e-001,-9.404467e+002, 3.306079e+003,-2.365029e+003,-1.667372e+000,-6.714020e+001,-6.183831e+001, 0.000000e+000, 0.000000e+000, 0.000000e+000, 0.000000e+000
 2.883000e-001,-1.001674e+003, 3.320580e+003,-2.318536e+003,-2.637025e+000,-6.804649e+001,-5.985212e+001, 0.000000e+000, 0.000000e+000, 0.000000e+000, 0.000000e+000
 2.883500e-001,-1.062560e+003, 3.334073e+003,-2.271201e+003,-3.615434e+000,-6.893817e+001,-5.785232e+001, 0.000000e+000, 0.000000e+000, 0.000000e+000, 0.000000e+000
 2.884000e-001,-1.123053e+003, 3.346214e+003,-2.223075e+003,-4.602334e+000,-6.981515e+001,-5.583973e+001, 0.000000e+000, 0.000000e+000, 0.000000e+000, 0.000000e+000
 2.884500e-001,-1.183162e+003, 3.357330e+003,-2.174140e+003,-5.597381e+000,-7.067690e+001,-5.381528e+001, 0.000000e+000, 0.000000e+000, 0.000000e+000, 0.000000e+000
 2.885000e-001,-1.242835e+003, 3.367092e+003,-2.124452e+003,-6.600222e+000,-7.152335e+001,-5.177975e+001, 0.000000e+000, 0.000000e+000, 0.000000e+000, 0.000000e+000
 2.885500e-001,-1.302082e+003, 3.375815e+003,-2.073987e+003,-7.610460e+000,-7.235390e+001,-4.973404e+001, 0.000000e+000, 0.000000e+000, 0.000000e+000, 0.000000e+000
 2.886000e-001,-1.360852e+003, 3.383185e+003,-2.022806e+003,-8.627655e+000,-7.316843e+001,-4.767885e+001, 0.000000e+000, 0.000000e+000, 0.000000e+000, 0.000000e+000
 2.886500e-001,-1.419155e+003, 3.389501e+003,-1.970884e+003,-9.651357e+000,-7.396628e+001,-4.561504e+001, 0.000000e+000, 0.000000e+000, 0.000000e+000, 0.000000e+000
 2.887000e-001,-1.476939e+003, 3.394467e+003,-1.918285e+003,-1.068104e+001,-7.474733e+001,-4.354329e+001, 0.000000e+000, 0.000000e+000, 0.000000e+000, 0.000000e+000
 2.887500e-001,-1.534214e+003, 3.398366e+003,-1.864980e+003,-1.171622e+001,-7.551083e+001,-4.146439e+001, 0.000000e+000, 0.000000e+000, 0.000000e+000, 0.000000e+000
 2.888000e-001,-1.590932e+003, 3.400920e+003,-1.811039e+003,-1.275627e+001,-7.625663e+001,-3.937896e+001, 0.000000e+000, 0.000000e+000, 0.000000e+000, 0.000000e+000
 2.888500e-001,-1.647100e+003, 3.402396e+003,-1.756427e+003,-1.380067e+001,-7.698393e+001,-3.728777e+001, 0.000000e+000, 0.000000e+000, 0.000000e+000, 0.000000e+000
 2.889000e-001,-1.702672e+003, 3.402534e+003,-1.701221e+003,-1.484873e+001,-7.769257e+001,-3.519136e+001, 0.000000e+000, 0.000000e+000, 0.000000e+000, 0.000000e+000
 2.889500e-001,-1.757652e+003, 3.401583e+003,-1.645381e+003,-1.589986e+001,-7.838168e+001,-3.309045e+001, 0.000000e+000, 0.000000e+000, 0.000000e+000, 0.000000e+000
 2.890000e-001,-1.811999e+003, 3.399305e+003,-1.588989e+003,-1.695332e+001,-7.905106e+001,-3.098555e+001, 0.000000e+000, 0.000000e+000, 0.000000e+000, 0.000000e+000
 2.890500e-001,-1.865715e+003, 3.395928e+003,-1.532001e+003,-1.800849e+001,-7.969981e+001,-2.887731e+001, 0.000000e+000, 0.000000e+000, 0.000000e+000, 0.000000e+000
 2.891000e-001,-1.918762e+003, 3.391236e+003,-1.474504e+003,-1.906456e+001,-8.032768e+001,-2.676621e+001, 0.000000e+000, 0.000000e+000, 0.000000e+000, 0.000000e+000
 2.891500e-001,-1.971137e+003, 3.385437e+003,-1.416450e+003,-2.012087e+001,-8.093375e+001,-2.465284e+001, 0.000000e+000, 0.000000e+000, 0.000000e+000, 0.000000e+000
 2.892000e-001,-2.022809e+003, 3.378336e+003,-1.357931e+003,-2.117657e+001,-8.151776e+001,-2.253763e+001, 0.000000e+000, 0.000000e+000, 0.000000e+000, 0.000000e+000
 2.892500e-001,-2.073770e+003, 3.370123e+003,-1.298895e+003,-2.223096e+001,-8.207873e+001,-2.042112e+001, 0.000000e+000, 0.000000e+000, 0.000000e+000, 0.000000e+000
 2.893000e-001,-2.123994e+003, 3.360624e+003,-1.239436e+003,-2.328315e+001,-8.261636e+001,-1.830372e+001, 0.000000e+000, 0.000000e+000, 0.000000e+000, 0.000000e+000
 2.893500e-001,-2.173469e+003, 3.350007e+003,-1.179502e+003,-2.433242e+001,-8.312968e+001,-1.618590e+001, 0.000000e+000, 0.000000e+000, 0.000000e+000, 0.000000e+000
 2.894000e-001,-2.222174e+003, 3.338122e+003,-1.119189e+003,-2.537785e+001,-8.361835e+001,-1.406804e+001, 0.000000e+000, 0.000000e+000, 0.000000e+000, 0.000000e+000
 2.894500e-001,-2.270092e+003, 3.325116e+003,-1.058443e+003,-2.641869e+001,-8.408138e+001,-1.195056e+001, 0.000000e+000, 0.000000e+000, 0.000000e+000, 0.000000e+000
 2.895000e-001,-2.317209e+003, 3.310861e+003,-9.973620e+002,-2.745399e+001,-8.451843e+001,-9.833830e+000, 0.000000e+000, 0.000000e+000, 0.000000e+000, 0.000000e+000
 2.895500e-001,-2.363503e+003, 3.295485e+003,-9.358917e+002,-2.848300e+001,-8.492848e+001,-7.718211e+000, 0.000000e+000, 0.000000e+000, 0.000000e+000, 0.000000e+000
 2.896000e-001,-2.408967e+003, 3.278880e+003,-8.741295e+002,-2.950476e+001,-8.531120e+001,-5.604055e+000, 0.000000e+000, 0.000000e+000, 0.000000e+000, 0.000000e+000
 2.896500e-001,-2.453571e+003, 3.261154e+003,-8.120224e+002,-3.051849e+001,-8.566555e+001,-3.491681e+000, 0.000000e+000, 0.000000e+000, 0.000000e+000, 0.000000e+000
 2.897000e-001,-2.497316e+003, 3.242223e+003,-7.496671e+002,-3.152324e+001,-8.599119e+001,-1.381432e+000, 0.000000e+000, 0.000000e+000, 0.000000e+000, 0.000000e+000
 2.897500e-001,-2.540167e+003, 3.222173e+003,-6.870122e+002,-3.251823e+001,-8.628710e+001, 7.264171e-001, 0.000000e+000, 0.000000e+000, 0.000000e+000, 0.000000e+000
 2.898000e-001,-2.582131e+003, 3.200942e+003,-6.241525e+002,-3.350249e+001,-8.655295e+001, 2.831525e+000, 0.000000e+000, 0.000000e+000, 0.000000e+000, 0.000000e+000
 2.898500e-001,-2.623168e+003, 3.178596e+003,-5.610391e+002,-3.447527e+001,-8.678772e+001, 4.933650e+000, 0.000000e+000, 0.000000e+000, 0.000000e+000, 0.000000e+000
 2.899000e-001,-2.663292e+003, 3.155094e+003,-4.977643e+002,-3.543560e+001,-8.699108e+001, 7.032452e+000, 0.000000e+000, 0.000000e+000, 0.000000e+000, 0.000000e+000
 2.899500e-001,-2.702457e+003, 3.130485e+003,-4.342827e+002,-3.638275e+001,-8.716206e+001, 9.127714e+000, 0.000000e+000, 0.000000e+000, 0.000000e+000, 0.000000e+000
 2.900000e-001,-2.740684e+003, 3.104746e+003,-3.706826e+002,-3.731575e+001,-8.730033e+001, 1.121909e+001, 0.000000e+000, 0.000000e+000, 0.000000e+000, 0.000000e+000
 2.900500e-001,-2.777920e+003, 3.077908e+003,-3.069231e+002,-3.823389e+001,-8.740495e+001, 1.330639e+001, 0.000000e+000, 0.000000e+000, 0.000000e+000, 0.000000e+000
 2.901000e-001,-2.814196e+003, 3.049969e+003,-2.430878e+002,-3.913624e+001,-8.747563e+001, 1.538924e+001, 0.000000e+000, 0.000000e+000, 0.000000e+000, 0.000000e+000
 2.901500e-001,-2.849451e+003, 3.020941e+003,-1.791413e+002,-4.002211e+001,-8.751147e+001, 1.746747e+001, 0.000000e+000, 0.000000e+000, 0.000000e+000, 0.000000e+000
 2.902000e-001,-2.883723e+003, 2.990840e+003,-1.151614e+002,-4.089058e+001,-8.751218e+001, 1.954070e+001, 0.000000e+000, 0.000000e+000, 0.000000e+000, 0.000000e+000
 2.902500e-001,-2.916947e+003, 2.959664e+003,-5.111869e+001,-4.174101e+001,-8.747697e+001, 2.160875e+001, 0.000000e+000, 0.000000e+000, 0.000000e+000, 0.000000e+000
 2.903000e-001,-2.949166e+003, 2.927445e+003, 1.291535e+001,-4.257254e+001,-8.740555e+001, 2.367123e+001, 0.000000e+000, 0.000000e+000, 0.000000e+000, 0.000000e+000
 2.903500e-001,-2.980310e+003, 2.894165e+003, 7.696326e+001,-4.338452e+001,-8.729718e+001, 2.572795e+001, 0.000000e+000, 0.000000e+000, 0.000000e+000, 0.000000e+000
 2.904000e-001,-3.010431e+003, 2.859875e+003, 1.409608e+002,-4.417614e+001,-8.715165e+001, 2.777850e+001, 0.000000e+000, 0.000000e+000, 0.000000e+000, 0.000000e+000
 2.904500e-001,-3.039451e+003, 2.824539e+003, 2.049231e+002,-4.494683e+001,-8.696828e+001, 2.982268e+001, 0.000000e+000, 0.000000e+000, 0.000000e+000, 0.000000e+000
 2.905000e-001,-3.067430e+003, 2.788225e+003, 2.687937e+002,-4.569580e+001,-8.674690e+001, 3.186004e+001, 0.000000e+000, 0.000000e+000, 0.000000e+000, 0.000000e+000
 2.905500e-001,-3.094285e+003, 2.750886e+003, 3.325799e+002,-4.642252e+001,-8.648693e+001, 3.389038e+001, 0.000000e+000, 0.000000e+000, 0.000000e+000, 0.000000e+000
 2.906000e-001,-3.120081e+003, 2.712601e+003, 3.962333e+002,-4.712627e+001,-8.618826e+001, 3.591321e+001, 0.000000e+000, 0.000000e+000, 0.000000e+000, 0.000000e+000
 2.906500e-001,-3.144732e+003, 2.673311e+003, 4.597531e+002,-4.780656e+001,-8.585037e+001, 3.792831e+001, 0.000000e+000, 0.000000e+000, 0.000000e+000, 0.000000e+000
 2.907000e-001,-3.168308e+003, 2.633109e+003, 5.230993e+002,-4.846275e+001,-8.547324e+001, 3.993515e+001, 0.000000e+000, 0.000000e+000, 0.000000e+000, 0.000000e+000
 2.907500e-001,-3.190720e+003, 2.591926e+003, 5.862629e+002,-4.909437e+001,-8.505645e+001, 4.193349e+001, 0.000000e+000, 0.000000e+000, 0.000000e+000, 0.000000e+000
 2.908000e-001,-3.212042e+003, 2.549866e+003, 6.492126e+002,-4.970087e+001,-8.460002e+001, 4.392276e+001, 0.000000e+000, 0.000000e+000, 0.000000e+000, 0.000000e+000
 2.908500e-001,-3.232181e+003, 2.506849e+003, 7.119310e+002,-5.028183e+001,-8.410368e+001, 4.590267e+001, 0.000000e+000, 0.000000e+000, 0.000000e+000, 0.000000e+000
 2.909000e-001,-3.251219e+003, 2.462990e+003, 7.743953e+002,-5.083677e+001,-8.356748e+001, 4.787265e+001, 0.000000e+000, 0.000000e+000, 0.000000e+000, 0.000000e+000
 2.909500e-001,-3.269057e+003, 2.418202e+003, 8.365800e+002,-5.136532e+001,-8.299128e+001, 4.983234e+001, 0.000000e+000, 0.000000e+000, 0.000000e+000, 0.000000e+000
 2.910000e-001,-3.285781e+003, 2.372609e+003, 8.984706e+002,-5.186707e+001,-8.237521e+001, 5.178114e+001, 0.000000e+000, 0.000000e+000, 0.000000e+000, 0.000000e+000
 2.910500e-001,-3.301293e+003, 2.326114e+003, 9.600341e+002,-5.234173e+001,-8.171924e+001, 5.371865e+001, 0.000000e+000, 0.000000e+000, 0.000000e+000, 0.000000e+000
 2.911000e-001,-3.315679e+003, 2.278851e+003, 1.021264e+003,-5.278896e+001,-8.102357e+001, 5.564424e+001, 0.000000e+000, 0.000000e+000, 0.000000e+000, 0.000000e+000
 2.911500e-001,-3.328841e+003, 2.230717e+003, 1.082119e+003,-5.320852e+001,-8.028830e+001, 5.755746e+001, 0.000000e+000, 0.000000e+000, 0.000000e+000, 0.000000e+000
 2.912000e-001,-3.340868e+003, 2.181852e+003, 1.142602e+003,-5.360015e+001,-7.951372e+001, 5.945764e+001, 0.000000e+000, 0.000000e+000, 0.000000e+000, 0.000000e+000
 2.912500e-001,-3.351661e+003, 2.132149e+003, 1.202664e+003,-5.396367e+001,-7.870002e+001, 6.134429e+001, 0.000000e+000, 0.000000e+000, 0.000000e+000, 0.000000e+000
 2.913000e-001,-3.361311e+003, 2.081752e+003, 1.262313e+003,-5.429893e+001,-7.784759e+001, 6.321669e+001, 0.000000e+000, 0.000000e+000, 0.000000e+000, 0.000000e+000
 2.913500e-001,-3.369720e+003, 2.030552e+003, 1.321498e+003,-5.460579e+001,-7.695674e+001, 6.507433e+001, 0.000000e+000, 0.000000e+000, 0.000000e+000, 0.000000e+000
 2.914000e-001,-3.376977e+003, 1.978697e+003, 1.380230e+003,-5.488417e+001,-7.602794e+001, 6.691644e+001, 0.000000e+000, 0.000000e+000, 0.000000e+000, 0.000000e+000
 2.914500e-001,-3.382989e+003, 1.926073e+003, 1.438453e+003,-5.513400e+001,-7.506162e+001, 6.874244e+001, 0.000000e+000, 0.000000e+000, 0.000000e+000, 0.000000e+000
 2.915000e-001,-3.387844e+003, 1.872833e+003, 1.496186e+003,-5.535531e+001,-7.405833e+001, 7.055157e+001, 0.000000e+000, 0.000000e+000, 0.000000e+000, 0.000000e+000
 2.915500e-001,-3.391449e+003, 1.818863e+003, 1.553366e+003,-5.554807e+001,-7.301862e+001, 7.234319e+001, 0.000000e+000, 0.000000e+000, 0.000000e+000, 0.000000e+000
 2.916000e-001,-3.393892e+003, 1.764315e+003, 1.610018e+003,-5.571239e+001,-7.194312e+001, 7.411652e+001, 0.000000e+000, 0.000000e+000, 0.000000e+000, 0.000000e+000
 2.916500e-001,-3.395086e+003, 1.709075e+003, 1.666075e+003,-5.584830e+001,-7.083247e+001, 7.587085e+001, 0.000000e+000, 0.000000e+000, 0.000000e+000, 0.000000e+000
 2.917000e-001,-3.395113e+003, 1.653297e+003, 1.721565e+003,-5.595601e+001,-6.968738e+001, 7.760540e+001, 0.000000e+000, 0.000000e+000, 0.000000e+000, 0.000000e+000
 2.917500e-001,-3.393892e+003, 1.596868e+003, 1.776420e+003,-5.603559e+001,-6.850862e+001, 7.931941e+001, 0.000000e+000, 0.000000e+000, 0.000000e+000, 0.000000e+000
 2.918000e-001,-3.391504e+003, 1.539941e+003, 1.830670e+003,-5.608735e+001,-6.729696e+001, 8.101208e+001, 0.000000e+000, 0.000000e+000, 0.000000e+000, 0.000000e+000
 2.918500e-001,-3.387869e+003, 1.482403e+003, 1.884246e+003,-5.611141e+001,-6.605326e+001, 8.268262e+001, 0.000000e+000, 0.000000e+000, 0.000000e+000, 0.000000e+000
 2.919000e-001,-3.383067e+003, 1.424408e+003, 1.937179e+003,-5.610814e+001,-6.477837e+001, 8.433021e+001, 0.000000e+000, 0.000000e+000, 0.000000e+000, 0.000000e+000
 2.919500e-001,-3.377024e+003, 1.365845e+003, 1.989401e+003,-5.607775e+001,-6.347324e+001, 8.595402e+001, 0.000000e+000, 0.000000e+000, 0.000000e+000, 0.000000e+000
 2.920000e-001,-3.369813e+003, 1.306864e+003, 2.040943e+003,-5.602066e+001,-6.213876e+001, 8.755322e+001, 0.000000e+000, 0.000000e+000, 0.000000e+000, 0.000000e+000
 2.920500e-001,-3.361370e+003, 1.247360e+003, 2.091737e+003,-5.593715e+001,-6.077597e+001, 8.912695e+001, 0.000000e+000, 0.000000e+000, 0.000000e+000, 0.000000e+000
 2.921000e-001,-3.351761e+003, 1.187479e+003, 2.141814e+003,-5.582770e+001,-5.938583e+001, 9.067439e+001, 0.000000e+000, 0.000000e+000, 0.000000e+000, 0.000000e+000
 2.921500e-001,-3.340928e+003, 1.127118e+003, 2.191110e+003,-5.569263e+001,-5.796944e+001, 9.219463e+001, 0.000000e+000, 0.000000e+000, 0.000000e+000, 0.000000e+000
 2.922000e-001,-3.328934e+003, 1.066422e+003, 2.239652e+003,-5.553251e+001,-5.652781e+001, 9.368686e+001, 0.000000e+000, 0.000000e+000, 0.000000e+000, 0.000000e+000
 2.922500e-001,-3.315727e+003, 1.005292e+003, 2.287378e+003,-5.534771e+001,-5.506208e+001, 9.515017e+001, 0.000000e+000, 0.000000e+000, 0.000000e+000, 0.000000e+000
 2.923000e-001,-3.301365e+003, 9.438676e+002, 2.334316e+003,-5.513883e+001,-5.357332e+001, 9.658373e+001, 0.000000e+000, 0.000000e+000, 0.000000e+000, 0.000000e+000
 2.923500e-001,-3.285801e+003, 8.820541e+002, 2.380407e+003,-5.490630e+001,-5.206272e+001, 9.798663e+001, 0.000000e+000, 0.000000e+000, 0.000000e+000, 0.000000e+000
 2.924000e-001,-3.269089e+003, 8.199896e+002, 2.425674e+003,-5.465077e+001,-5.053137e+001, 9.935804e+001, 0.000000e+000, 0.000000e+000, 0.000000e+000, 0.000000e+000
 2.924500e-001,-3.251192e+003, 7.575814e+002, 2.470064e+003,-5.437271e+001,-4.898049e+001, 1.006970e+002, 0.000000e+000, 0.000000e+000, 0.000000e+000, 0.000000e+000
 2.925000e-001,-3.232155e+003, 6.949648e+002, 2.513595e+003,-5.407283e+001,-4.741121e+001, 1.020028e+002, 0.000000e+000, 0.000000e+000, 0.000000e+000, 0.000000e+000
 2.925500e-001,-3.211948e+003, 6.320507e+002, 2.556222e+003,-5.375162e+001,-4.582476e+001, 1.032745e+002, 0.000000e+000, 0.000000e+000, 0.000000e+000, 0.000000e+000
 2.926000e-001,-3.190612e+003, 5.689711e+002, 2.597957e+003,-5.340982e+001,-4.422229e+001, 1.045112e+002, 0.000000e+000, 0.000000e+000, 0.000000e+000, 0.000000e+000
 2.926500e-001,-3.168124e+003, 5.056404e+002, 2.638760e+003,-5.304797e+001,-4.260503e+001, 1.057121e+002, 0.000000e+000, 0.000000e+000, 0.000000e+000, 0.000000e+000
 2.927000e-001,-3.144519e+003, 4.421875e+002, 2.678639e+003,-5.266682e+001,-4.097414e+001, 1.068764e+002, 0.000000e+000, 0.000000e+000, 0.000000e+000, 0.000000e+000
 2.927500e-001,-3.119782e+003, 3.785299e+002, 2.717561e+003,-5.226694e+001,-3.933086e+001, 1.080033e+002, 0.000000e+000, 0.000000e+000, 0.000000e+000, 0.000000e+000
 2.928000e-001,-3.093942e+003, 3.147938e+002, 2.755526e+003,-5.184910e+001,-3.767632e+001, 1.090918e+002, 0.000000e+000, 0.000000e+000, 0.000000e+000, 0.000000e+000
 2.928500e-001,-3.066991e+003, 2.508994e+002, 2.792511e+003,-5.141390e+001,-3.601176e+001, 1.101413e+002, 0.000000e+000, 0.000000e+000, 0.000000e+000, 0.000000e+000
 2.929000e-001,-3.038953e+003, 1.869703e+002, 2.828510e+003,-5.096211e+001,-3.433831e+001, 1.111510e+002, 0.000000e+000, 0.000000e+000, 0.000000e+000, 0.000000e+000
 2.929500e-001,-3.009826e+003, 1.229295e+002, 2.863506e+003,-5.049433e+001,-3.265716e+001, 1.121199e+002, 0.000000e+000, 0.000000e+000, 0.000000e+000, 0.000000e+000
 2.930000e-001,-2.979629e+003, 5.889799e+001, 2.897486e+003,-5.001136e+001,-3.096943e+001, 1.130476e+002, 0.000000e+000, 0.000000e+000, 0.000000e+000, 0.000000e+000
 2.930500e-001,-2.948367e+003,-5.199008e+000, 2.930444e+003,-4.951378e+001,-2.927627e+001, 1.139331e+002, 0.000000e+000, 0.000000e+000, 0.000000e+000, 0.000000e+000
 2.931000e-001,-2.916056e+003,-6.924234e+001, 2.962357e+003,-4.900239e+001,-2.757877e+001, 1.147759e+002, 0.000000e+000, 0.000000e+000, 0.000000e+000, 0.000000e+000
 2.931500e-001,-2.882704e+003,-1.333051e+002, 2.993229e+003,-4.847778e+001,-2.587805e+001, 1.155751e+002, 0.000000e+000, 0.000000e+000, 0.000000e+000, 0.000000e+000
 2.932000e-001,-2.848324e+003,-1.972699e+002, 3.023029e+003,-4.794071e+001,-2.417514e+001, 1.163303e+002, 0.000000e+000, 0.000000e+000, 0.000000e+000, 0.000000e+000
 2.932500e-001,-2.812930e+003,-2.612082e+002, 3.051771e+003,-4.739178e+001,-2.247111e+001, 1.170405e+002, 0.000000e+000, 0.000000e+000, 0.000000e+000, 0.000000e+000
 2.933000e-001,-2.776530e+003,-3.250042e+002, 3.079417e+003,-4.683173e+001,-2.076696e+001, 1.177055e+002, 0.000000e+000, 0.000000e+000, 0.000000e+000, 0.000000e+000
 2.933500e-001,-2.739144e+003,-3.887281e+002, 3.105988e+003,-4.626112e+001,-1.906369e+001, 1.183243e+002, 0.000000e+000, 0.000000e+000, 0.000000e+000, 0.000000e+000
 2.934000e-001,-2.700777e+003,-4.522654e+002, 3.131439e+003,-4.568067e+001,-1.736223e+001, 1.188967e+002, 0.000000e+000, 0.000000e+000, 0.000000e+000, 0.000000e+000
 2.934500e-001,-2.661453e+003,-5.156854e+002, 3.155801e+003,-4.509093e+001,-1.566353e+001, 1.194219e+002, 0.000000e+000, 0.000000e+000, 0.000000e+000, 0.000000e+000
 2.935000e-001,-2.621174e+003,-5.788745e+002, 3.179021e+003,-4.449256e+001,-1.396847e+001, 1.198996e+002, 0.000000e+000, 0.000000e+000, 0.000000e+000, 0.000000e+000
 2.935500e-001,-2.579969e+003,-6.419013e+002, 3.201139e+003,-4.388608e+001,-1.227792e+001, 1.203292e+002, 0.000000e+000, 0.000000e+000, 0.000000e+000, 0.000000e+000
 2.936000e-001,-2.537835e+003,-7.046534e+002, 3.222094e+003,-4.327211e+001,-1.059269e+001, 1.207104e+002, 0.000000e+000, 0.000000e+000, 0.000000e+000, 0.000000e+000
 2.936500e-001,-2.494807e+003,-7.671985e+002, 3.241936e+003,-4.265114e+001,-8.913587e+000, 1.210426e+002, 0.000000e+000, 0.000000e+000, 0.000000e+000, 0.000000e+000
 2.937000e-001,-2.450880e+003,-8.294255e+002, 3.260596e+003,-4.202373e+001,-7.241339e+000, 1.213256e+002, 0.000000e+000, 0.000000e+000, 0.000000e+000, 0.000000e+000
 2.937500e-001,-2.406092e+003,-8.914010e+002, 3.278134e+003,-4.139032e+001,-5.576686e+000, 1.215590e+002, 0.000000e+000, 0.000000e+000, 0.000000e+000, 0.000000e+000
 2.938000e-001,-2.360435e+003,-9.530154e+002, 3.294471e+003,-4.075142e+001,-3.920283e+000, 1.217426e+002, 0.000000e+000, 0.000000e+000, 0.000000e+000, 0.000000e+000
 2.938500e-001,-2.313951e+003,-1.014334e+003, 3.309679e+003,-4.010740e+001,-2.272797e+000, 1.218759e+002, 0.000000e+000, 0.000000e+000, 0.000000e+000, 0.000000e+000
 2.939000e-001,-2.266629e+003,-1.075250e+003, 3.323671e+003,-3.945874e+001,-6.348002e-001, 1.219589e+002, 0.000000e+000, 0.000000e+000, 0.000000e+000, 0.000000e+000
 2.939500e-001,-2.218517e+003,-1.135826e+003, 3.336527e+003,-3.880575e+001, 9.931080e-001, 1.219914e+002, 0.000000e+000, 0.000000e+000, 0.000000e+000, 0.000000e+000
 2.940000e-001,-2.169598e+003,-1.195957e+003, 3.348152e+003,-3.814883e+001, 2.610437e+000, 1.219732e+002, 0.000000e+000, 0.000000e+000, 0.000000e+000, 0.000000e+000
 2.940500e-001,-2.119926e+003,-1.255704e+003, 3.358637e+003,-3.748822e+001, 4.216656e+000, 1.219041e+002, 0.000000e+000, 0.000000e+000, 0.000000e+000, 0.000000e+000
 2.941000e-001,-2.069482e+003,-1.314967e+003, 3.367879e+003,-3.682429e+001, 5.811357e+000, 1.217842e+002, 0.000000e+000, 0.000000e+000, 0.000000e+000, 0.000000e+000
 2.941500e-001,-2.018322e+003,-1.373802e+003, 3.375977e+003,-3.615720e+001, 7.394072e+000, 1.216133e+002, 0.000000e+000, 0.000000e+000, 0.000000e+000, 0.000000e+000
 2.942000e-001,-1.966425e+003,-1.432113e+003, 3.382822e+003,-3.548724e+001, 8.964477e+000, 1.213916e+002, 0.000000e+000, 0.000000e+000, 0.000000e+000, 0.000000e+000
 2.942500e-001,-1.913851e+003,-1.489953e+003, 3.388521e+003,-3.481451e+001, 1.052216e+001, 1.211190e+002, 0.000000e+000, 0.000000e+000, 0.000000e+000, 0.000000e+000
 2.943000e-001,-1.860575e+003,-1.547230e+003, 3.392958e+003,-3.413925e+001, 1.206689e+001, 1.207958e+002, 0.000000e+000, 0.000000e+000, 0.000000e+000, 0.000000e+000
 2.943500e-001,-1.806662e+003,-1.603994e+003, 3.396249e+003,-3.346149e+001, 1.359830e+001, 1.204218e+002, 0.000000e+000, 0.000000e+000, 0.000000e+000, 0.000000e+000
 2.944000e-001,-1.752085e+003,-1.660157e+003, 3.398272e+003,-3.278139e+001, 1.511624e+001, 1.199975e+002, 0.000000e+000, 0.000000e+000, 0.000000e+000, 0.000000e+000
 2.944500e-001,-1.696911e+003,-1.715765e+003, 3.399150e+003,-3.209893e+001, 1.662039e+001, 1.195229e+002, 0.000000e+000, 0.000000e+000, 0.000000e+000, 0.000000e+000
 2.945000e-001,-1.641110e+003,-1.770734e+003, 3.398756e+003,-3.141419e+001, 1.811068e+001, 1.189984e+002, 0.000000e+000, 0.000000e+000, 0.000000e+000, 0.000000e+000
 2.945500e-001,-1.584756e+003,-1.825107e+003, 3.397218e+003,-3.072709e+001, 1.958683e+001, 1.184242e+002, 0.000000e+000, 0.000000e+000, 0.000000e+000, 0.000000e+000
 2.946000e-001,-1.527812e+003,-1.878806e+003, 3.394406e+003,-3.003766e+001, 2.104885e+001, 1.178007e+002, 0.000000e+000, 0.000000e+000, 0.000000e+000, 0.000000e+000
 2.946500e-001,-1.470357e+003,-1.931868e+003, 3.390454e+003,-2.934576e+001, 2.249650e+001, 1.171282e+002, 0.000000e+000, 0.000000e+000, 0.000000e+000, 0.000000e+000
 2.947000e-001,-1.412352e+003,-1.984221e+003, 3.385228e+003,-2.865135e+001, 2.392983e+001, 1.164072e+002, 0.000000e+000, 0.000000e+000, 0.000000e+000, 0.000000e+000
 2.947500e-001,-1.353879e+003,-2.035896e+003, 3.378867e+003,-2.795425e+001, 2.534866e+001, 1.156381e+002, 0.000000e+000, 0.000000e+000, 0.000000e+000, 0.000000e+000
 2.948000e-001,-1.294896e+003,-2.086830e+003, 3.371233e+003,-2.725435e+001, 2.675310e+001, 1.148214e+002, 0.000000e+000, 0.000000e+000, 0.000000e+000, 0.000000e+000
 2.948500e-001,-1.235489e+003,-2.137045e+003, 3.362471e+003,-2.655143e+001, 2.814299e+001, 1.139577e+002, 0.000000e+000, 0.000000e+000, 0.000000e+000, 0.000000e+000
 2.949000e-001,-1.175613e+003,-2.186488e+003, 3.352441e+003,-2.584533e+001, 2.951848e+001, 1.130475e+002, 0.000000e+000, 0.000000e+000, 0.000000e+000, 0.000000e+000
 2.949500e-001,-1.115356e+003,-2.235172e+003, 3.341290e+003,-2.513580e+001, 3.087944e+001, 1.120914e+002, 0.000000e+000, 0.000000e+000, 0.000000e+000, 0.000000e+000
 2.950000e-001,-1.054673e+003,-2.283054e+003, 3.328876e+003,-2.442262e+001, 3.222608e+001, 1.110901e+002, 0.000000e+000, 0.000000e+000, 0.000000e+000, 0.000000e+000
 2.950500e-001,-9.936536e+002,-2.330138e+003, 3.315351e+003,-2.370551e+001, 3.355827e+001, 1.100441e+002, 0.000000e+000, 0.000000e+000, 0.000000e+000, 0.000000e+000
 2.951000e-001,-9.322506e+002,-2.376392e+003, 3.300572e+003,-2.298421e+001, 3.487626e+001, 1.089544e+002, 0.000000e+000, 0.000000e+000, 0.000000e+000, 0.000000e+000
 2.951500e-001,-8.705544e+002,-2.421809e+003, 3.284691e+003,-2.225844e+001, 3.617994e+001, 1.078215e+002, 0.000000e+000, 0.000000e+000, 0.000000e+000, 0.000000e+000
 2.952000e-001,-8.085192e+002,-2.466369e+003, 3.267566e+003,-2.152788e+001, 3.746957e+001, 1.066462e+002, 0.000000e+000, 0.000000e+000, 0.000000e+000, 0.000000e+000
 2.952500e-001,-7.462346e+002,-2.510055e+003, 3.249352e+003,-2.079225e+001, 3.874506e+001, 1.054294e+002, 0.000000e+000, 0.000000e+000, 0.000000e+000, 0.000000e+000
 2.953000e-001,-6.836559e+002,-2.552857e+003, 3.229906e+003,-2.005120e+001, 4.000669e+001, 1.041719e+002, 0.000000e+000, 0.000000e+000, 0.000000e+000, 0.000000e+000
 2.953500e-001,-6.208713e+002,-2.594749e+003, 3.209384e+003,-1.930445e+001, 4.125437e+001, 1.028744e+002, 0.000000e+000, 0.000000e+000, 0.000000e+000, 0.000000e+000
 2.954000e-001,-5.578386e+002,-2.635734e+003, 3.187645e+003,-1.855164e+001, 4.248840e+001, 1.015380e+002, 0.000000e+000, 0.000000e+000, 0.000000e+000, 0.000000e+000
 2.954500e-001,-4.946430e+002,-2.675773e+003, 3.164843e+003,-1.779249e+001, 4.370868e+001, 1.001634e+002, 0.000000e+000, 0.000000e+000, 0.000000e+000, 0.000000e+000
 2.955000e-001,-4.312463e+002,-2.714881e+003, 3.140841e+003,-1.702662e+001, 4.491550e+001, 9.875169e+001, 0.000000e+000, 0.000000e+000, 0.000000e+000, 0.000000e+000
 2.955500e-001,-3.677292e+002,-2.753010e+003, 3.115791e+003,-1.625379e+001, 4.610878e+001, 9.730372e+001, 0.000000e+000, 0.000000e+000, 0.000000e+000, 0.000000e+000
 2.956000e-001,-3.040587e+002,-2.790186e+003, 3.089561e+003,-1.547360e+001, 4.728879e+001, 9.582041e+001, 0.000000e+000, 0.000000e+000, 0.000000e+000, 0.000000e+000
 2.956500e-001,-2.403099e+002,-2.826350e+003, 3.062298e+003,-1.468585e+001, 4.845544e+001, 9.430283e+001, 0.000000e+000, 0.000000e+000, 0.000000e+000, 0.000000e+000
 2.957000e-001,-1.764565e+002,-2.861541e+003, 3.033877e+003,-1.389014e+001, 4.960899e+001, 9.275188e+001, 0.000000e+000, 0.000000e+000, 0.000000e+000, 0.000000e+000
 2.957500e-001,-1.125658e+002,-2.895688e+003, 3.004440e+003,-1.308633e+001, 5.074934e+001, 9.116865e+001, 0.000000e+000, 0.000000e+000, 0.000000e+000, 0.000000e+000
 2.958000e-001,-4.862018e+001,-2.928843e+003, 2.973868e+003,-1.227399e+001, 5.187673e+001, 8.955405e+001, 0.000000e+000, 0.000000e+000, 0.000000e+000, 0.000000e+000
 2.958500e-001, 1.532221e+001,-2.960926e+003, 2.942299e+003,-1.145305e+001, 5.299104e+001, 8.790922e+001, 0.000000e+000, 0.000000e+000, 0.000000e+000, 0.000000e+000
 2.959000e-001, 7.926923e+001,-2.991998e+003, 2.909621e+003,-1.062311e+001, 5.409248e+001, 8.623505e+001, 0.000000e+000, 0.000000e+000, 0.000000e+000, 0.000000e+000
 2.959500e-001, 1.431734e+002,-3.021969e+003, 2.875964e+003,-9.784146e+000, 5.518092e+001, 8.453272e+001, 0.000000e+000, 0.000000e+000, 0.000000e+000, 0.000000e+000
 2.960000e-001, 2.070311e+002,-3.050912e+003, 2.841225e+003,-8.935785e+000, 5.625653e+001, 8.280312e+001, 0.000000e+000, 0.000000e+000, 0.000000e+000, 0.000000e+000
 2.960500e-001, 2.708071e+002,-3.078729e+003, 2.805529e+003,-8.078081e+000, 5.731917e+001, 8.104744e+001, 0.000000e+000, 0.000000e+000, 0.000000e+000, 0.000000e+000
 2.961000e-001, 3.344850e+002,-3.105503e+003, 2.768780e+003,-7.210675e+000, 5.836895e+001, 7.926656e+001, 0.000000e+000, 0.000000e+000, 0.000000e+000, 0.000000e+000
 2.961500e-001, 3.980432e+002,-3.131126e+003, 2.731094e+003,-6.333704e+000, 5.940572e+001, 7.746167e+001, 0.000000e+000, 0.000000e+000, 0.000000e+000, 0.000000e+000
 2.962000e-001, 4.614513e+002,-3.155690e+003, 2.692388e+003,-5.446845e+000, 6.042955e+001, 7.563364e+001, 0.000000e+000, 0.000000e+000, 0.000000e+000, 0.000000e+000
 2.962500e-001, 5.247026e+002,-3.179082e+003, 2.652768e+003,-4.550314e+000, 6.144025e+001, 7.378367e+001, 0.000000e+000, 0.000000e+000, 0.000000e+000, 0.000000e+000
 2.963000e-001, 5.877512e+002,-3.201402e+003, 2.612159e+003,-3.643830e+000, 6.243786e+001, 7.191259e+001, 0.000000e+000, 0.000000e+000, 0.000000e+000, 0.000000e+000
 2.963500e-001, 6.506068e+002,-3.222529e+003, 2.570660e+003,-2.727691e+000, 6.342214e+001, 7.002159e+001, 0.000000e+000, 0.000000e+000, 0.000000e+000, 0.000000e+000
 2.964000e-001, 7.132070e+002,-3.242572e+003, 2.528208e+003,-1.801668e+000, 6.439309e+001, 6.811149e+001, 0.000000e+000, 0.000000e+000, 0.000000e+000, 0.000000e+000
 2.964500e-001, 7.755785e+002,-3.261403e+003, 2.484891e+003,-8.661385e-001, 6.535044e+001, 6.618345e+001, 0.000000e+000, 0.000000e+000, 0.000000e+000, 0.000000e+000
 2.965000e-001, 8.376421e+002,-3.279139e+003, 2.440655e+003, 7.906789e-002, 6.629413e+001, 6.423826e+001, 0.000000e+000, 0.000000e+000, 0.000000e+000, 0.000000e+000
 2.965500e-001, 8.994421e+002,-3.295648e+003, 2.395581e+003, 1.033494e+000, 6.722387e+001, 6.227705e+001, 0.000000e+000, 0.000000e+000, 0.000000e+000, 0.000000e+000
 2.966000e-001, 9.608817e+002,-3.311051e+003, 2.349626e+003, 1.997246e+000, 6.813953e+001, 6.030059e+001, 0.000000e+000, 0.000000e+000, 0.000000e+000, 0.000000e+000
 2.966500e-001, 1.022023e+003,-3.325213e+003, 2.302860e+003, 2.969791e+000, 6.904079e+001, 5.830997e+001, 0.000000e+000, 0.000000e+000, 0.000000e+000, 0.000000e+000
 2.967000e-001, 1.082753e+003,-3.338260e+003, 2.255252e+003, 3.951166e+000, 6.992747e+001, 5.630592e+001, 0.000000e+000, 0.000000e+000, 0.000000e+000, 0.000000e+000
 2.967500e-001, 1.143150e+003,-3.350054e+003, 2.206861e+003, 4.940764e+000, 7.079921e+001, 5.428948e+001, 0.000000e+000, 0.000000e+000, 0.000000e+000, 0.000000e+000
 2.968000e-001, 1.203083e+003,-3.360726e+003, 2.157668e+003, 5.938552e+000, 7.165575e+001, 5.226134e+001, 0.000000e+000, 0.000000e+000, 0.000000e+000, 0.000000e+000
 2.968500e-001, 1.262652e+003,-3.370135e+003, 2.107722e+003, 6.943853e+000, 7.249674e+001, 5.022251e+001, 0.000000e+000, 0.000000e+000, 0.000000e+000, 0.000000e+000
 2.969000e-001, 1.321705e+003,-3.378416e+003, 2.057015e+003, 7.956556e+000, 7.332185e+001, 4.817364e+001, 0.000000e+000, 0.000000e+000, 0.000000e+000, 0.000000e+000
 2.969500e-001, 1.380361e+003,-3.385425e+003, 2.005586e+003, 8.975926e+000, 7.413066e+001, 4.611567e+001, 0.000000e+000, 0.000000e+000, 0.000000e+000, 0.000000e+000
 2.970000e-001, 1.438452e+003,-3.391301e+003, 1.953437e+003, 1.000177e+001, 7.492281e+001, 4.404922e+001, 0.000000e+000, 0.000000e+000, 0.000000e+000, 0.000000e+000
 2.970500e-001, 1.496112e+003,-3.395901e+003, 1.900598e+003, 1.103331e+001, 7.569785e+001, 4.197518e+001, 0.000000e+000, 0.000000e+000, 0.000000e+000, 0.000000e+000
 2.971000e-001, 1.553159e+003,-3.399363e+003, 1.847082e+003, 1.207026e+001, 7.645534e+001, 3.989410e+001, 0.000000e+000, 0.000000e+000, 0.000000e+000, 0.000000e+000
 2.971500e-001, 1.609742e+003,-3.401546e+003, 1.792910e+003, 1.311179e+001, 7.719482e+001, 3.780684e+001, 0.000000e+000, 0.000000e+000, 0.000000e+000, 0.000000e+000
 2.972000e-001, 1.665664e+003,-3.402589e+003, 1.738104e+003, 1.415756e+001, 7.791579e+001, 3.571390e+001, 0.000000e+000, 0.000000e+000, 0.000000e+000, 0.000000e+000
 2.972500e-001, 1.721092e+003,-3.402351e+003, 1.682677e+003, 1.520669e+001, 7.861777e+001, 3.361608e+001, 0.000000e+000, 0.000000e+000, 0.000000e+000, 0.000000e+000
 2.973000e-001, 1.775811e+003,-3.400971e+003, 1.626660e+003, 1.625875e+001, 7.930019e+001, 3.151383e+001, 0.000000e+000, 0.000000e+000, 0.000000e+000, 0.000000e+000
 2.973500e-001, 1.830004e+003,-3.398312e+003, 1.570057e+003, 1.731284e+001, 7.996253e+001, 2.940790e+001, 0.000000e+000, 0.000000e+000, 0.000000e+000, 0.000000e+000
 2.974000e-001, 1.883444e+003,-3.394512e+003, 1.512909e+003, 1.836845e+001, 8.060421e+001, 2.729870e+001, 0.000000e+000, 0.000000e+000, 0.000000e+000, 0.000000e+000
 2.974500e-001, 1.936325e+003,-3.389434e+003, 1.455211e+003, 1.942467e+001, 8.122467e+001, 2.518692e+001, 0.000000e+000, 0.000000e+000, 0.000000e+000, 0.000000e+000
 2.975000e-001, 1.988411e+003,-3.383218e+003, 1.397014e+003, 2.048092e+001, 8.182327e+001, 2.307293e+001, 0.000000e+000, 0.000000e+000, 0.000000e+000, 0.000000e+000
 2.975500e-001, 2.039906e+003,-3.375729e+003, 1.338304e+003, 2.153626e+001, 8.239945e+001, 2.095736e+001, 0.000000e+000, 0.000000e+000, 0.000000e+000, 0.000000e+000
 2.976000e-001, 2.090564e+003,-3.367104e+003, 1.279142e+003, 2.259006e+001, 8.295252e+001, 1.884055e+001, 0.000000e+000, 0.000000e+000, 0.000000e+000, 0.000000e+000
 2.976500e-001, 2.140599e+003,-3.357214e+003, 1.219504e+003, 2.364137e+001, 8.348190e+001, 1.672307e+001, 0.000000e+000, 0.000000e+000, 0.000000e+000, 0.000000e+000
 2.977000e-001, 2.189759e+003,-3.346192e+003, 1.159460e+003, 2.468950e+001, 8.398689e+001, 1.460522e+001, 0.000000e+000, 0.000000e+000, 0.000000e+000, 0.000000e+000
 2.977500e-001, 2.238265e+003,-3.333914e+003, 1.098981e+003, 2.573350e+001, 8.446687e+001, 1.248755e+001, 0.000000e+000, 0.000000e+000, 0.000000e+000, 0.000000e+000
 2.978000e-001, 2.285857e+003,-3.320511e+003, 1.038142e+003, 2.677262e+001, 8.492111e+001, 1.037031e+001, 0.000000e+000, 0.000000e+000, 0.000000e+000, 0.000000e+000
 2.978500e-001, 2.332763e+003,-3.305862e+003, 9.769072e+002, 2.780594e+001, 8.534902e+001, 8.254002e+000, 0.000000e+000, 0.000000e+000, 0.000000e+000, 0.000000e+000
 2.979000e-001, 2.378720e+003,-3.290095e+003, 9.153594e+002, 2.883265e+001, 8.574983e+001, 6.138862e+000, 0.000000e+000, 0.000000e+000, 0.000000e+000, 0.000000e+000
 2.979500e-001, 2.423960e+003,-3.273096e+003, 8.534568e+002, 2.985186e+001, 8.612295e+001, 4.025342e+000, 0.000000e+000, 0.000000e+000, 0.000000e+000, 0.000000e+000
 2.980000e-001, 2.468219e+003,-3.254989e+003, 7.912884e+002, 3.086271e+001, 8.646760e+001, 1.913666e+000, 0.000000e+000, 0.000000e+000, 0.000000e+000, 0.000000e+000
 2.980500e-001, 2.511729e+003,-3.235663e+003, 7.288063e+002, 3.186434e+001, 8.678319e+001,-1.957480e-001, 0.000000e+000, 0.000000e+000, 0.000000e+000, 0.000000e+000
 2.981000e-001, 2.554225e+003,-3.215239e+003, 6.661058e+002, 3.285585e+001, 8.706895e+001,-2.302695e+000, 0.000000e+000, 0.000000e+000, 0.000000e+000, 0.000000e+000
 2.981500e-001, 2.595942e+003,-3.193615e+003, 6.031333e+002, 3.383643e+001, 8.732430e+001,-4.406781e+000, 0.000000e+000, 0.000000e+000, 0.000000e+000, 0.000000e+000
 2.982000e-001, 2.636617e+003,-3.170904e+003, 5.399900e+002, 3.480516e+001, 8.754845e+001,-6.507813e+000, 0.000000e+000, 0.000000e+000, 0.000000e+000, 0.000000e+000
 2.982500e-001, 2.676482e+003,-3.147011e+003, 4.766169e+002, 3.576123e+001, 8.774088e+001,-8.605414e+000, 0.000000e+000, 0.000000e+000, 0.000000e+000, 0.000000e+000
 2.983000e-001, 2.715278e+003,-3.122045e+003, 4.131206e+002, 3.670375e+001, 8.790082e+001,-1.069940e+001, 0.000000e+000, 0.000000e+000, 0.000000e+000, 0.000000e+000
 2.983500e-001, 2.753233e+003,-3.095918e+003, 3.494370e+002, 3.763195e+001, 8.802773e+001,-1.278940e+001, 0.000000e+000, 0.000000e+000, 0.000000e+000, 0.000000e+000
 2.984000e-001, 2.790094e+003,-3.068733e+003, 2.856781e+002, 3.854490e+001, 8.812090e+001,-1.487523e+001, 0.000000e+000, 0.000000e+000, 0.000000e+000, 0.000000e+000
 2.984500e-001, 2.826086e+003,-3.040408e+003, 2.217746e+002, 3.944191e+001, 8.817982e+001,-1.695654e+001, 0.000000e+000, 0.000000e+000, 0.000000e+000, 0.000000e+000
 2.985000e-001, 2.860961e+003,-3.011042e+003, 1.578435e+002, 4.032204e+001, 8.820380e+001,-1.903313e+001, 0.000000e+000, 0.000000e+000, 0.000000e+000, 0.000000e+000
 2.985500e-001, 2.894937e+003,-2.980561e+003, 9.381068e+001, 4.118465e+001, 8.819240e+001,-2.110463e+001, 0.000000e+000, 0.000000e+000, 0.000000e+000, 0.000000e+000
 2.986000e-001, 2.927777e+003,-2.949057e+003, 2.979811e+001, 4.202884e+001, 8.814495e+001,-2.317085e+001, 0.000000e+000, 0.000000e+000, 0.000000e+000, 0.000000e+000
 2.986500e-001, 2.959688e+003,-2.916463e+003,-3.427310e+001, 4.285400e+001, 8.806108e+001,-2.523142e+001, 0.000000e+000, 0.000000e+000, 0.000000e+000, 0.000000e+000
 2.987000e-001, 2.990445e+003,-2.882864e+003,-9.827642e+001, 4.365924e+001, 8.794016e+001,-2.728612e+001, 0.000000e+000, 0.000000e+000, 0.000000e+000, 0.000000e+000
 2.987500e-001, 3.020245e+003,-2.848205e+003,-1.622953e+002, 4.444405e+001, 8.778188e+001,-2.933456e+001, 0.000000e+000, 0.000000e+000, 0.000000e+000, 0.000000e+000
 2.988000e-001, 3.048876e+003,-2.812561e+003,-2.261988e+002, 4.520752e+001, 8.758567e+001,-3.137650e+001, 0.000000e+000, 0.000000e+000, 0.000000e+000, 0.000000e+000
 2.988500e-001, 3.076523e+003,-2.775885e+003,-2.900747e+002, 4.594924e+001, 8.735130e+001,-3.341154e+001, 0.000000e+000, 0.000000e+000, 0.000000e+000, 0.000000e+000
 2.989000e-001, 3.102986e+003,-2.738247e+003,-3.537879e+002, 4.666832e+001, 8.707825e+001,-3.543942e+001, 0.000000e+000, 0.000000e+000, 0.000000e+000, 0.000000e+000
 2.989500e-001, 3.128439e+003,-2.699607e+003,-4.174306e+002, 4.736441e+001, 8.676637e+001,-3.745970e+001, 0.000000e+000, 0.000000e+000, 0.000000e+000, 0.000000e+000
 2.990000e-001, 3.152698e+003,-2.660029e+003,-4.808636e+002, 4.803668e+001, 8.641521e+001,-3.947209e+001, 0.000000e+000, 0.000000e+000, 0.000000e+000, 0.000000e+000
 2.990500e-001, 3.175920e+003,-2.619483e+003,-5.441830e+002, 4.868483e+001, 8.602472e+001,-4.147613e+001, 0.000000e+000, 0.000000e+000, 0.000000e+000, 0.000000e+000
 2.991000e-001, 3.197938e+003,-2.578021e+003,-6.072461e+002, 4.930808e+001, 8.559454e+001,-4.347149e+001, 0.000000e+000, 0.000000e+000, 0.000000e+000, 0.000000e+000
 2.991500e-001, 3.218896e+003,-2.535625e+003,-6.701529e+002, 4.990622e+001, 8.512466e+001,-4.545768e+001, 0.000000e+000, 0.000000e+000, 0.000000e+000, 0.000000e+000
 2.992000e-001, 3.238642e+003,-2.492340e+003,-7.327573e+002, 5.047849e+001, 8.461485e+001,-4.743433e+001, 0.000000e+000, 0.000000e+000, 0.000000e+000, 0.000000e+000
 2.992500e-001, 3.257304e+003,-2.448157e+003,-7.951626e+002, 5.102478e+001, 8.406518e+001,-4.940092e+001, 0.000000e+000, 0.000000e+000, 0.000000e+000, 0.000000e+000
 2.993000e-001, 3.274750e+003,-2.403111e+003,-8.572198e+002, 5.154438e+001, 8.347549e+001,-5.135704e+001, 0.000000e+000, 0.000000e+000, 0.000000e+000, 0.000000e+000
 2.993500e-001, 3.291090e+003,-2.357204e+003,-9.190358e+002, 5.203725e+001, 8.284599e+001,-5.330212e+001, 0.000000e+000, 0.000000e+000, 0.000000e+000, 0.000000e+000
 2.994000e-001, 3.306211e+003,-2.310461e+003,-9.804586e+002, 5.250273e+001, 8.217657e+001,-5.523571e+001, 0.000000e+000, 0.000000e+000, 0.000000e+000, 0.000000e+000
 2.994500e-001, 3.320203e+003,-2.262897e+003,-1.041598e+003, 5.294088e+001, 8.146758e+001,-5.715723e+001, 0.000000e+000, 0.000000e+000, 0.000000e+000, 0.000000e+000
 2.995000e-001, 3.332977e+003,-2.214525e+003,-1.102300e+003, 5.335109e+001, 8.071899e+001,-5.906616e+001, 0.000000e+000, 0.000000e+000, 0.000000e+000, 0.000000e+000
 2.995500e-001, 3.344601e+003,-2.165372e+003,-1.162676e+003, 5.373349e+001, 7.993123e+001,-6.096189e+001, 0.000000e+000, 0.000000e+000, 0.000000e+000, 0.000000e+000
 2.996000e-001, 3.355008e+003,-2.115442e+003,-1.222571e+003, 5.408754e+001, 7.910441e+001,-6.284384e+001, 0.000000e+000, 0.000000e+000, 0.000000e+000, 0.000000e+000
 2.996500e-001, 3.364247e+003,-2.064771e+003,-1.282099e+003, 5.441346e+001, 7.823904e+001,-6.471138e+001, 0.000000e+000, 0.000000e+000, 0.000000e+000, 0.000000e+000
 2.997000e-001, 3.372273e+003,-2.013354e+003,-1.341104e+003, 5.471076e+001, 7.733533e+001,-6.656389e+001, 0.000000e+000, 0.000000e+000, 0.000000e+000, 0.000000e+000
 2.997500e-001, 3.379112e+003,-1.961238e+003,-1.399700e+003, 5.497976e+001, 7.639389e+001,-6.840070e+001, 0.000000e+000, 0.000000e+000, 0.000000e+000, 0.000000e+000
 2.998000e-001, 3.384745e+003,-1.908408e+003,-1.457731e+003, 5.522001e+001, 7.541503e+001,-7.022112e+001, 0.000000e+000, 0.000000e+000, 0.000000e+000, 0.000000e+000
 2.998500e-001, 3.389173e+003,-1.854923e+003,-1.515313e+003, 5.543193e+001, 7.439948e+001,-7.202448e+001, 0.000000e+000, 0.000000e+000, 0.000000e+000, 0.000000e+000
 2.999000e-001, 3.392404e+003,-1.800756e+003,-1.572289e+003, 5.561512e+001, 7.334761e+001,-7.381006e+001, 0.000000e+000, 0.000000e+000, 0.000000e+000, 0.000000e+000
 2.999500e-001, 3.394415e+003,-1.745978e+003,-1.628774e+003, 5.577010e+001, 7.226026e+001,-7.557712e+001, 0.000000e+000, 0.000000e+000, 0.000000e+000, 0.000000e+000
 3.000000e-001, 3.395239e+003,-1.690552e+003,-1.684615e+003, 5.589651e+001, 7.113792e+001,-7.732490e+001, 0.000000e+000, 0.000000e+000, 0.000000e+000, 0.000000e+000
 3.000500e-001, 3.394828e+003,-1.634561e+003,-1.739925e+003, 5.599496e+001, 6.998148e+001,-7.905267e+001, 0.000000e+000, 0.000000e+000, 0.000000e+000, 0.000000e+000
 3.001000e-001, 3.078760e+003,-1.513848e+003,-1.749015e+003, 7.722193e+001, 6.447871e+001,-8.382306e+001, 9.433138e+001, 0.000000e+000, 0.000000e+000, 0.000000e+000
 3.001500e-001, 2.951612e+003,-1.495755e+003,-1.836465e+003, 1.279129e+002, 5.726215e+001,-8.938464e+001, 2.111957e+002, 0.000000e+000, 0.000000e+000, 0.000000e+000
 3.002000e-001, 2.991485e+003,-1.470511e+003,-1.923046e+003, 1.839201e+002, 5.483121e+001,-9.043546e+001, 2.990458e+002, 0.000000e+000, 0.000000e+000, 0.000000e+000
 3.002500e-001, 2.939905e+003,-1.396854e+003,-1.966267e+003, 2.399907e+002, 5.351324e+001,-8.986678e+001, 3.879122e+002, 0.000000e+000, 0.000000e+000, 0.000000e+000
 3.003000e-001, 2.975347e+003,-1.355081e+003,-2.032153e+003, 2.962609e+002, 5.226367e+001,-8.898022e+001, 4.739796e+002, 0.000000e+000, 0.000000e+000, 0.000000e+000
 3.003500e-001, 2.916798e+003,-1.275265e+003,-2.064455e+003, 3.530378e+002, 5.073423e+001,-8.841551e+001, 5.585643e+002, 0.000000e+000, 0.000000e+000, 0.000000e+000
 3.004000e-001, 2.944405e+003,-1.229240e+003,-2.126220e+003, 4.106865e+002, 4.870272e+001,-8.835169e+001, 6.414587e+002, 0.000000e+000, 0.000000e+000, 0.000000e+000
 3.004500e-001, 2.887822e+003,-1.151125e+003,-2.157626e+003, 4.689130e+002, 4.634475e+001,-8.874815e+001, 7.225977e+002, 0.000000e+000, 0.000000e+000, 0.000000e+000
 3.005000e-001, 2.904991e+003,-1.100572e+003,-2.214220e+003, 5.282585e+002, 4.341383e+001,-8.984957e+001, 8.018742e+002, 0.000000e+000, 0.000000e+000, 0.000000e+000
 3.005500e-001, 2.855205e+003,-1.026239e+003,-2.248064e+003, 5.881042e+002, 4.022008e+001,-9.138606e+001, 8.794535e+002, 0.000000e+000, 0.000000e+000, 0.000000e+000
 3.006000e-001, 2.860969e+003,-9.717245e+002,-2.298208e+003, 6.490577e+002, 3.654930e+001,-9.368370e+001, 9.550131e+002, 0.000000e+000, 0.000000e+000, 0.000000e+000
 3.006500e-001, 2.820160e+003,-9.006264e+002,-2.335563e+003, 7.103550e+002, 3.266876e+001,-9.639580e+001, 1.028997e+003, 0.000000e+000, 0.000000e+000, 0.000000e+000
 3.007000e-001, 2.813837e+003,-8.434796e+002,-2.378987e+003, 7.726508e+002, 2.844776e+001,-9.986211e+001, 1.100884e+003, 0.000000e+000, 0.000000e+000, 0.000000e+000
 3.007500e-001, 2.782707e+003,-7.739993e+002,-2.419451e+003, 8.351355e+002, 2.403878e+001,-1.037584e+002, 1.171288e+003, 0.000000e+000, 0.000000e+000, 0.000000e+000
 3.008000e-001, 2.763321e+003,-7.151044e+002,-2.456625e+003, 8.985314e+002, 1.936469e+001,-1.083886e+002, 1.239547e+003, 0.000000e+000, 0.000000e+000, 0.000000e+000
 3.008500e-001, 2.741789e+003,-6.461033e+002,-2.499099e+003, 9.620360e+002, 1.449531e+001,-1.134981e+002, 1.306339e+003, 0.000000e+000, 0.000000e+000, 0.000000e+000
 3.009000e-001, 2.708582e+003,-5.851519e+002,-2.530854e+003, 1.026424e+003, 9.326815e+000,-1.193306e+002, 1.370947e+003, 0.000000e+000, 0.000000e+000, 0.000000e+000
 3.009500e-001, 2.696013e+003,-5.168806e+002,-2.574265e+003, 1.090939e+003, 3.939966e+000,-1.256996e+002, 1.434012e+003, 0.000000e+000, 0.000000e+000, 0.000000e+000
 3.010000e-001, 2.649427e+003,-4.525901e+002,-2.601617e+003, 1.156327e+003,-1.861328e+000,-1.327762e+002, 1.494878e+003, 0.000000e+000, 0.000000e+000, 0.000000e+000
 3.010500e-001, 2.644639e+003,-3.865460e+002,-2.645275e+003, 1.221911e+003,-7.901444e+000,-1.404168e+002, 1.554076e+003, 0.000000e+000, 0.000000e+000, 0.000000e+000
 3.011000e-001, 2.586977e+003,-3.176678e+002,-2.669484e+003, 1.288288e+003,-1.446649e+001,-1.487037e+002, 1.611120e+003, 0.000000e+000, 0.000000e+000, 0.000000e+000
 3.011500e-001, 2.588232e+003,-2.556441e+002,-2.712982e+003, 1.354899e+003,-2.126612e+001,-1.575168e+002, 1.666381e+003, 0.000000e+000, 0.000000e+000, 0.000000e+000
 3.012000e-001, 2.523577e+003,-1.820482e+002,-2.735657e+003, 1.422068e+003,-2.860128e+001,-1.668268e+002, 1.719626e+003, 0.000000e+000, 0.000000e+000, 0.000000e+000
 3.012500e-001, 2.528602e+003,-1.250876e+002,-2.778551e+003, 1.489392e+003,-3.611755e+001,-1.765400e+002, 1.771043e+003, 0.000000e+000, 0.000000e+000, 0.000000e+000
 3.013000e-001, 2.462061e+003,-4.818466e+001,-2.801568e+003, 1.556853e+003,-4.402714e+001,-1.864975e+002, 1.820676e+003, 0.000000e+000, 0.000000e+000, 0.000000e+000
 3.013500e-001, 2.468074e+003, 3.918357e+000,-2.843136e+003, 1.624241e+003,-5.199576e+001,-1.966512e+002, 1.868531e+003, 0.000000e+000, 0.000000e+000, 0.000000e+000
 3.014000e-001, 2.404723e+003, 8.166585e+001,-2.868270e+003, 1.691199e+003,-6.007624e+001,-2.067197e+002, 1.914894e+003, 0.000000e+000, 0.000000e+000, 0.000000e+000
 3.014500e-001, 2.408498e+003, 1.301503e+002,-2.907539e+003, 1.757736e+003,-6.802413e+001,-2.167178e+002, 1.959617e+003, 0.000000e+000, 0.000000e+000, 0.000000e+000
 3.015000e-001, 2.352446e+003, 2.062567e+002,-2.935980e+003, 1.823223e+003,-7.573143e+001,-2.262812e+002, 2.003122e+003, 0.000000e+000, 0.000000e+000, 0.000000e+000
 3.015500e-001, 2.350550e+003, 2.527842e+002,-2.971956e+003, 1.887905e+003,-8.307207e+001,-2.354890e+002, 2.045178e+003, 0.000000e+000, 0.000000e+000, 0.000000e+000
 3.016000e-001, 2.304364e+003, 3.256336e+002,-3.003979e+003, 1.950982e+003,-8.983576e+001,-2.439560e+002, 2.086204e+003, 0.000000e+000, 0.000000e+000, 0.000000e+000
 3.016500e-001, 2.293653e+003, 3.717464e+002,-3.035933e+003, 2.012916e+003,-9.600678e+001,-2.518078e+002, 2.125981e+003, 0.000000e+000, 0.000000e+000, 0.000000e+000
 3.017000e-001, 2.258200e+003, 4.408631e+002,-3.070901e+003, 2.072853e+003,-1.013492e+002,-2.587000e+002, 2.164774e+003, 0.000000e+000, 0.000000e+000, 0.000000e+000
 3.017500e-001, 2.236503e+003, 4.877652e+002,-3.098546e+003, 2.131404e+003,-1.059348e+002,-2.647751e+002, 2.202507e+003, 0.000000e+000, 0.000000e+000, 0.000000e+000
 3.018000e-001, 2.211160e+003, 5.534473e+002,-3.135219e+003, 2.187760e+003,-1.095539e+002,-2.697698e+002, 2.239156e+003, 0.000000e+000, 0.000000e+000, 0.000000e+000
 3.018500e-001, 2.177880e+003, 6.020436e+002,-3.158744e+003, 2.242579e+003,-1.123455e+002,-2.738118e+002, 2.274922e+003, 0.000000e+000, 0.000000e+000, 0.000000e+000
 3.019000e-001, 2.160971e+003, 6.647417e+002,-3.195681e+003, 2.295167e+003,-1.141365e+002,-2.767325e+002, 2.309405e+003, 0.000000e+000, 0.000000e+000, 0.000000e+000
 3.019500e-001, 2.117310e+003, 7.157105e+002,-3.215690e+003, 2.346104e+003,-1.151173e+002,-2.786170e+002, 2.343185e+003, 0.000000e+000, 0.000000e+000, 0.000000e+000
 3.020000e-001, 2.106604e+003, 7.755909e+002,-3.251518e+003, 2.394852e+003,-1.151322e+002,-2.793873e+002, 2.375458e+003, 0.000000e+000, 0.000000e+000, 0.000000e+000
 3.020500e-001, 2.055264e+003, 8.293491e+002,-3.268906e+003, 2.441812e+003,-1.144057e+002,-2.790662e+002, 2.407238e+003, 0.000000e+000, 0.000000e+000, 0.000000e+000
 3.021000e-001, 2.048364e+003, 8.862499e+002,-3.302374e+003, 2.486613e+003,-1.127769e+002,-2.776581e+002, 2.437333e+003, 0.000000e+000, 0.000000e+000, 0.000000e+000
 3.021500e-001, 1.992823e+003, 9.428540e+002,-3.318157e+003, 2.529425e+003,-1.104799e+002,-2.751156e+002, 2.467174e+003, 0.000000e+000, 0.000000e+000, 0.000000e+000
 3.022000e-001, 1.987339e+003, 9.965396e+002,-3.348072e+003, 2.570043e+003,-1.073439e+002,-2.715219e+002, 2.495244e+003, 0.000000e+000, 0.000000e+000, 0.000000e+000
 3.022500e-001, 1.930992e+003, 1.055665e+003,-3.363153e+003, 2.608413e+003,-1.035871e+002,-2.667675e+002, 2.523310e+003, 0.000000e+000, 0.000000e+000, 0.000000e+000
 3.023000e-001, 1.924520e+003, 1.106136e+003,-3.388332e+003, 2.644496e+003,-9.904424e+001,-2.610136e+002, 2.549609e+003, 0.000000e+000, 0.000000e+000, 0.000000e+000
 3.023500e-001, 1.869997e+003, 1.167209e+003,-3.403260e+003, 2.678067e+003,-9.390079e+001,-2.541124e+002, 2.576113e+003, 0.000000e+000, 0.000000e+000, 0.000000e+000
 3.024000e-001, 1.860060e+003, 1.214870e+003,-3.422613e+003, 2.709257e+003,-8.802460e+001,-2.462973e+002, 2.600913e+003, 0.000000e+000, 0.000000e+000, 0.000000e+000
 3.024500e-001, 1.808898e+003, 1.277286e+003,-3.437422e+003, 2.737742e+003,-8.156598e+001,-2.374173e+002, 2.626031e+003, 0.000000e+000, 0.000000e+000, 0.000000e+000
 3.025000e-001, 1.793017e+003, 1.322927e+003,-3.450136e+003, 2.763828e+003,-7.445168e+001,-2.277593e+002, 2.649518e+003, 0.000000e+000, 0.000000e+000, 0.000000e+000
 3.025500e-001, 1.745696e+003, 1.386198e+003,-3.464341e+003, 2.787161e+003,-6.680464e+001,-2.172037e+002, 2.673292e+003, 0.000000e+000, 0.000000e+000, 0.000000e+000
 3.026000e-001, 1.721711e+003, 1.430854e+003,-3.470088e+003, 2.808197e+003,-5.862678e+001,-2.060589e+002, 2.695487e+003, 0.000000e+000, 0.000000e+000, 0.000000e+000
 3.026500e-001, 1.677912e+003, 1.494587e+003,-3.482868e+003, 2.826609e+003,-5.002013e+001,-1.942595e+002, 2.717777e+003, 0.000000e+000, 0.000000e+000, 0.000000e+000
 3.027000e-001, 1.644453e+003, 1.539350e+003,-3.481909e+003, 2.842951e+003,-4.106538e+001,-1.820955e+002, 2.738513e+003, 0.000000e+000, 0.000000e+000, 0.000000e+000
 3.027500e-001, 1.603382e+003, 1.603111e+003,-3.492367e+003, 2.856955e+003,-3.184064e+001,-1.695614e+002, 2.759014e+003, 0.000000e+000, 0.000000e+000, 0.000000e+000
 3.028000e-001, 1.560286e+003, 1.648936e+003,-3.485520e+003, 2.869187e+003,-2.249607e+001,-1.568915e+002, 2.777979e+003, 0.000000e+000, 0.000000e+000, 0.000000e+000
 3.028500e-001, 1.520930e+003, 1.712122e+003,-3.492892e+003, 2.879454e+003,-1.307409e+001,-1.441311e+002, 2.796298e+003, 0.000000e+000, 0.000000e+000, 0.000000e+000
 3.029000e-001, 1.469374e+003, 1.759653e+003,-3.481378e+003, 2.888249e+003,-3.773304e+000,-1.314321e+002, 2.813122e+003, 0.000000e+000, 0.000000e+000, 0.000000e+000
 3.029500e-001, 1.430641e+003, 1.821492e+003,-3.485087e+003, 2.895456e+003, 5.410768e+000,-1.188785e+002, 2.828875e+003, 0.000000e+000, 0.000000e+000, 0.000000e+000
 3.030000e-001, 1.372881e+003, 1.870939e+003,-3.470292e+003, 2.901420e+003, 1.426052e+001,-1.065287e+002, 2.843225e+003, 0.000000e+000, 0.000000e+000, 0.000000e+000
 3.030500e-001, 1.333626e+003, 1.930657e+003,-3.469863e+003, 2.906110e+003, 2.282771e+001,-9.449886e+001, 2.856117e+003, 0.000000e+000, 0.000000e+000, 0.000000e+000
 3.031000e-001, 1.272432e+003, 1.981773e+003,-3.453090e+003, 2.909689e+003, 3.090649e+001,-8.276003e+001, 2.867752e+003, 0.000000e+000, 0.000000e+000, 0.000000e+000
 3.031500e-001, 1.231424e+003, 2.038813e+003,-3.448018e+003, 2.912211e+003, 3.858131e+001,-7.146282e+001, 2.877615e+003, 0.000000e+000, 0.000000e+000, 0.000000e+000
 3.032000e-001, 1.169432e+003, 2.091006e+003,-3.430276e+003, 2.913671e+003, 4.568146e+001,-6.051081e+001, 2.886394e+003, 0.000000e+000, 0.000000e+000, 0.000000e+000
 3.032500e-001, 1.125355e+003, 2.145186e+003,-3.419966e+003, 2.914216e+003, 5.229879e+001,-5.009534e+001, 2.893160e+003, 0.000000e+000, 0.000000e+000, 0.000000e+000
 3.033000e-001, 1.064578e+003, 2.197722e+003,-3.401855e+003, 2.913710e+003, 5.830729e+001,-4.008049e+001, 2.899005e+003, 0.000000e+000, 0.000000e+000, 0.000000e+000
 3.033500e-001, 1.016127e+003, 2.249258e+003,-3.385708e+003, 2.912394e+003, 6.377962e+001,-3.069888e+001, 2.902651e+003, 0.000000e+000, 0.000000e+000, 0.000000e+000
 3.034000e-001, 9.577465e+002, 2.301462e+003,-3.367413e+003, 2.910058e+003, 6.863061e+001,-2.180315e+001, 2.905492e+003, 0.000000e+000, 0.000000e+000, 0.000000e+000
 3.034500e-001, 9.038596e+002, 2.350859e+003,-3.345019e+003, 2.907022e+003, 7.289451e+001,-1.365458e+001, 2.905987e+003, 0.000000e+000, 0.000000e+000, 0.000000e+000
 3.035000e-001, 8.483078e+002, 2.402208e+003,-3.326420e+003, 2.903050e+003, 7.651682e+001,-6.115041e+000, 2.905720e+003, 0.000000e+000, 0.000000e+000, 0.000000e+000
 3.035500e-001, 7.884756e+002, 2.450082e+003,-3.297773e+003, 2.898503e+003, 7.948595e+001, 5.523888e-001, 2.902995e+003, 0.000000e+000, 0.000000e+000, 0.000000e+000
 3.036000e-001, 7.356719e+002, 2.500164e+003,-3.278615e+003, 2.893157e+003, 8.177093e+001, 6.467185e+000, 2.899489e+003, 0.000000e+000, 0.000000e+000, 0.000000e+000
 3.036500e-001, 6.702135e+002, 2.547069e+003,-3.244234e+003, 2.887357e+003, 8.331873e+001, 1.139967e+001, 2.893454e+003, 0.000000e+000, 0.000000e+000, 0.000000e+000
 3.037000e-001, 6.198056e+002, 2.595454e+003,-3.224268e+003, 2.880907e+003, 8.412331e+001, 1.545107e+001, 2.886584e+003, 0.000000e+000, 0.000000e+000, 0.000000e+000
 3.037500e-001, 5.499692e+002, 2.641743e+003,-3.185173e+003, 2.874075e+003, 8.410384e+001, 1.845858e+001, 2.877182e+003, 0.000000e+000, 0.000000e+000, 0.000000e+000
 3.038000e-001, 5.014723e+002, 2.687880e+003,-3.164221e+003, 2.866705e+003, 8.328742e+001, 2.050937e+001, 2.866892e+003, 0.000000e+000, 0.000000e+000, 0.000000e+000
 3.038500e-001, 4.292811e+002, 2.733624e+003,-3.121768e+003, 2.858933e+003, 8.158466e+001, 2.152987e+001, 2.854146e+003, 0.000000e+000, 0.000000e+000, 0.000000e+000
 3.039000e-001, 3.820898e+002, 2.776849e+003,-3.099666e+003, 2.850649e+003, 7.906367e+001, 2.159398e+001, 2.840495e+003, 0.000000e+000, 0.000000e+000, 0.000000e+000
 3.039500e-001, 3.099590e+002, 2.821811e+003,-3.055306e+003, 2.841834e+003, 7.564727e+001, 2.072335e+001, 2.824539e+003, 0.000000e+000, 0.000000e+000, 0.000000e+000
 3.040000e-001, 2.632849e+002, 2.861467e+003,-3.031798e+003, 2.832437e+003, 7.144408e+001, 1.897206e+001, 2.807709e+003, 0.000000e+000, 0.000000e+000, 0.000000e+000
 3.040500e-001, 1.935362e+002, 2.905146e+003,-2.986836e+003, 2.822289e+003, 6.640714e+001, 1.644693e+001, 2.788779e+003, 0.000000e+000, 0.000000e+000, 0.000000e+000
 3.041000e-001, 1.463634e+002, 2.940767e+003,-2.961489e+003, 2.811414e+003, 6.067295e+001, 1.317000e+001, 2.769040e+003, 0.000000e+000, 0.000000e+000, 0.000000e+000
 3.041500e-001, 8.080757e+001, 2.982492e+003,-2.916923e+003, 2.799527e+003, 5.423610e+001, 9.312296e+000, 2.747417e+003, 0.000000e+000, 0.000000e+000, 0.000000e+000
 3.042000e-001, 3.194869e+001, 3.013943e+003,-2.889138e+003, 2.786739e+003, 4.723874e+001, 4.852463e+000, 2.725063e+003, 0.000000e+000, 0.000000e+000, 0.000000e+000
 3.042500e-001,-2.833397e+001, 3.053009e+003,-2.845608e+003, 2.772697e+003, 3.971975e+001, 1.345487e-003, 2.701008e+003, 0.000000e+000, 0.000000e+000, 0.000000e+000
 3.043000e-001,-8.005116e+001, 3.080530e+003,-2.814743e+003, 2.757599e+003, 3.180183e+001,-5.308948e+000, 2.676290e+003, 0.000000e+000, 0.000000e+000, 0.000000e+000
 3.043500e-001,-1.346983e+002, 3.116299e+003,-2.772582e+003, 2.741074e+003, 2.356349e+001,-1.084852e+001, 2.649991e+003, 0.000000e+000, 0.000000e+000, 0.000000e+000
 3.044000e-001,-1.901496e+002, 3.140438e+003,-2.738133e+003, 2.723385e+003, 1.508746e+001,-1.672268e+001, 2.623072e+003, 0.000000e+000, 0.000000e+000, 0.000000e+000
 3.044500e-001,-2.393405e+002, 3.172399e+003,-2.697477e+003, 2.704179e+003, 6.483702e+000,-2.269586e+001, 2.594627e+003, 0.000000e+000, 0.000000e+000, 0.000000e+000
 3.045000e-001,-2.988257e+002, 3.193873e+003,-2.659236e+003, 2.683744e+003,-2.216148e+000,-2.889104e+001, 2.565588e+003, 0.000000e+000, 0.000000e+000, 0.000000e+000
 3.045500e-001,-3.430624e+002, 3.221628e+003,-2.620129e+003, 2.661769e+003,-1.087809e+001,-3.507347e+001, 2.535029e+003, 0.000000e+000, 0.000000e+000, 0.000000e+000
 3.046000e-001,-4.061406e+002, 3.241163e+003,-2.578239e+003, 2.638519e+003,-1.952204e+001,-4.136021e+001, 2.503900e+003, 0.000000e+000, 0.000000e+000, 0.000000e+000
 3.046500e-001,-4.460963e+002, 3.264385e+003,-2.540672e+003, 2.613732e+003,-2.799444e+001,-4.752099e+001, 2.471245e+003, 0.000000e+000, 0.000000e+000, 0.000000e+000
 3.047000e-001,-5.116158e+002, 3.282589e+003,-2.495567e+003, 2.587604e+003,-3.635843e+001,-5.364775e+001, 2.438068e+003, 0.000000e+000, 0.000000e+000, 0.000000e+000
 3.047500e-001,-5.480963e+002, 3.300994e+003,-2.459442e+003, 2.559931e+003,-4.444359e+001,-5.952092e+001, 2.403372e+003, 0.000000e+000, 0.000000e+000, 0.000000e+000
 3.048000e-001,-6.144261e+002, 3.318275e+003,-2.411686e+003, 2.530807e+003,-5.234270e+001,-6.519860e+001, 2.368237e+003, 0.000000e+000, 0.000000e+000, 0.000000e+000
 3.048500e-001,-6.484158e+002, 3.331644e+003,-2.376731e+003, 2.500100e+003,-5.987261e+001,-7.048390e+001, 2.331624e+003, 0.000000e+000, 0.000000e+000, 0.000000e+000
 3.049000e-001,-7.138020e+002, 3.348192e+003,-2.326848e+003, 2.467791e+003,-6.714078e+001,-7.540414e+001, 2.294679e+003, 0.000000e+000, 0.000000e+000, 0.000000e+000
 3.049500e-001,-7.465156e+002, 3.356440e+003,-2.292540e+003, 2.433838e+003,-7.396006e+001,-7.980202e+001, 2.256334e+003, 0.000000e+000, 0.000000e+000, 0.000000e+000
 3.050000e-001,-8.094390e+002, 3.372254e+003,-2.240889e+003, 2.398123e+003,-8.043945e+001,-8.368512e+001, 2.217763e+003, 0.000000e+000, 0.000000e+000, 0.000000e+000
 3.050500e-001,-8.422972e+002, 3.375505e+003,-2.206459e+003, 2.360708e+003,-8.640173e+001,-8.695264e+001, 2.177886e+003, 0.000000e+000, 0.000000e+000, 0.000000e+000
 3.051000e-001,-9.017142e+002, 3.390445e+003,-2.153218e+003, 2.321410e+003,-9.194799e+001,-8.960488e+001, 2.137858e+003, 0.000000e+000, 0.000000e+000, 0.000000e+000
 3.051500e-001,-9.362032e+002, 3.389076e+003,-2.117746e+003, 2.280396e+003,-9.692773e+001,-9.160756e+001, 2.096615e+003, 0.000000e+000, 0.000000e+000, 0.000000e+000
 3.052000e-001,-9.916104e+002, 3.402926e+003,-2.062979e+003, 2.237457e+003,-1.014285e+002,-9.296138e+001, 2.055238e+003, 0.000000e+000, 0.000000e+000, 0.000000e+000
 3.052500e-001,-1.029045e+003, 3.397546e+003,-2.025575e+003, 2.192852e+003,-1.053418e+002,-9.369676e+001, 2.012716e+003, 0.000000e+000, 0.000000e+000, 0.000000e+000
 3.053000e-001,-1.080391e+003, 3.410043e+003,-1.969353e+003, 2.146374e+003,-1.087386e+002,-9.381431e+001, 1.970009e+003, 0.000000e+000, 0.000000e+000, 0.000000e+000
 3.053500e-001,-1.121652e+003, 3.401413e+003,-1.929335e+003, 2.098350e+003,-1.115624e+002,-9.339512e+001, 1.926205e+003, 0.000000e+000, 0.000000e+000, 0.000000e+000
 3.054000e-001,-1.169177e+003, 3.412261e+003,-1.871846e+003, 2.048592e+003,-1.138648e+002,-9.243208e+001, 1.882106e+003, 0.000000e+000, 0.000000e+000, 0.000000e+000
 3.054500e-001,-1.214526e+003, 3.401179e+003,-1.828856e+003, 1.997449e+003,-1.156435e+002,-9.103535e+001, 1.836946e+003, 0.000000e+000, 0.000000e+000, 0.000000e+000
 3.055000e-001,-1.258621e+003, 3.410037e+003,-1.770439e+003, 1.944768e+003,-1.169273e+002,-8.917996e+001, 1.791348e+003, 0.000000e+000, 0.000000e+000, 0.000000e+000
 3.055500e-001,-1.307650e+003, 3.397226e+003,-1.724440e+003, 1.890874e+003,-1.177632e+002,-8.698355e+001, 1.744729e+003, 0.000000e+000, 0.000000e+000, 0.000000e+000
 3.056000e-001,-1.348804e+003, 3.403694e+003,-1.665534e+003, 1.835650e+003,-1.181531e+002,-8.439665e+001, 1.697522e+003, 0.000000e+000, 0.000000e+000, 0.000000e+000
 3.056500e-001,-1.400560e+003, 3.389733e+003,-1.616705e+003, 1.779364e+003,-1.181827e+002,-8.153004e+001, 1.649347e+003, 0.000000e+000, 0.000000e+000, 0.000000e+000
 3.057000e-001,-1.439378e+003, 3.393371e+003,-1.557734e+003, 1.721946e+003,-1.178245e+002,-7.831091e+001, 1.600455e+003, 0.000000e+000, 0.000000e+000, 0.000000e+000
 3.057500e-001,-1.492599e+003, 3.378660e+003,-1.506309e+003, 1.663582e+003,-1.171907e+002,-7.483961e+001, 1.550661e+003, 0.000000e+000, 0.000000e+000, 0.000000e+000
 3.058000e-001,-1.529855e+003, 3.379040e+003,-1.447558e+003, 1.604259e+003,-1.162245e+002,-7.102975e+001, 1.500048e+003, 0.000000e+000, 0.000000e+000, 0.000000e+000
 3.058500e-001,-1.583249e+003, 3.363810e+003,-1.393687e+003, 1.544082e+003,-1.150532e+002,-6.697706e+001, 1.448601e+003, 0.000000e+000, 0.000000e+000, 0.000000e+000
 3.059000e-001,-1.619887e+003, 3.360591e+003,-1.335219e+003, 1.483107e+003,-1.135966e+002,-6.259627e+001, 1.396259e+003, 0.000000e+000, 0.000000e+000, 0.000000e+000
 3.059500e-001,-1.672345e+003, 3.344941e+003,-1.278907e+003, 1.421368e+003,-1.119880e+002,-5.798832e+001, 1.343132e+003, 0.000000e+000, 0.000000e+000, 0.000000e+000
 3.060000e-001,-1.709395e+003, 3.337936e+003,-1.220583e+003, 1.358994e+003,-1.101336e+002,-5.308294e+001, 1.289053e+003, 0.000000e+000, 0.000000e+000, 0.000000e+000
 3.060500e-001,-1.760096e+003, 3.321879e+003,-1.161729e+003, 1.295970e+003,-1.081668e+002,-4.799350e+001, 1.234202e+003, 0.000000e+000, 0.000000e+000, 0.000000e+000
 3.061000e-001,-1.798492e+003, 3.311087e+003,-1.103304e+003, 1.232492e+003,-1.059928e+002,-4.267190e+001, 1.178355e+003, 0.000000e+000, 0.000000e+000, 0.000000e+000
 3.061500e-001,-1.846885e+003, 3.294585e+003,-1.041807e+003, 1.168513e+003,-1.037411e+002,-3.724402e+001, 1.121708e+003, 0.000000e+000, 0.000000e+000, 0.000000e+000
 3.062000e-001,-1.887256e+003, 3.280179e+003,-9.830684e+002, 1.104276e+003,-1.013274e+002,-3.168171e+001, 1.064042e+003, 0.000000e+000, 0.000000e+000, 0.000000e+000
 3.062500e-001,-1.932980e+003, 3.263159e+003,-9.189451e+002, 1.039712e+003,-9.887504e+001,-2.611537e+001, 1.005511e+003, 0.000000e+000, 0.000000e+000, 0.000000e+000
 3.063000e-001,-1.975476e+003, 3.245425e+003,-8.598295e+002, 9.750787e+002,-9.631734e+001,-2.052689e+001, 9.459691e+002, 0.000000e+000, 0.000000e+000, 0.000000e+000
 3.063500e-001,-2.018279e+003, 3.227776e+003,-7.932913e+002, 9.102959e+002,-9.376865e+001,-1.503822e+001, 8.854869e+002, 0.000000e+000, 0.000000e+000, 0.000000e+000
 3.064000e-001,-2.062511e+003, 3.207034e+003,-7.339196e+002, 8.455984e+002,-9.118211e+001,-9.628884e+000, 8.240454e+002, 0.000000e+000, 0.000000e+000, 0.000000e+000
 3.064500e-001,-2.102233e+003, 3.188599e+003,-6.653673e+002, 7.808989e+002,-8.865958e+001,-4.399684e+000, 7.615990e+002, 0.000000e+000, 0.000000e+000, 0.000000e+000
 3.065000e-001,-2.147346e+003, 3.165126e+003,-6.059930e+002, 7.163788e+002,-8.617100e+001, 6.810448e-001, 6.983023e+002, 0.000000e+000, 0.000000e+000, 0.000000e+000
 3.065500e-001,-2.183960e+003, 3.145692e+003,-5.359393e+002, 6.519530e+002,-8.380180e+001, 5.541080e+000, 6.339637e+002, 0.000000e+000, 0.000000e+000, 0.000000e+000
 3.066000e-001,-2.228821e+003, 3.119676e+003,-4.768323e+002, 5.877304e+002,-8.153242e+001, 1.022427e+001, 5.689387e+002, 0.000000e+000, 0.000000e+000, 0.000000e+000
 3.066500e-001,-2.262510e+003, 3.098987e+003,-4.057908e+002, 5.236418e+002,-7.942880e+001, 1.468692e+001, 5.028692e+002, 0.000000e+000, 0.000000e+000, 0.000000e+000
 3.067000e-001,-2.305934e+003, 3.070508e+003,-3.471146e+002, 4.597204e+002,-7.747436e+001, 1.897785e+001, 4.363160e+002, 0.000000e+000, 0.000000e+000, 0.000000e+000
 3.067500e-001,-2.337128e+003, 3.048297e+003,-2.755089e+002, 3.959297e+002,-7.571468e+001, 2.307577e+001, 3.687438e+002, 0.000000e+000, 0.000000e+000, 0.000000e+000
 3.068000e-001,-2.378082e+003, 3.017341e+003,-2.172487e+002, 3.322368e+002,-7.412961e+001, 2.702236e+001, 3.009050e+002, 0.000000e+000, 0.000000e+000, 0.000000e+000
 3.068500e-001,-2.407425e+003, 2.993377e+003,-1.453837e+002, 2.686521e+002,-7.274652e+001, 3.081074e+001, 2.320879e+002, 0.000000e+000, 0.000000e+000, 0.000000e+000
 3.069000e-001,-2.445132e+003, 2.959864e+003,-8.735466e+001, 2.050939e+002,-7.153728e+001, 3.446397e+001, 1.632091e+002, 0.000000e+000, 0.000000e+000, 0.000000e+000
 3.069500e-001,-2.473351e+003, 2.933992e+003,-1.545887e+001, 1.416251e+002,-7.051595e+001, 3.798443e+001, 9.339622e+001, 0.000000e+000, 0.000000e+000, 0.000000e+000
 3.070000e-001,-2.507307e+003, 2.897822e+003, 4.261495e+001, 7.813303e+001,-6.964471e+001, 4.137048e+001, 2.369591e+001, 0.000000e+000, 0.000000e+000, 0.000000e+000
 3.070500e-001,-2.535033e+003, 2.869980e+003, 1.143010e+002, 1.472620e+001,-6.893055e+001, 4.463451e+001,-4.689559e+001, 0.000000e+000, 0.000000e+000, 0.000000e+000
 3.071000e-001,-2.564943e+003, 2.831065e+003, 1.726780e+002,-4.872467e+001,-6.832671e+001, 4.775139e+001,-1.172365e+002, 0.000000e+000, 0.000000e+000, 0.000000e+000
 3.071500e-001,-2.592533e+003, 2.801285e+003, 2.438183e+002,-1.120842e+002,-6.783904e+001, 5.075003e+001,-1.884221e+002, 0.000000e+000, 0.000000e+000, 0.000000e+000
 3.072000e-001,-2.618249e+003, 2.759577e+003, 3.026541e+002,-1.754889e+002,-6.741425e+001, 5.358868e+001,-2.592486e+002, 0.000000e+000, 0.000000e+000, 0.000000e+000
 3.072500e-001,-2.645688e+003, 2.727949e+003, 3.727852e+002,-2.388018e+002,-6.706100e+001, 5.632137e+001,-3.308583e+002, 0.000000e+000, 0.000000e+000, 0.000000e+000
 3.073000e-001,-2.667168e+003, 2.683451e+003, 4.321076e+002,-3.021596e+002,-6.672280e+001, 5.889834e+001,-4.020161e+002, 0.000000e+000, 0.000000e+000, 0.000000e+000
 3.073500e-001,-2.694075e+003, 2.650088e+003, 5.006811e+002,-3.654482e+002,-6.641235e+001, 6.140442e+001,-4.738699e+002, 0.000000e+000, 0.000000e+000, 0.000000e+000
 3.074000e-001,-2.711408e+003, 2.602864e+003, 5.604330e+002,-4.287961e+002,-6.607370e+001, 6.378759e+001,-5.451816e+002, 0.000000e+000, 0.000000e+000, 0.000000e+000
 3.074500e-001,-2.737146e+003, 2.567858e+003, 6.269185e+002,-4.921300e+002,-6.572200e+001, 6.616225e+001,-6.170717e+002, 0.000000e+000, 0.000000e+000, 0.000000e+000
 3.075000e-001,-2.750604e+003, 2.518030e+003, 6.870389e+002,-5.555575e+002,-6.530581e+001, 6.847437e+001,-6.883254e+002, 0.000000e+000, 0.000000e+000, 0.000000e+000
 3.075500e-001,-2.774444e+003, 2.481423e+003, 7.510452e+002,-6.190523e+002,-6.483922e+001, 7.085855e+001,-7.600157e+002, 0.000000e+000, 0.000000e+000, 0.000000e+000
 3.076000e-001,-2.784520e+003, 2.429181e+003, 8.115443e+002,-6.826870e+002,-6.427949e+001, 7.325397e+001,-8.309739e+002, 0.000000e+000, 0.000000e+000, 0.000000e+000
 3.076500e-001,-2.805800e+003, 2.390952e+003, 8.729058e+002,-7.464778e+002,-6.363517e+001, 7.580031e+001,-9.022167e+002, 0.000000e+000, 0.000000e+000, 0.000000e+000
 3.077000e-001,-2.813196e+003, 2.336557e+003, 9.338903e+002,-8.104484e+002,-6.287693e+001, 7.842350e+001,-9.726389e+002, 0.000000e+000, 0.000000e+000, 0.000000e+000
 3.077500e-001,-2.831418e+003, 2.296623e+003, 9.926833e+002,-8.746465e+002,-6.200341e+001, 8.125208e+001,-1.043201e+003, 0.000000e+000, 0.000000e+000, 0.000000e+000
 3.078000e-001,-2.836952e+003, 2.240410e+003, 1.054316e+003,-9.390392e+002,-6.100359e+001, 8.419507e+001,-1.112870e+003, 0.000000e+000, 0.000000e+000, 0.000000e+000
 3.078500e-001,-2.851812e+003, 2.198638e+003, 1.110800e+003,-1.003694e+003,-5.986275e+001, 8.735763e+001,-1.182556e+003, 0.000000e+000, 0.000000e+000, 0.000000e+000
 3.079000e-001,-2.856273e+003, 2.141018e+003, 1.173208e+003,-1.068522e+003,-5.859282e+001, 9.063445e+001,-1.251299e+003, 0.000000e+000, 0.000000e+000, 0.000000e+000
 3.079500e-001,-2.867621e+003, 2.097246e+003, 1.227722e+003,-1.133600e+003,-5.716363e+001, 9.410206e+001,-1.319961e+003, 0.000000e+000, 0.000000e+000, 0.000000e+000
 3.080000e-001,-2.871617e+003, 2.038681e+003, 1.290890e+003,-1.198800e+003,-5.561361e+001, 9.765042e+001,-1.387648e+003, 0.000000e+000, 0.000000e+000, 0.000000e+000
 3.080500e-001,-2.879407e+003, 1.992740e+003, 1.343751e+003,-1.264198e+003,-5.389639e+001, 1.013291e+002,-1.455180e+003, 0.000000e+000, 0.000000e+000, 0.000000e+000
 3.081000e-001,-2.883251e+003, 1.933719e+003, 1.407455e+003,-1.329644e+003,-5.207846e+001, 1.050376e+002,-1.521718e+003, 0.000000e+000, 0.000000e+000, 0.000000e+000
 3.081500e-001,-2.887512e+003, 1.885452e+003, 1.458898e+003,-1.395214e+003,-5.009789e+001, 1.088040e+002,-1.588037e+003, 0.000000e+000, 0.000000e+000, 0.000000e+000
 3.082000e-001,-2.891199e+003, 1.826448e+003, 1.522706e+003,-1.460755e+003,-4.804805e+001, 1.125515e+002,-1.653344e+003, 0.000000e+000, 0.000000e+000, 0.000000e+000
 3.082500e-001,-2.892043e+003, 1.775724e+003, 1.572886e+003,-1.526336e+003,-4.585318e+001, 1.162924e+002,-1.718371e+003, 0.000000e+000, 0.000000e+000, 0.000000e+000
 3.083000e-001,-2.895315e+003, 1.717154e+003, 1.636221e+003,-1.591823e+003,-4.362949e+001, 1.199831e+002,-1.782367e+003, 0.000000e+000, 0.000000e+000, 0.000000e+000
 3.083500e-001,-2.892980e+003, 1.663883e+003, 1.685269e+003,-1.657266e+003,-4.129000e+001, 1.236217e+002,-1.846016e+003, 0.000000e+000, 0.000000e+000, 0.000000e+000
 3.084000e-001,-2.895436e+003, 1.606067e+003, 1.747523e+003,-1.722560e+003,-3.896720e+001, 1.272005e+002,-1.908614e+003, 0.000000e+000, 0.000000e+000, 0.000000e+000
 3.084500e-001,-2.890323e+003, 1.550215e+003, 1.795610e+003,-1.787728e+003,-3.656632e+001, 1.307007e+002,-1.970797e+003, 0.000000e+000, 0.000000e+000, 0.000000e+000
 3.085000e-001,-2.891545e+003, 1.493351e+003, 1.856245e+003,-1.852691e+003,-3.422778e+001, 1.341452e+002,-2.031916e+003, 0.000000e+000, 0.000000e+000, 0.000000e+000
 3.085500e-001,-2.884216e+003, 1.434944e+003, 1.903626e+003,-1.917436e+003,-3.185323e+001, 1.374931e+002,-2.092555e+003, 0.000000e+000, 0.000000e+000, 0.000000e+000
 3.086000e-001,-2.883855e+003, 1.379098e+003, 1.962240e+003,-1.981910e+003,-2.958206e+001, 1.407894e+002,-2.152137e+003, 0.000000e+000, 0.000000e+000, 0.000000e+000
 3.086500e-001,-2.874968e+003, 1.318239e+003, 2.009242e+003,-2.046053e+003,-2.731719e+001, 1.439659e+002,-2.211183e+003, 0.000000e+000, 0.000000e+000, 0.000000e+000
 3.087000e-001,-2.872765e+003, 1.263354e+003, 2.065573e+003,-2.109831e+003,-2.518850e+001, 1.470805e+002,-2.269208e+003, 0.000000e+000, 0.000000e+000, 0.000000e+000
 3.087500e-001,-2.862960e+003, 1.200227e+003, 2.112523e+003,-2.173144e+003,-2.310569e+001, 1.500380e+002,-2.326654e+003, 0.000000e+000, 0.000000e+000, 0.000000e+000
 3.088000e-001,-2.858726e+003, 1.146140e+003, 2.166401e+003,-2.235969e+003,-2.118199e+001, 1.529026e+002,-2.383142e+003, 0.000000e+000, 0.000000e+000, 0.000000e+000
 3.088500e-001,-2.848489e+003, 1.081014e+003, 2.213545e+003,-2.298175e+003,-1.933953e+001, 1.555581e+002,-2.439017e+003, 0.000000e+000, 0.000000e+000, 0.000000e+000
 3.089000e-001,-2.842061e+003, 1.027489e+003, 2.264832e+003,-2.359751e+003,-1.766989e+001, 1.580733e+002,-2.494017e+003, 0.000000e+000, 0.000000e+000, 0.000000e+000
 3.089500e-001,-2.831627e+003, 9.607139e+002, 2.312248e+003,-2.420553e+003,-1.611281e+001, 1.603223e+002,-2.548371e+003, 0.000000e+000, 0.000000e+000, 0.000000e+000
 3.090000e-001,-2.822846e+003, 9.074756e+002, 2.360793e+003,-2.480581e+003,-1.473548e+001, 1.623795e+002,-2.601937e+003, 0.000000e+000, 0.000000e+000, 0.000000e+000
 3.090500e-001,-2.812166e+003, 8.394568e+002, 2.408358e+003,-2.539695e+003,-1.349915e+001, 1.641226e+002,-2.654815e+003, 0.000000e+000, 0.000000e+000, 0.000000e+000
 3.091000e-001,-2.800888e+003, 7.862206e+002, 2.454003e+003,-2.597908e+003,-1.244595e+001, 1.656324e+002,-2.706981e+003, 0.000000e+000, 0.000000e+000, 0.000000e+000
 3.091500e-001,-2.789668e+003, 7.173948e+002, 2.501417e+003,-2.655101e+003,-1.156059e+001, 1.668027e+002,-2.758400e+003, 0.000000e+000, 0.000000e+000, 0.000000e+000
 3.092000e-001,-2.775815e+003, 6.638905e+002, 2.544034e+003,-2.711293e+003,-1.086104e+001, 1.677185e+002,-2.809160e+003, 0.000000e+000, 0.000000e+000, 0.000000e+000
 3.092500e-001,-2.763621e+003, 5.946861e+002, 2.590887e+003,-2.766397e+003,-1.035485e+001, 1.682970e+002,-2.859098e+003, 0.000000e+000, 0.000000e+000, 0.000000e+000
 3.093000e-001,-2.747229e+003, 5.406721e+002, 2.630446e+003,-2.820433e+003,-1.003771e+001, 1.686214e+002,-2.908403e+003, 0.000000e+000, 0.000000e+000, 0.000000e+000
 3.093500e-001,-2.733605e+003, 4.714704e+002, 2.676298e+003,-2.873345e+003,-9.936810e+000, 1.686343e+002,-2.956801e+003, 0.000000e+000, 0.000000e+000, 0.000000e+000
 3.094000e-001,-2.714855e+003, 4.167408e+002, 2.712905e+003,-2.925142e+003,-1.002793e+001, 1.684079e+002,-3.004569e+003, 0.000000e+000, 0.000000e+000, 0.000000e+000
 3.094500e-001,-2.699410e+003, 3.478438e+002, 2.757349e+003,-2.975799e+003,-1.035251e+001, 1.679084e+002,-3.051350e+003, 0.000000e+000, 0.000000e+000, 0.000000e+000
 3.095000e-001,-2.678599e+003, 2.922313e+002, 2.791255e+003,-3.025307e+003,-1.086900e+001, 1.671871e+002,-3.097483e+003, 0.000000e+000, 0.000000e+000, 0.000000e+000
 3.095500e-001,-2.661053e+003, 2.238434e+002, 2.833933e+003,-3.073661e+003,-1.162649e+001, 1.662307e+002,-3.142567e+003, 0.000000e+000, 0.000000e+000, 0.000000e+000
 3.096000e-001,-2.638525e+003, 1.672231e+002, 2.865489e+003,-3.120832e+003,-1.256893e+001, 1.650635e+002,-3.186973e+003, 0.000000e+000, 0.000000e+000, 0.000000e+000
 3.096500e-001,-2.618700e+003, 9.945003e+001, 2.906071e+003,-3.166830e+003,-1.374642e+001, 1.636909e+002,-3.230291e+003, 0.000000e+000, 0.000000e+000, 0.000000e+000
 3.097000e-001,-2.594736e+003, 4.174442e+001, 2.935644e+003,-3.211609e+003,-1.509160e+001, 1.621089e+002,-3.272889e+003, 0.000000e+000, 0.000000e+000, 0.000000e+000
 3.097500e-001,-2.572526e+003,-2.538935e+001, 2.973792e+003,-3.255190e+003,-1.665013e+001, 1.603425e+002,-3.314386e+003, 0.000000e+000, 0.000000e+000, 0.000000e+000
 3.098000e-001,-2.547265e+003,-8.420264e+001, 3.001684e+003,-3.297522e+003,-1.834705e+001, 1.583642e+002,-3.355107e+003, 0.000000e+000, 0.000000e+000, 0.000000e+000
 3.098500e-001,-2.522607e+003,-1.507236e+002, 3.037023e+003,-3.338631e+003,-2.022015e+001, 1.562212e+002,-3.394735e+003, 0.000000e+000, 0.000000e+000, 0.000000e+000
 3.099000e-001,-2.495996e+003,-2.106073e+002, 3.063416e+003,-3.378472e+003,-2.219091e+001, 1.538709e+002,-3.433509e+003, 0.000000e+000, 0.000000e+000, 0.000000e+000
 3.099500e-001,-2.468867e+003,-2.765573e+002, 3.095542e+003,-3.417079e+003,-2.428825e+001, 1.513847e+002,-3.471211e+003, 0.000000e+000, 0.000000e+000, 0.000000e+000
 3.100000e-001,-2.440686e+003,-3.374157e+002, 3.120489e+003,-3.454423e+003,-2.643404e+001, 1.487136e+002,-3.507957e+003, 0.000000e+000, 0.000000e+000, 0.000000e+000
 3.100500e-001,-2.411135e+003,-4.028195e+002, 3.149013e+003,-3.490538e+003,-2.864950e+001, 1.459525e+002,-3.543658e+003, 0.000000e+000, 0.000000e+000, 0.000000e+000
 3.101000e-001,-2.381064e+003,-4.645097e+002, 3.172473e+003,-3.525422e+003,-3.086009e+001, 1.430525e+002,-3.578279e+003, 0.000000e+000, 0.000000e+000, 0.000000e+000
 3.101500e-001,-2.349242e+003,-5.293542e+002, 3.197098e+003,-3.559100e+003,-3.308190e+001, 1.401261e+002,-3.611884e+003, 0.000000e+000, 0.000000e+000, 0.000000e+000
 3.102000e-001,-2.316958e+003,-5.917052e+002, 3.218991e+003,-3.591597e+003,-3.524592e+001, 1.371274e+002,-3.644265e+003, 0.000000e+000, 0.000000e+000, 0.000000e+000
 3.102500e-001,-2.283143e+003,-6.559322e+002, 3.239574e+003,-3.622923e+003,-3.736618e+001, 1.341761e+002,-3.675664e+003, 0.000000e+000, 0.000000e+000, 0.000000e+000
 3.103000e-001,-2.248393e+003,-7.187686e+002, 3.259830e+003,-3.653123e+003,-3.937949e+001, 1.312289e+002,-3.705692e+003, 0.000000e+000, 0.000000e+000, 0.000000e+000
 3.103500e-001,-2.212971e+003,-7.822789e+002, 3.276418e+003,-3.682186e+003,-4.130062e+001, 1.284000e+002,-3.734779e+003, 0.000000e+000, 0.000000e+000, 0.000000e+000
 3.104000e-001,-2.175616e+003,-8.454428e+002, 3.294994e+003,-3.710170e+003,-4.307108e+001, 1.256472e+002,-3.762351e+003, 0.000000e+000, 0.000000e+000, 0.000000e+000
 3.104500e-001,-2.139014e+003,-9.081070e+002, 3.307812e+003,-3.737039e+003,-4.470845e+001, 1.230678e+002,-3.789035e+003, 0.000000e+000, 0.000000e+000, 0.000000e+000
 3.105000e-001,-2.099027e+003,-9.714697e+002, 3.324672e+003,-3.762857e+003,-4.615699e+001, 1.206200e+002,-3.814074e+003, 0.000000e+000, 0.000000e+000, 0.000000e+000
 3.105500e-001,-2.061628e+003,-1.033140e+003, 3.334066e+003,-3.787567e+003,-4.743839e+001, 1.183762e+002,-3.838287e+003, 0.000000e+000, 0.000000e+000, 0.000000e+000
 3.106000e-001,-2.019065e+003,-1.096600e+003, 3.349146e+003,-3.811235e+003,-4.849792e+001, 1.162976e+002,-3.860740e+003, 0.000000e+000, 0.000000e+000, 0.000000e+000
 3.106500e-001,-1.981122e+003,-1.157119e+003, 3.355509e+003,-3.833789e+003,-4.936204e+001, 1.144289e+002,-3.882434e+003, 0.000000e+000, 0.000000e+000, 0.000000e+000
 3.107000e-001,-1.936095e+003,-1.220585e+003, 3.368668e+003,-3.855292e+003,-4.997638e+001, 1.127391e+002,-3.902270e+003, 0.000000e+000, 0.000000e+000, 0.000000e+000
 3.107500e-001,-1.897679e+003,-1.279792e+003, 3.372373e+003,-3.875674e+003,-5.037245e+001, 1.112468e+002,-3.921407e+003, 0.000000e+000, 0.000000e+000, 0.000000e+000
 3.108000e-001,-1.850348e+003,-1.343161e+003, 3.383386e+003,-3.894991e+003,-5.049717e+001, 1.099354e+002,-3.938597e+003, 0.000000e+000, 0.000000e+000, 0.000000e+000
 3.108500e-001,-1.811353e+003,-1.400898e+003, 3.384750e+003,-3.913185e+003,-5.038707e+001, 1.088011e+002,-3.955141e+003, 0.000000e+000, 0.000000e+000, 0.000000e+000
 3.109000e-001,-1.761941e+003,-1.464029e+003, 3.393320e+003,-3.930301e+003,-4.999288e+001, 1.078466e+002,-3.969654e+003, 0.000000e+000, 0.000000e+000, 0.000000e+000
 3.109500e-001,-1.722134e+003,-1.520149e+003, 3.392600e+003,-3.946302e+003,-4.935542e+001, 1.070500e+002,-3.983557e+003, 0.000000e+000, 0.000000e+000, 0.000000e+000
 3.110000e-001,-1.670962e+003,-1.582849e+003, 3.398413e+003,-3.961218e+003,-4.843285e+001, 1.064348e+002,-3.995351e+003, 0.000000e+000, 0.000000e+000, 0.000000e+000
 3.110500e-001,-1.630059e+003,-1.637232e+003, 3.395835e+003,-3.975035e+003,-4.726853e+001, 1.059635e+002,-4.006561e+003, 0.000000e+000, 0.000000e+000, 0.000000e+000
 3.111000e-001,-1.577564e+003,-1.699254e+003, 3.398615e+003,-3.987758e+003,-4.583181e+001, 1.056777e+002,-4.015593e+003, 0.000000e+000, 0.000000e+000, 0.000000e+000
 3.111500e-001,-1.535301e+003,-1.751829e+003, 3.394397e+003,-3.999397e+003,-4.416550e+001, 1.055251e+002,-4.024059e+003, 0.000000e+000, 0.000000e+000, 0.000000e+000
 3.112000e-001,-1.482026e+003,-1.812881e+003, 3.393958e+003,-4.009926e+003,-4.225322e+001, 1.055597e+002,-4.030294e+003, 0.000000e+000, 0.000000e+000, 0.000000e+000
 3.112500e-001,-1.438204e+003,-1.863640e+003, 3.388327e+003,-4.019372e+003,-4.013291e+001, 1.057140e+002,-4.035983e+003, 0.000000e+000, 0.000000e+000, 0.000000e+000
 3.113000e-001,-1.384744e+003,-1.923406e+003, 3.384588e+003,-4.027675e+003,-3.780424e+001, 1.060477e+002,-4.039409e+003, 0.000000e+000, 0.000000e+000, 0.000000e+000
 3.113500e-001,-1.339231e+003,-1.972417e+003, 3.377762e+003,-4.034877e+003,-3.529536e+001, 1.064788e+002,-4.042317e+003, 0.000000e+000, 0.000000e+000, 0.000000e+000
 3.114000e-001,-1.286159e+003,-2.030575e+003, 3.370729e+003,-4.040885e+003,-3.262245e+001, 1.070668e+002,-4.042953e+003, 0.000000e+000, 0.000000e+000, 0.000000e+000
 3.114500e-001,-1.238872e+003,-2.077975e+003, 3.362889e+003,-4.045753e+003,-2.979933e+001, 1.077185e+002,-4.043104e+003, 0.000000e+000, 0.000000e+000, 0.000000e+000
 3.115000e-001,-1.186646e+003,-2.134215e+003, 3.352620e+003,-4.049362e+003,-2.685808e+001, 1.084900e+002,-4.040999e+003, 0.000000e+000, 0.000000e+000, 0.000000e+000
 3.115500e-001,-1.137524e+003,-2.180188e+003, 3.343863e+003,-4.051774e+003,-2.379519e+001, 1.092821e+002,-4.038445e+003, 0.000000e+000, 0.000000e+000, 0.000000e+000
 3.116000e-001,-1.086432e+003,-2.234217e+003, 3.330428e+003,-4.052857e+003,-2.065749e+001, 1.101473e+002,-4.033665e+003, 0.000000e+000, 0.000000e+000, 0.000000e+000
 3.116500e-001,-1.035426e+003,-2.278959e+003, 3.320749e+003,-4.052685e+003,-1.742348e+001, 1.109877e+002,-4.028469e+003, 0.000000e+000, 0.000000e+000, 0.000000e+000
 3.117000e-001,-9.855643e+002,-2.330507e+003, 3.304210e+003,-4.051124e+003,-1.415343e+001, 1.118528e+002,-4.021085e+003, 0.000000e+000, 0.000000e+000, 0.000000e+000
 3.117500e-001,-9.326551e+002,-2.374189e+003, 3.293500e+003,-4.048252e+003,-1.080979e+001, 1.126533e+002,-4.013305e+003, 0.000000e+000, 0.000000e+000, 0.000000e+000
 3.118000e-001,-8.839580e+002,-2.423012e+003, 3.273911e+003,-4.043949e+003,-7.464669e+000, 1.134363e+002,-4.003380e+003, 0.000000e+000, 0.000000e+000, 0.000000e+000
 3.118500e-001,-8.291885e+002,-2.465741e+003, 3.261987e+003,-4.038296e+003,-4.068669e+000, 1.141262e+002,-3.993059e+003, 0.000000e+000, 0.000000e+000, 0.000000e+000
 3.119000e-001,-7.814867e+002,-2.511630e+003, 3.239427e+003,-4.031188e+003,-7.035719e-001, 1.147665e+002,-3.980639e+003, 0.000000e+000, 0.000000e+000, 0.000000e+000
 3.119500e-001,-7.249973e+002,-2.553438e+003, 3.226073e+003,-4.022704e+003, 2.686473e+000, 1.152979e+002,-3.967805e+003, 0.000000e+000, 0.000000e+000, 0.000000e+000
 3.120000e-001,-6.780805e+002,-2.596236e+003, 3.200669e+003,-4.012759e+003, 6.013287e+000, 1.157569e+002,-3.952921e+003, 0.000000e+000, 0.000000e+000, 0.000000e+000
 3.120500e-001,-6.201217e+002,-2.637075e+003, 3.185681e+003,-4.001422e+003, 9.333712e+000, 1.160999e+002,-3.937590e+003, 0.000000e+000, 0.000000e+000, 0.000000e+000
 3.121000e-001,-5.737838e+002,-2.676694e+003, 3.157629e+003,-3.988625e+003, 1.255780e+001, 1.163521e+002,-3.920267e+003, 0.000000e+000, 0.000000e+000, 0.000000e+000
 3.121500e-001,-5.146960e+002,-2.716453e+003, 3.140828e+003,-3.974423e+003, 1.573891e+001, 1.164840e+002,-3.902454e+003, 0.000000e+000, 0.000000e+000, 0.000000e+000
 3.122000e-001,-4.687505e+002,-2.752895e+003, 3.110394e+003,-3.958766e+003, 1.879113e+001, 1.165054e+002,-3.882719e+003, 0.000000e+000, 0.000000e+000, 0.000000e+000
 3.122500e-001,-4.089132e+002,-2.791421e+003, 3.091624e+003,-3.941688e+003, 2.176128e+001, 1.163993e+002,-3.862442e+003, 0.000000e+000, 0.000000e+000, 0.000000e+000
 3.123000e-001,-3.631845e+002,-2.824784e+003, 3.059111e+003,-3.923159e+003, 2.457381e+001, 1.161576e+002,-3.840329e+003, 0.000000e+000, 0.000000e+000, 0.000000e+000
 3.123500e-001,-3.029535e+002,-2.861900e+003, 3.038213e+003,-3.903193e+003, 2.726731e+001, 1.157766e+002,-3.817615e+003, 0.000000e+000, 0.000000e+000, 0.000000e+000
 3.124000e-001,-2.572589e+002,-2.892370e+003, 3.003927e+003,-3.881781e+003, 2.978228e+001, 1.152301e+002,-3.793163e+003, 0.000000e+000, 0.000000e+000, 0.000000e+000
 3.124500e-001,-1.969136e+002,-2.927891e+003, 2.980713e+003,-3.858923e+003, 3.214830e+001, 1.145299e+002,-3.768044e+003, 0.000000e+000, 0.000000e+000, 0.000000e+000
 3.125000e-001,-1.510563e+002,-2.955717e+003, 2.944924e+003,-3.834629e+003, 3.432589e+001, 1.136345e+002,-3.741290e+003, 0.000000e+000, 0.000000e+000, 0.000000e+000
 3.125500e-001,-9.077770e+001,-2.989453e+003, 2.919162e+003,-3.808893e+003, 3.633514e+001, 1.125740e+002,-3.713793e+003, 0.000000e+000, 0.000000e+000, 0.000000e+000
 3.126000e-001,-4.456054e+001,-3.014908e+003, 2.882091e+003,-3.781744e+003, 3.815812e+001, 1.112953e+002,-3.684765e+003, 0.000000e+000, 0.000000e+000, 0.000000e+000
 3.126500e-001, 1.555547e+001,-3.046667e+003, 2.853511e+003,-3.753177e+003, 3.980493e+001, 1.098498e+002,-3.654907e+003, 0.000000e+000, 0.000000e+000, 0.000000e+000
 3.127000e-001, 6.229768e+001,-3.070012e+003, 2.815333e+003,-3.723237e+003, 4.127817e+001, 1.081756e+002,-3.623618e+003, 0.000000e+000, 0.000000e+000, 0.000000e+000
 3.127500e-001, 1.222001e+002,-3.099597e+003, 2.783661e+003,-3.691922e+003, 4.257748e+001, 1.063461e+002,-3.591405e+003, 0.000000e+000, 0.000000e+000, 0.000000e+000
 3.128000e-001, 1.695634e+002,-3.121053e+003, 2.744525e+003,-3.659291e+003, 4.372293e+001, 1.042928e+002,-3.557854e+003, 0.000000e+000, 0.000000e+000, 0.000000e+000
 3.128500e-001, 2.291994e+002,-3.148270e+003, 2.709523e+003,-3.625342e+003, 4.470371e+001, 1.021084e+002,-3.523283e+003, 0.000000e+000, 0.000000e+000, 0.000000e+000
 3.129000e-001, 2.771876e+002,-3.167998e+003, 2.669574e+003,-3.590140e+003, 4.555325e+001, 9.971819e+001,-3.487461e+003, 0.000000e+000, 0.000000e+000, 0.000000e+000
 3.129500e-001, 3.364698e+002,-3.192669e+003, 2.631081e+003,-3.553686e+003, 4.625114e+001, 9.722958e+001,-3.450533e+003, 0.000000e+000, 0.000000e+000, 0.000000e+000
 3.130000e-001, 3.849987e+002,-3.210773e+003, 2.590471e+003,-3.516044e+003, 4.684011e+001, 9.456126e+001,-3.412438e+003, 0.000000e+000, 0.000000e+000, 0.000000e+000
 3.130500e-001, 4.437974e+002,-3.232754e+003, 2.548424e+003,-3.477211e+003, 4.729214e+001, 9.182870e+001,-3.373162e+003, 0.000000e+000, 0.000000e+000, 0.000000e+000
 3.131000e-001, 4.927276e+002,-3.249292e+003, 2.507305e+003,-3.437248e+003, 4.765591e+001, 8.894432e+001,-3.332804e+003, 0.000000e+000, 0.000000e+000, 0.000000e+000
 3.131500e-001, 5.508877e+002,-3.268486e+003, 2.461741e+003,-3.396149e+003, 4.789876e+001, 8.602509e+001,-3.291209e+003, 0.000000e+000, 0.000000e+000, 0.000000e+000
 3.132000e-001, 6.000739e+002,-3.283483e+003, 2.420238e+003,-3.353971e+003, 4.807289e+001, 8.297909e+001,-3.248615e+003, 0.000000e+000, 0.000000e+000, 0.000000e+000
 3.132500e-001, 6.574424e+002,-3.299843e+003, 2.371278e+003,-3.310702e+003, 4.814429e+001, 7.991927e+001,-3.204749e+003, 0.000000e+000, 0.000000e+000, 0.000000e+000
 3.133000e-001, 7.067790e+002,-3.313303e+003, 2.329460e+003,-3.266397e+003, 4.816705e+001, 7.675340e+001,-3.159961e+003, 0.000000e+000, 0.000000e+000, 0.000000e+000
 3.133500e-001, 7.632262e+002,-3.326828e+003, 2.277290e+003,-3.221044e+003, 4.810851e+001, 7.358631e+001,-3.113885e+003, 0.000000e+000, 0.000000e+000, 0.000000e+000
 3.134000e-001, 8.126722e+002,-3.338739e+003, 2.235141e+003,-3.174700e+003, 4.802324e+001, 7.033125e+001,-3.066953e+003, 0.000000e+000, 0.000000e+000, 0.000000e+000
 3.134500e-001, 8.680942e+002,-3.349453e+003, 2.179994e+003,-3.127351e+003, 4.788150e+001, 6.708186e+001,-3.018729e+003, 0.000000e+000, 0.000000e+000, 0.000000e+000
 3.135000e-001, 9.176672e+002,-3.359780e+003, 2.137408e+003,-3.079061e+003, 4.773675e+001, 6.376310e+001,-2.969701e+003, 0.000000e+000, 0.000000e+000, 0.000000e+000
 3.135500e-001, 9.719676e+002,-3.367711e+003, 2.079560e+003,-3.029815e+003, 4.756215e+001, 6.045473e+001,-2.919391e+003, 0.000000e+000, 0.000000e+000, 0.000000e+000
 3.136000e-001, 1.021713e+003,-3.376398e+003, 2.036354e+003,-2.979687e+003, 4.740820e+001, 5.709881e+001,-2.868312e+003, 0.000000e+000, 0.000000e+000, 0.000000e+000
 3.136500e-001, 1.074774e+003,-3.381559e+003, 1.976128e+003,-2.928659e+003, 4.724977e+001, 5.375815e+001,-2.815969e+003, 0.000000e+000, 0.000000e+000, 0.000000e+000
 3.137000e-001, 1.124723e+003,-3.388523e+003, 1.932068e+003,-2.876813e+003, 4.713258e+001, 5.039542e+001,-2.762878e+003, 0.000000e+000, 0.000000e+000, 0.000000e+000
 3.137500e-001, 1.176381e+003,-3.390905e+003, 1.869842e+003,-2.824124e+003, 4.703144e+001, 4.705299e+001,-2.708555e+003, 0.000000e+000, 0.000000e+000, 0.000000e+000
 3.138000e-001, 1.226519e+003,-3.396049e+003, 1.824677e+003,-2.770680e+003, 4.698595e+001, 4.371542e+001,-2.653495e+003, 0.000000e+000, 0.000000e+000, 0.000000e+000
 3.138500e-001, 1.276562e+003,-3.395626e+003, 1.760880e+003,-2.716447e+003, 4.696951e+001, 4.040127e+001,-2.597249e+003, 0.000000e+000, 0.000000e+000, 0.000000e+000
 3.139000e-001, 1.326816e+003,-3.398849e+003, 1.714370e+003,-2.661512e+003, 4.701514e+001, 3.711649e+001,-2.540275e+003, 0.000000e+000, 0.000000e+000, 0.000000e+000
 3.139500e-001, 1.375003e+003,-3.395593e+003, 1.649466e+003,-2.605832e+003, 4.709457e+001, 3.385357e+001,-2.482178e+003, 0.000000e+000, 0.000000e+000, 0.000000e+000
 3.140000e-001, 1.425254e+003,-3.396804e+003, 1.601392e+003,-2.549490e+003, 4.723477e+001, 3.063839e+001,-2.423363e+003, 0.000000e+000, 0.000000e+000, 0.000000e+000
 3.140500e-001, 1.471357e+003,-3.390708e+003, 1.535852e+003,-2.492433e+003, 4.740685e+001, 2.743709e+001,-2.363506e+003, 0.000000e+000, 0.000000e+000, 0.000000e+000
 3.141000e-001, 1.521463e+003,-3.389838e+003, 1.486024e+003,-2.434741e+003, 4.763292e+001, 2.429383e+001,-2.302945e+003, 0.000000e+000, 0.000000e+000, 0.000000e+000
 3.141500e-001, 1.565307e+003,-3.380927e+003, 1.420286e+003,-2.376353e+003, 4.788550e+001, 2.115071e+001,-2.241439e+003, 0.000000e+000, 0.000000e+000, 0.000000e+000
 3.142000e-001, 1.615132e+003,-3.377927e+003, 1.368538e+003,-2.317344e+003, 4.818305e+001, 1.806856e+001,-2.179243e+003, 0.000000e+000, 0.000000e+000, 0.000000e+000
 3.142500e-001, 1.656625e+003,-3.366267e+003, 1.302974e+003,-2.257654e+003, 4.850197e+001, 1.496999e+001,-2.116210e+003, 0.000000e+000, 0.000000e+000, 0.000000e+000
 3.143000e-001, 1.706048e+003,-3.361101e+003, 1.249166e+003,-2.197354e+003, 4.885749e+001, 1.193084e+001,-2.052504e+003, 0.000000e+000, 0.000000e+000, 0.000000e+000
 3.143500e-001, 1.745187e+003,-3.346792e+003, 1.184062e+003,-2.136387e+003, 4.923201e+001, 8.860178e+000,-1.988072e+003, 0.000000e+000, 0.000000e+000, 0.000000e+000
 3.144000e-001, 1.794096e+003,-3.339412e+003, 1.128091e+003,-2.074823e+003, 4.963678e+001, 5.846501e+000,-1.922981e+003, 0.000000e+000, 0.000000e+000, 0.000000e+000
 3.144500e-001, 1.830947e+003,-3.322578e+003, 1.063642e+003,-2.012615e+003, 5.006158e+001, 2.791462e+000,-1.857275e+003, 0.000000e+000, 0.000000e+000, 0.000000e+000
 3.145000e-001, 1.879214e+003,-3.312913e+003, 1.005457e+003,-1.949827e+003, 5.051173e+001,-2.072757e-001,-1.790921e+003, 0.000000e+000, 0.000000e+000, 0.000000e+000
 3.145500e-001, 1.913880e+003,-3.293690e+003, 9.417809e+002,-1.886423e+003, 5.098490e+001,-3.250162e+000,-1.724062e+003, 0.000000e+000, 0.000000e+000, 0.000000e+000
 3.146000e-001, 1.961340e+003,-3.281634e+003, 8.814036e+002,-1.822463e+003, 5.147787e+001,-6.235125e+000,-1.656563e+003, 0.000000e+000, 0.000000e+000, 0.000000e+000
 3.146500e-001, 1.993931e+003,-3.260162e+003, 8.185596e+002,-1.757922e+003, 5.199627e+001,-9.260722e+000,-1.588668e+003, 0.000000e+000, 0.000000e+000, 0.000000e+000
 3.147000e-001, 2.040370e+003,-3.245574e+003, 7.560948e+002,-1.692848e+003, 5.252586e+001,-1.222602e+001,-1.520141e+003, 0.000000e+000, 0.000000e+000, 0.000000e+000
 3.147500e-001, 2.070988e+003,-3.221995e+003, 6.941016e+002,-1.627228e+003, 5.308019e+001,-1.522493e+001,-1.451325e+003, 0.000000e+000, 0.000000e+000, 0.000000e+000
 3.148000e-001, 2.116151e+003,-3.204716e+003, 6.297359e+002,-1.561098e+003, 5.363261e+001,-1.816310e+001,-1.381890e+003, 0.000000e+000, 0.000000e+000, 0.000000e+000
 3.148500e-001, 2.144890e+003,-3.179180e+003, 5.685826e+002,-1.494455e+003, 5.420488e+001,-2.112770e+001,-1.312274e+003, 0.000000e+000, 0.000000e+000, 0.000000e+000
 3.149000e-001, 2.188506e+003,-3.159057e+003, 5.025674e+002,-1.427321e+003, 5.475796e+001,-2.403532e+001,-1.242056e+003, 0.000000e+000, 0.000000e+000, 0.000000e+000
 3.149500e-001, 2.215470e+003,-3.131727e+003, 4.422157e+002,-1.359702e+003, 5.532246e+001,-2.696453e+001,-1.171766e+003, 0.000000e+000, 0.000000e+000, 0.000000e+000
 3.150000e-001, 2.257288e+003,-3.108633e+003, 3.748405e+002,-1.291609e+003, 5.584858e+001,-2.984532e+001,-1.100895e+003, 0.000000e+000, 0.000000e+000, 0.000000e+000
 3.150500e-001, 2.282608e+003,-3.079683e+003, 3.152224e+002,-1.223060e+003, 5.637638e+001,-3.274561e+001,-1.030057e+003, 0.000000e+000, 0.000000e+000, 0.000000e+000
 3.151000e-001, 2.322418e+003,-3.053533e+003, 2.467850e+002,-1.154055e+003, 5.684799e+001,-3.560936e+001,-9.586613e+002, 0.000000e+000, 0.000000e+000, 0.000000e+000
 3.151500e-001, 2.346261e+003,-3.023143e+003, 1.878028e+002,-1.084628e+003, 5.731299e+001,-3.849180e+001,-8.873984e+002, 0.000000e+000, 0.000000e+000, 0.000000e+000
 3.152000e-001, 2.383907e+003,-2.993903e+003, 1.185863e+002,-1.014769e+003, 5.770855e+001,-4.134986e+001,-8.156012e+002, 0.000000e+000, 0.000000e+000, 0.000000e+000
 3.152500e-001, 2.406467e+003,-2.962240e+003, 6.011988e+001,-9.445311e+002, 5.809276e+001,-4.422453e+001,-7.440258e+002, 0.000000e+000, 0.000000e+000, 0.000000e+000
 3.153000e-001, 2.441831e+003,-2.929921e+003,-9.618786e+000,-8.738995e+002, 5.840076e+001,-4.708390e+001,-6.719369e+002, 0.000000e+000, 0.000000e+000, 0.000000e+000
 3.153500e-001, 2.463303e+003,-2.897121e+003,-6.769767e+001,-8.029422e+002, 5.869684e+001,-4.995424e+001,-6.001475e+002, 0.000000e+000, 0.000000e+000, 0.000000e+000
 3.154000e-001, 2.496286e+003,-2.861775e+003,-1.377272e+002,-7.316415e+002, 5.891650e+001,-5.281307e+001,-5.278630e+002, 0.000000e+000, 0.000000e+000, 0.000000e+000
 3.154500e-001, 2.516841e+003,-2.827927e+003,-1.955351e+002,-6.600797e+002, 5.912689e+001,-5.567269e+001,-4.559445e+002, 0.000000e+000, 0.000000e+000, 0.000000e+000
 3.155000e-001, 2.547336e+003,-2.789635e+003,-2.656418e+002,-5.882346e+002, 5.926571e+001,-5.851889e+001,-3.835495e+002, 0.000000e+000, 0.000000e+000, 0.000000e+000
 3.155500e-001, 2.567093e+003,-2.754774e+003,-3.232663e+002,-5.161993e+002, 5.939915e+001,-6.135198e+001,-3.115782e+002, 0.000000e+000, 0.000000e+000, 0.000000e+000
 3.156000e-001, 2.594974e+003,-2.713644e+003,-3.932452e+002,-4.439456e+002, 5.946871e+001,-6.416545e+001,-2.391523e+002, 0.000000e+000, 0.000000e+000, 0.000000e+000
 3.156500e-001, 2.614000e+003,-2.677757e+003,-4.507353e+002,-3.715734e+002, 5.953609e+001,-6.695022e+001,-1.672025e+002, 0.000000e+000, 0.000000e+000, 0.000000e+000
 3.157000e-001, 2.639125e+003,-2.633923e+003,-5.203858e+002,-2.990476e+002, 5.954821e+001,-6.970723e+001,-9.482662e+001, 0.000000e+000, 0.000000e+000, 0.000000e+000
 3.157500e-001, 2.657441e+003,-2.596959e+003,-5.777528e+002,-2.264718e+002, 5.955963e+001,-7.242057e+001,-2.297648e+001, 0.000000e+000, 0.000000e+000, 0.000000e+000
 3.158000e-001, 2.679674e+003,-2.550586e+003,-6.468796e+002,-1.538036e+002, 5.952456e+001,-7.509830e+001, 4.926311e+001, 0.000000e+000, 0.000000e+000, 0.000000e+000
 3.158500e-001, 2.697280e+003,-2.512476e+003,-7.041077e+002,-8.114880e+001, 5.948891e+001,-7.771954e+001, 1.209289e+002, 0.000000e+000, 0.000000e+000, 0.000000e+000
 3.159000e-001, 2.716514e+003,-2.463759e+003,-7.725262e+002,-8.459761e+000, 5.941607e+001,-8.029874e+001, 1.929401e+002, 0.000000e+000, 0.000000e+000, 0.000000e+000
 3.159500e-001, 2.733406e+003,-2.424427e+003,-8.295865e+002, 6.415627e+001, 5.934284e+001,-8.281104e+001, 2.643318e+002, 0.000000e+000, 0.000000e+000, 0.000000e+000
 3.160000e-001, 2.749586e+003,-2.373589e+003,-8.971282e+002, 1.367488e+002, 5.924332e+001,-8.527625e+001, 3.360202e+002, 0.000000e+000, 0.000000e+000, 0.000000e+000
 3.160500e-001, 2.765765e+003,-2.332965e+003,-9.539907e+002, 2.092090e+002, 5.914531e+001,-8.766559e+001, 4.070473e+002, 0.000000e+000, 0.000000e+000, 0.000000e+000
 3.161000e-001, 2.778890e+003,-2.280240e+003,-1.020502e+003, 2.815847e+002, 5.903439e+001,-9.000329e+001, 4.783207e+002, 0.000000e+000, 0.000000e+000, 0.000000e+000
 3.161500e-001, 2.794358e+003,-2.238260e+003,-1.077142e+003, 3.537658e+002, 5.892960e+001,-9.225639e+001, 5.488968e+002, 0.000000e+000, 0.000000e+000, 0.000000e+000
 3.162000e-001, 2.804472e+003,-2.183880e+003,-1.142480e+003, 4.257960e+002, 5.882759e+001,-9.445293e+001, 6.196699e+002, 0.000000e+000, 0.000000e+000, 0.000000e+000
 3.162500e-001, 2.819208e+003,-2.140481e+003,-1.198873e+003, 4.975651e+002, 5.873866e+001,-9.655566e+001, 6.897153e+002, 0.000000e+000, 0.000000e+000, 0.000000e+000
 3.163000e-001, 2.826385e+003,-2.084657e+003,-1.262897e+003, 5.691110e+002, 5.866904e+001,-9.859644e+001, 7.599106e+002, 0.000000e+000, 0.000000e+000, 0.000000e+000
 3.163500e-001, 2.840321e+003,-2.039779e+003,-1.319017e+003, 6.403271e+002, 5.862012e+001,-1.005341e+002, 8.293519e+002, 0.000000e+000, 0.000000e+000, 0.000000e+000
 3.164000e-001, 2.844643e+003,-1.982691e+003,-1.381573e+003, 7.112451e+002, 5.860543e+001,-1.024051e+002, 8.988975e+002, 0.000000e+000, 0.000000e+000, 0.000000e+000
 3.164500e-001, 2.857652e+003,-1.936271e+003,-1.437385e+003, 7.817662e+002, 5.861733e+001,-1.041649e+002, 9.676636e+002, 0.000000e+000, 0.000000e+000, 0.000000e+000
 3.165000e-001, 2.859203e+003,-1.878065e+003,-1.498308e+003, 8.519157e+002, 5.867420e+001,-1.058555e+002, 1.036489e+003, 0.000000e+000, 0.000000e+000, 0.000000e+000
 3.165500e-001, 2.871096e+003,-1.830048e+003,-1.553762e+003, 9.216073e+002, 5.875964e+001,-1.074303e+002, 1.104506e+003, 0.000000e+000, 0.000000e+000, 0.000000e+000
 3.166000e-001, 2.869965e+003,-1.770842e+003,-1.612879e+003, 9.908598e+002, 5.889490e+001,-1.089373e+002, 1.172535e+003, 0.000000e+000, 0.000000e+000, 0.000000e+000
 3.166500e-001, 2.880506e+003,-1.721187e+003,-1.667917e+003, 1.059603e+003, 5.905574e+001,-1.103284e+002, 1.239723e+003, 0.000000e+000, 0.000000e+000, 0.000000e+000
 3.167000e-001, 2.876805e+003,-1.661083e+003,-1.725053e+003, 1.127847e+003, 5.926512e+001,-1.116579e+002, 1.306874e+003, 0.000000e+000, 0.000000e+000, 0.000000e+000
 3.167500e-001, 2.885733e+003,-1.609777e+003,-1.779616e+003, 1.195539e+003, 5.949259e+001,-1.128764e+002, 1.373144e+003, 0.000000e+000, 0.000000e+000, 0.000000e+000
 3.168000e-001, 2.879612e+003,-1.548873e+003,-1.834612e+003, 1.262681e+003, 5.976241e+001,-1.140436e+002, 1.439328e+003, 0.000000e+000, 0.000000e+000, 0.000000e+000
 3.168500e-001, 2.886667e+003,-1.495934e+003,-1.888641e+003, 1.329237e+003, 6.004002e+001,-1.151088e+002, 1.504584e+003, 0.000000e+000, 0.000000e+000, 0.000000e+000
 3.169000e-001, 2.878319e+003,-1.434332e+003,-1.941365e+003, 1.395196e+003, 6.035115e+001,-1.161355e+002, 1.569707e+003, 0.000000e+000, 0.000000e+000, 0.000000e+000
 3.169500e-001, 2.883257e+003,-1.379810e+003,-1.994807e+003, 1.460538e+003, 6.065915e+001,-1.170712e+002, 1.633850e+003, 0.000000e+000, 0.000000e+000, 0.000000e+000
 3.170000e-001, 2.872912e+003,-1.317618e+003,-2.045157e+003, 1.525239e+003, 6.099143e+001,-1.179814e+002, 1.697817e+003, 0.000000e+000, 0.000000e+000, 0.000000e+000
 3.170500e-001, 2.875505e+003,-1.261587e+003,-2.097962e+003, 1.589293e+003, 6.131077e+001,-1.188119e+002, 1.760751e+003, 0.000000e+000, 0.000000e+000, 0.000000e+000
 3.171000e-001, 2.863417e+003,-1.198912e+003,-2.145868e+003, 1.652660e+003, 6.164622e+001,-1.196280e+002, 1.823470e+003, 0.000000e+000, 0.000000e+000, 0.000000e+000
 3.171500e-001, 2.863452e+003,-1.141458e+003,-2.197974e+003, 1.715352e+003, 6.196070e+001,-1.203748e+002, 1.885100e+003, 0.000000e+000, 0.000000e+000, 0.000000e+000
 3.172000e-001, 2.849865e+003,-1.078402e+003,-2.243394e+003, 1.777310e+003, 6.228440e+001,-1.211156e+002, 1.946481e+003, 0.000000e+000, 0.000000e+000, 0.000000e+000
 3.172500e-001, 2.847135e+003,-1.019613e+003,-2.294721e+003, 1.838562e+003, 6.258035e+001,-1.217962e+002, 2.006714e+003, 0.000000e+000, 0.000000e+000, 0.000000e+000
 3.173000e-001, 2.832264e+003,-9.562656e+002,-2.337633e+003, 1.899037e+003, 6.287900e+001,-1.224767e+002, 2.066670e+003, 0.000000e+000, 0.000000e+000, 0.000000e+000
 3.173500e-001, 2.826568e+003,-8.962209e+002,-2.388073e+003, 1.958776e+003, 6.314302e+001,-1.231058e+002, 2.125416e+003, 0.000000e+000, 0.000000e+000, 0.000000e+000
 3.174000e-001, 2.810586e+003,-8.326610e+002,-2.428473e+003, 2.017699e+003, 6.340230e+001,-1.237394e+002, 2.183856e+003, 0.000000e+000, 0.000000e+000, 0.000000e+000
 3.174500e-001, 2.801743e+003,-7.714355e+002,-2.477889e+003, 2.075862e+003, 6.361860e+001,-1.243308e+002, 2.241020e+003, 0.000000e+000, 0.000000e+000, 0.000000e+000
 3.175000e-001, 2.784776e+003,-7.077349e+002,-2.515791e+003, 2.133176e+003, 6.382076e+001,-1.249307e+002, 2.297851e+003, 0.000000e+000, 0.000000e+000, 0.000000e+000
 3.175500e-001, 2.772641e+003,-6.454014e+002,-2.564017e+003, 2.189709e+003, 6.396950e+001,-1.254995e+002, 2.353336e+003, 0.000000e+000, 0.000000e+000, 0.000000e+000
 3.176000e-001, 2.754781e+003,-5.816341e+002,-2.599460e+003, 2.245368e+003, 6.409267e+001,-1.260809e+002, 2.408460e+003, 0.000000e+000, 0.000000e+000, 0.000000e+000
 3.176500e-001, 2.739270e+003,-5.182711e+002,-2.646313e+003, 2.300228e+003, 6.415030e+001,-1.266435e+002, 2.462166e+003, 0.000000e+000, 0.000000e+000, 0.000000e+000
 3.177000e-001, 2.720583e+003,-4.545213e+002,-2.679369e+003, 2.354194e+003, 6.416990e+001,-1.272224e+002, 2.515483e+003, 0.000000e+000, 0.000000e+000, 0.000000e+000
 3.177500e-001, 2.701688e+003,-3.902192e+002,-2.724651e+003, 2.407345e+003, 6.411154e+001,-1.277957e+002, 2.567310e+003, 0.000000e+000, 0.000000e+000, 0.000000e+000
 3.178000e-001, 2.682217e+003,-3.265854e+002,-2.755421e+003, 2.459584e+003, 6.400333e+001,-1.283877e+002, 2.618724e+003, 0.000000e+000, 0.000000e+000, 0.000000e+000
 3.178500e-001, 2.660014e+003,-2.614477e+002,-2.798932e+003, 2.510987e+003, 6.380626e+001,-1.289863e+002, 2.668576e+003, 0.000000e+000, 0.000000e+000, 0.000000e+000
 3.179000e-001, 2.639777e+003,-1.980413e+002,-2.827548e+003, 2.561459e+003, 6.354983e+001,-1.296034e+002, 2.717996e+003, 0.000000e+000, 0.000000e+000, 0.000000e+000
 3.179500e-001, 2.614414e+003,-1.321821e+002,-2.869080e+003, 2.611069e+003, 6.319664e+001,-1.302373e+002, 2.765792e+003, 0.000000e+000, 0.000000e+000, 0.000000e+000
 3.180000e-001, 2.593394e+003,-6.912122e+001,-2.895696e+003, 2.659726e+003, 6.277804e+001,-1.308861e+002, 2.813136e+003, 0.000000e+000, 0.000000e+000, 0.000000e+000
 3.180500e-001, 2.565075e+003,-2.658227e+000,-2.935035e+003, 2.707487e+003, 6.225845e+001,-1.315591e+002, 2.858801e+003, 0.000000e+000, 0.000000e+000, 0.000000e+000
 3.181000e-001, 2.543205e+003, 5.994025e+001,-2.959816e+003, 2.754269e+003, 6.167096e+001,-1.322402e+002, 2.904001e+003, 0.000000e+000, 0.000000e+000, 0.000000e+000
 3.181500e-001, 2.512167e+003, 1.268914e+002,-2.996745e+003, 2.800115e+003, 6.098164e+001,-1.329503e+002, 2.947470e+003, 0.000000e+000, 0.000000e+000, 0.000000e+000
 3.182000e-001, 2.489326e+003, 1.889190e+002,-3.019856e+003, 2.844955e+003, 6.022478e+001,-1.336590e+002, 2.990463e+003, 0.000000e+000, 0.000000e+000, 0.000000e+000
 3.182500e-001, 2.455828e+003, 2.562477e+002,-3.054149e+003, 2.888818e+003, 5.936776e+001,-1.343994e+002, 3.031682e+003, 0.000000e+000, 0.000000e+000, 0.000000e+000
 3.183000e-001, 2.431841e+003, 3.176075e+002,-3.075750e+003, 2.931647e+003, 5.844529e+001,-1.351277e+002, 3.072410e+003, 0.000000e+000, 0.000000e+000, 0.000000e+000
 3.183500e-001, 2.396152e+003, 3.852064e+002,-3.107187e+003, 2.973458e+003, 5.742585e+001,-1.358891e+002, 3.111325e+003, 0.000000e+000, 0.000000e+000, 0.000000e+000
 3.184000e-001, 2.370811e+003, 4.458123e+002,-3.127424e+003, 3.014213e+003, 5.634383e+001,-1.366273e+002, 3.149734e+003, 0.000000e+000, 0.000000e+000, 0.000000e+000
 3.184500e-001, 2.333211e+003, 5.135714e+002,-3.155799e+003, 3.053909e+003, 5.516903e+001,-1.373989e+002, 3.186293e+003, 0.000000e+000, 0.000000e+000, 0.000000e+000
 3.185000e-001, 2.306294e+003, 5.733445e+002,-3.174805e+003, 3.092528e+003, 5.393505e+001,-1.381362e+002, 3.222326e+003, 0.000000e+000, 0.000000e+000, 0.000000e+000
 3.185500e-001, 2.267080e+003, 6.411448e+002,-3.199937e+003, 3.130054e+003, 5.261365e+001,-1.389057e+002, 3.256479e+003, 0.000000e+000, 0.000000e+000, 0.000000e+000
 3.186000e-001, 2.238374e+003, 7.000101e+002,-3.217826e+003, 3.166483e+003, 5.123742e+001,-1.396299e+002, 3.290083e+003, 0.000000e+000, 0.000000e+000, 0.000000e+000
 3.186500e-001, 2.197853e+003, 7.677180e+002,-3.239571e+003, 3.201783e+003, 4.978106e+001,-1.403829e+002, 3.321780e+003, 0.000000e+000, 0.000000e+000, 0.000000e+000
 3.187000e-001, 2.167173e+003, 8.256042e+002,-3.256438e+003, 3.235969e+003, 4.827596e+001,-1.410787e+002, 3.352904e+003, 0.000000e+000, 0.000000e+000, 0.000000e+000
 3.187500e-001, 2.125657e+003, 8.930702e+002,-3.274691e+003, 3.268990e+003, 4.670088e+001,-1.417968e+002, 3.382102e+003, 0.000000e+000, 0.000000e+000, 0.000000e+000
 3.188000e-001, 2.092852e+003, 9.499126e+002,-3.290598e+003, 3.300877e+003, 4.508560e+001,-1.424453e+002, 3.410702e+003, 0.000000e+000, 0.000000e+000, 0.000000e+000
 3.188500e-001, 2.050641e+003, 1.016975e+003,-3.305300e+003, 3.331562e+003, 4.341381e+001,-1.431060e+002, 3.437365e+003, 0.000000e+000, 0.000000e+000, 0.000000e+000
 3.189000e-001, 2.015590e+003, 1.072722e+003,-3.320269e+003, 3.361087e+003, 4.171288e+001,-1.436839e+002, 3.463405e+003, 0.000000e+000, 0.000000e+000, 0.000000e+000
 3.189500e-001, 1.972951e+003, 1.139212e+003,-3.331399e+003, 3.389374e+003, 3.997194e+001,-1.442609e+002, 3.487504e+003, 0.000000e+000, 0.000000e+000, 0.000000e+000
 3.190000e-001, 1.935564e+003, 1.193830e+003,-3.345405e+003, 3.416473e+003, 3.821470e+001,-1.447426e+002, 3.510954e+003, 0.000000e+000, 0.000000e+000, 0.000000e+000
 3.190500e-001, 1.892713e+003, 1.259581e+003,-3.352979e+003, 3.442298e+003, 3.643582e+001,-1.452083e+002, 3.532468e+003, 0.000000e+000, 0.000000e+000, 0.000000e+000
 3.191000e-001, 1.852923e+003, 1.313060e+003,-3.365942e+003, 3.466907e+003, 3.465388e+001,-1.455680e+002, 3.553305e+003, 0.000000e+000, 0.000000e+000, 0.000000e+000
 3.191500e-001, 1.810015e+003, 1.377906e+003,-3.370016e+003, 3.490208e+003, 3.286886e+001,-1.458964e+002, 3.572215e+003, 0.000000e+000, 0.000000e+000, 0.000000e+000
 3.192000e-001, 1.767787e+003, 1.430261e+003,-3.381804e+003, 3.512267e+003, 3.109276e+001,-1.461115e+002, 3.590418e+003, 0.000000e+000, 0.000000e+000, 0.000000e+000
 3.192500e-001, 1.724916e+003, 1.494042e+003,-3.382471e+003, 3.532990e+003, 2.933070e+001,-1.462810e+002, 3.606708e+003, 0.000000e+000, 0.000000e+000, 0.000000e+000
 3.193000e-001, 1.680251e+003, 1.545302e+003,-3.392911e+003, 3.552450e+003, 2.758699e+001,-1.463340e+002, 3.622259e+003, 0.000000e+000, 0.000000e+000, 0.000000e+000
 3.193500e-001, 1.637458e+003, 1.607859e+003,-3.390301e+003, 3.570552e+003, 2.587187e+001,-1.463291e+002, 3.635912e+003, 0.000000e+000, 0.000000e+000, 0.000000e+000
 3.194000e-001, 1.590407e+003, 1.658067e+003,-3.399184e+003, 3.587373e+003, 2.418138e+001,-1.462087e+002, 3.648789e+003, 0.000000e+000, 0.000000e+000, 0.000000e+000
 3.194500e-001, 1.547693e+003, 1.719240e+003,-3.393470e+003, 3.602824e+003, 2.253113e+001,-1.460196e+002, 3.659789e+003, 0.000000e+000, 0.000000e+000, 0.000000e+000
 3.195000e-001, 1.498364e+003, 1.768437e+003,-3.400567e+003, 3.616976e+003, 2.090891e+001,-1.457197e+002, 3.669977e+003, 0.000000e+000, 0.000000e+000, 0.000000e+000
 3.195500e-001, 1.455697e+003, 1.828061e+003,-3.391958e+003, 3.629750e+003, 1.933607e+001,-1.453416e+002, 3.678309e+003, 0.000000e+000, 0.000000e+000, 0.000000e+000
 3.196000e-001, 1.404256e+003, 1.876285e+003,-3.397027e+003, 3.641213e+003, 1.779260e+001,-1.448594e+002, 3.685792e+003, 0.000000e+000, 0.000000e+000, 0.000000e+000
 3.196500e-001, 1.361578e+003, 1.934192e+003,-3.385760e+003, 3.651293e+003, 1.630595e+001,-1.442900e+002, 3.691446e+003, 0.000000e+000, 0.000000e+000, 0.000000e+000
 3.197000e-001, 1.308243e+003, 1.981473e+003,-3.388555e+003, 3.660047e+003, 1.484895e+001,-1.436244e+002, 3.696213e+003, 0.000000e+000, 0.000000e+000, 0.000000e+000
 3.197500e-001, 1.265464e+003, 2.037497e+003,-3.374884e+003, 3.667416e+003, 1.345518e+001,-1.428628e+002, 3.699184e+003, 0.000000e+000, 0.000000e+000, 0.000000e+000
 3.198000e-001, 1.210488e+003, 2.083855e+003,-3.375158e+003, 3.673446e+003, 1.209099e+001,-1.420134e+002, 3.701234e+003, 0.000000e+000, 0.000000e+000, 0.000000e+000
 3.198500e-001, 1.167488e+003, 2.137837e+003,-3.359341e+003, 3.678090e+003, 1.079570e+001,-1.410597e+002, 3.701521e+003, 0.000000e+000, 0.000000e+000, 0.000000e+000
 3.199000e-001, 1.111147e+003, 2.183290e+003,-3.356853e+003, 3.681382e+003, 9.529709e+000,-1.400268e+002, 3.700855e+003, 0.000000e+000, 0.000000e+000, 0.000000e+000
 3.199500e-001, 1.067774e+003, 2.235084e+003,-3.339137e+003, 3.683292e+003, 8.337289e+000,-1.388824e+002, 3.698463e+003, 0.000000e+000, 0.000000e+000, 0.000000e+000
 3.200000e-001, 1.010348e+003, 2.279643e+003,-3.333657e+003, 3.683840e+003, 7.173295e+000,-1.376683e+002, 3.695085e+003, 0.000000e+000, 0.000000e+000, 0.000000e+000
 3.200500e-001, 9.664218e+002, 2.329123e+003,-3.314271e+003, 3.683013e+003, 6.085891e+000,-1.363377e+002, 3.690018e+003, 0.000000e+000, 0.000000e+000, 0.000000e+000
 3.201000e-001, 9.081979e+002, 2.372795e+003,-3.305591e+003, 3.680819e+003, 5.024855e+000,-1.349476e+002, 3.683934e+003, 0.000000e+000, 0.000000e+000, 0.000000e+000
 3.201500e-001, 8.635236e+002, 2.419853e+003,-3.284740e+003, 3.677262e+003, 4.041077e+000,-1.334388e+002, 3.676198e+003, 0.000000e+000, 0.000000e+000, 0.000000e+000
 3.202000e-001, 8.047869e+002, 2.462637e+003,-3.272685e+003, 3.672338e+003, 3.079936e+000,-1.318814e+002, 3.667414e+003, 0.000000e+000, 0.000000e+000, 0.000000e+000
 3.202500e-001, 7.591734e+002, 2.507184e+003,-3.250544e+003, 3.666071e+003, 2.193999e+000,-1.302061e+002, 3.657012e+003, 0.000000e+000, 0.000000e+000, 0.000000e+000
 3.203000e-001, 7.002119e+002, 2.549069e+003,-3.234983e+003, 3.658441e+003, 1.325232e+000,-1.284935e+002, 3.645534e+003, 0.000000e+000, 0.000000e+000, 0.000000e+000
 3.203500e-001, 6.534874e+002, 2.591030e+003,-3.211700e+003, 3.649491e+003, 5.270208e-001,-1.266660e+002, 3.632473e+003, 0.000000e+000, 0.000000e+000, 0.000000e+000
 3.204000e-001, 5.945911e+002, 2.631985e+003,-3.192551e+003, 3.639187e+003,-2.607849e-001,-1.248116e+002, 3.618309e+003, 0.000000e+000, 0.000000e+000, 0.000000e+000
 3.204500e-001, 5.466163e+002, 2.671299e+003,-3.168239e+003, 3.627587e+003,-9.846758e-001,-1.228472e+002, 3.602596e+003, 0.000000e+000, 0.000000e+000, 0.000000e+000
 3.205000e-001, 4.880709e+002, 2.711275e+003,-3.145476e+003, 3.614645e+003,-1.705423e+000,-1.208646e+002, 3.585758e+003, 0.000000e+000, 0.000000e+000, 0.000000e+000
 3.205500e-001, 4.387456e+002, 2.747893e+003,-3.120210e+003, 3.600431e+003,-2.370061e+000,-1.187778e+002, 3.567406e+003, 0.000000e+000, 0.000000e+000, 0.000000e+000
 3.206000e-001, 3.808213e+002, 2.786823e+003,-3.093861e+003, 3.584887e+003,-3.038457e+000,-1.166790e+002, 3.547914e+003, 0.000000e+000, 0.000000e+000, 0.000000e+000
 3.206500e-001, 3.300841e+002, 2.820710e+003,-3.067673e+003, 3.568093e+003,-3.658965e+000,-1.144825e+002, 3.526944e+003, 0.000000e+000, 0.000000e+000, 0.000000e+000
 3.207000e-001, 2.730215e+002, 2.858505e+003,-3.037816e+003, 3.549980e+003,-4.289148e+000,-1.122778e+002, 3.504824e+003, 0.000000e+000, 0.000000e+000, 0.000000e+000
 3.207500e-001, 2.208470e+002, 2.889645e+003,-3.010690e+003, 3.530638e+003,-4.879665e+000,-1.099829e+002, 3.481266e+003, 0.000000e+000, 0.000000e+000, 0.000000e+000
 3.208000e-001, 1.648431e+002, 2.926203e+003,-2.977449e+003, 3.509989e+003,-5.484576e+000,-1.076816e+002, 3.456553e+003, 0.000000e+000, 0.000000e+000, 0.000000e+000
 3.208500e-001, 1.112393e+002, 2.954598e+003,-2.949323e+003, 3.488129e+003,-6.058012e+000,-1.052989e+002, 3.430441e+003, 0.000000e+000, 0.000000e+000, 0.000000e+000
 3.209000e-001, 5.643948e+001, 2.989806e+003,-2.912865e+003, 3.464977e+003,-6.649521e+000,-1.029106e+002, 3.403176e+003, 0.000000e+000, 0.000000e+000, 0.000000e+000
 3.209500e-001, 1.448995e+000, 3.015481e+003,-2.883633e+003, 3.440631e+003,-7.217952e+000,-1.004516e+002, 3.374550e+003, 0.000000e+000, 0.000000e+000, 0.000000e+000
 3.210000e-001,-5.205492e+001, 3.049214e+003,-2.844164e+003, 3.415011e+003,-7.807426e+000,-9.798698e+001, 3.344778e+003, 0.000000e+000, 0.000000e+000, 0.000000e+000
 3.210500e-001,-1.083508e+002, 3.072214e+003,-2.813684e+003, 3.388215e+003,-8.382673e+000,-9.546449e+001, 3.313681e+003, 0.000000e+000, 0.000000e+000, 0.000000e+000
 3.211000e-001,-1.605155e+002, 3.104336e+003,-2.771450e+003, 3.360167e+003,-8.981480e+000,-9.293587e+001, 3.281452e+003, 0.000000e+000, 0.000000e+000, 0.000000e+000
 3.211500e-001,-2.179908e+002, 3.124722e+003,-2.739557e+003, 3.330962e+003,-9.575371e+000,-9.036358e+001, 3.247930e+003, 0.000000e+000, 0.000000e+000, 0.000000e+000
 3.212000e-001,-2.688137e+002, 3.155088e+003,-2.694839e+003, 3.300530e+003,-1.019486e+001,-8.778399e+001, 3.213294e+003, 0.000000e+000, 0.000000e+000, 0.000000e+000
 3.212500e-001,-3.272947e+002, 3.172932e+003,-2.661352e+003, 3.268959e+003,-1.081887e+001,-8.517525e+001, 3.177397e+003, 0.000000e+000, 0.000000e+000, 0.000000e+000
 3.213000e-001,-3.768058e+002, 3.201385e+003,-2.614456e+003, 3.236189e+003,-1.146970e+001,-8.255675e+001, 3.140408e+003, 0.000000e+000, 0.000000e+000, 0.000000e+000
 3.213500e-001,-4.360724e+002, 3.216770e+003,-2.579193e+003, 3.202299e+003,-1.213396e+001,-7.992283e+001, 3.102190e+003, 0.000000e+000, 0.000000e+000, 0.000000e+000
 3.214000e-001,-4.843291e+002, 3.243144e+003,-2.530445e+003, 3.167238e+003,-1.282496e+001,-7.727489e+001, 3.062908e+003, 0.000000e+000, 0.000000e+000, 0.000000e+000
 3.214500e-001,-5.441229e+002, 3.256154e+003,-2.493223e+003, 3.131075e+003,-1.353704e+001,-7.462350e+001, 3.022428e+003, 0.000000e+000, 0.000000e+000, 0.000000e+000
 3.215000e-001,-5.912075e+002, 3.280280e+003,-2.442949e+003, 3.093768e+003,-1.427402e+001,-7.195206e+001, 2.980918e+003, 0.000000e+000, 0.000000e+000, 0.000000e+000
 3.215500e-001,-6.512451e+002, 3.291001e+003,-2.403596e+003, 3.055375e+003,-1.503788e+001,-6.928694e+001, 2.938240e+003, 0.000000e+000, 0.000000e+000, 0.000000e+000
 3.216000e-001,-6.972631e+002, 3.312712e+003,-2.352113e+003, 3.015866e+003,-1.582288e+001,-6.659456e+001, 2.894573e+003, 0.000000e+000, 0.000000e+000, 0.000000e+000
 3.216500e-001,-7.572505e+002, 3.321233e+003,-2.310470e+003, 2.975286e+003,-1.663853e+001,-6.391624e+001, 2.849766e+003, 0.000000e+000, 0.000000e+000, 0.000000e+000
 3.217000e-001,-8.023285e+002, 3.340370e+003,-2.258067e+003, 2.933619e+003,-1.746990e+001,-6.120332e+001, 2.804016e+003, 0.000000e+000, 0.000000e+000, 0.000000e+000
 3.217500e-001,-8.619749e+002, 3.346779e+003,-2.213999e+003, 2.890896e+003,-1.833382e+001,-5.851078e+001, 2.757153e+003, 0.000000e+000, 0.000000e+000, 0.000000e+000
 3.218000e-001,-9.062528e+002, 3.363199e+003,-2.160930e+003, 2.847117e+003,-1.920700e+001,-5.577737e+001, 2.709397e+003, 0.000000e+000, 0.000000e+000, 0.000000e+000
 3.218500e-001,-9.652791e+002, 3.367583e+003,-2.114331e+003, 2.802298e+003,-2.011327e+001,-5.306981e+001, 2.660553e+003, 0.000000e+000, 0.000000e+000, 0.000000e+000
 3.219000e-001,-1.008901e+003, 3.381163e+003,-2.060810e+003, 2.756456e+003,-2.102204e+001,-5.031720e+001, 2.610871e+003, 0.000000e+000, 0.000000e+000, 0.000000e+000
 3.219500e-001,-1.067044e+003, 3.383606e+003,-2.011615e+003, 2.709595e+003,-2.196369e+001,-4.759535e+001, 2.560121e+003, 0.000000e+000, 0.000000e+000, 0.000000e+000
 3.220000e-001,-1.110143e+003, 3.394243e+003,-1.957813e+003, 2.661747e+003,-2.290157e+001,-4.482682e+001, 2.508590e+003, 0.000000e+000, 0.000000e+000, 0.000000e+000
 3.220500e-001,-1.167161e+003, 3.394820e+003,-1.906008e+003, 2.612903e+003,-2.387180e+001,-4.209329e+001, 2.456011e+003, 0.000000e+000, 0.000000e+000, 0.000000e+000
 3.221000e-001,-1.209848e+003, 3.402434e+003,-1.852050e+003, 2.563110e+003,-2.483289e+001,-3.931387e+001, 2.402709e+003, 0.000000e+000, 0.000000e+000, 0.000000e+000
 3.221500e-001,-1.265515e+003, 3.401209e+003,-1.797677e+003, 2.512349e+003,-2.582573e+001,-3.657251e+001, 2.348379e+003, 0.000000e+000, 0.000000e+000, 0.000000e+000
 3.222000e-001,-1.307871e+003, 3.405740e+003,-1.743642e+003, 2.460677e+003,-2.680512e+001,-3.378801e+001, 2.293386e+003, 0.000000e+000, 0.000000e+000, 0.000000e+000
 3.222500e-001,-1.361987e+003, 3.402762e+003,-1.686800e+003, 2.408070e+003,-2.781554e+001,-3.104289e+001, 2.237383e+003, 0.000000e+000, 0.000000e+000, 0.000000e+000
 3.223000e-001,-1.404057e+003, 3.404168e+003,-1.632725e+003, 2.354589e+003,-2.880910e+001,-2.825876e+001, 2.180781e+003, 0.000000e+000, 0.000000e+000, 0.000000e+000
 3.223500e-001,-1.456450e+003, 3.399474e+003,-1.573564e+003, 2.300205e+003,-2.983261e+001,-2.551328e+001, 2.123188e+003, 0.000000e+000, 0.000000e+000, 0.000000e+000
 3.224000e-001,-1.498246e+003, 3.397732e+003,-1.519441e+003, 2.244986e+003,-3.083651e+001,-2.273397e+001, 2.065061e+003, 0.000000e+000, 0.000000e+000, 0.000000e+000
 3.224500e-001,-1.548777e+003, 3.391340e+003,-1.458158e+003, 2.188898e+003,-3.186872e+001,-1.999063e+001, 2.005963e+003, 0.000000e+000, 0.000000e+000, 0.000000e+000
 3.225000e-001,-1.590284e+003, 3.386444e+003,-1.403936e+003, 2.132015e+003,-3.287898e+001,-1.721965e+001, 1.946398e+003, 0.000000e+000, 0.000000e+000, 0.000000e+000
 3.225500e-001,-1.638854e+003, 3.378364e+003,-1.340766e+003, 2.074299e+003,-3.391532e+001,-1.448062e+001, 1.885883e+003, 0.000000e+000, 0.000000e+000, 0.000000e+000
 3.226000e-001,-1.680034e+003, 3.370327e+003,-1.286358e+003, 2.015826e+003,-3.492768e+001,-1.172139e+001, 1.824968e+003, 0.000000e+000, 0.000000e+000, 0.000000e+000
 3.226500e-001,-1.726580e+003, 3.360557e+003,-1.221563e+003, 1.956561e+003,-3.596340e+001,-8.989508e+000, 1.763124e+003, 0.000000e+000, 0.000000e+000, 0.000000e+000
 3.227000e-001,-1.767377e+003, 3.349408e+003,-1.166852e+003, 1.896580e+003,-3.697355e+001,-6.246296e+000, 1.700948e+003, 0.000000e+000, 0.000000e+000, 0.000000e+000
 3.227500e-001,-1.811874e+003, 3.337942e+003,-1.100714e+003, 1.835850e+003,-3.800409e+001,-3.525974e+000, 1.637863e+003, 0.000000e+000, 0.000000e+000, 0.000000e+000
 3.228000e-001,-1.852211e+003, 3.323725e+003,-1.045569e+003, 1.774448e+003,-3.900808e+001,-8.045385e-001, 1.574511e+003, 0.000000e+000, 0.000000e+000, 0.000000e+000
 3.228500e-001,-1.894658e+003, 3.310552e+003,-9.783848e+002, 1.712345e+003,-4.002954e+001, 1.897962e+000, 1.510273e+003, 0.000000e+000, 0.000000e+000, 0.000000e+000
 3.229000e-001,-1.934443e+003, 3.293326e+003,-9.226680e+002, 1.649615e+003,-4.102420e+001, 4.590523e+000, 1.445830e+003, 0.000000e+000, 0.000000e+000, 0.000000e+000
 3.229500e-001,-1.974856e+003, 3.278430e+003,-8.547407e+002, 1.586235e+003,-4.203368e+001, 7.267652e+000, 1.380524e+003, 0.000000e+000, 0.000000e+000, 0.000000e+000
 3.230000e-001,-2.013975e+003, 3.258265e+003,-7.983240e+002, 1.522277e+003,-4.301690e+001, 9.923820e+000, 1.315074e+003, 0.000000e+000, 0.000000e+000, 0.000000e+000
 3.230500e-001,-2.052380e+003, 3.241626e+003,-7.299556e+002, 1.457725e+003,-4.401252e+001, 1.256795e+001, 1.248785e+003, 0.000000e+000, 0.000000e+000, 0.000000e+000
 3.231000e-001,-2.090705e+003, 3.218600e+003,-6.727285e+002, 1.392643e+003,-4.498307e+001, 1.518111e+001, 1.182410e+003, 0.000000e+000, 0.000000e+000, 0.000000e+000
 3.231500e-001,-2.127127e+003, 3.200194e+003,-6.042103e+002, 1.327022e+003,-4.596375e+001, 1.778586e+001, 1.115223e+003, 0.000000e+000, 0.000000e+000, 0.000000e+000
 3.232000e-001,-2.164518e+003, 3.174393e+003,-5.460859e+002, 1.260923e+003,-4.692094e+001, 2.035145e+001, 1.048009e+003, 0.000000e+000, 0.000000e+000, 0.000000e+000
 3.232500e-001,-2.198985e+003, 3.154192e+003,-4.776887e+002, 1.194340e+003,-4.788588e+001, 2.291264e+001, 9.800117e+002, 0.000000e+000, 0.000000e+000, 0.000000e+000
 3.233000e-001,-2.235297e+003, 3.125709e+003,-4.186073e+002, 1.127328e+003,-4.882907e+001, 2.542859e+001, 9.120433e+002, 0.000000e+000, 0.000000e+000, 0.000000e+000
 3.233500e-001,-2.267838e+003, 3.103681e+003,-3.505722e+002, 1.059889e+003,-4.977732e+001, 2.794426e+001, 8.433250e+002, 0.000000e+000, 0.000000e+000, 0.000000e+000
 3.234000e-001,-2.302931e+003, 3.072617e+003,-2.905025e+002, 9.920709e+002,-5.070552e+001, 3.041063e+001, 7.746907e+002, 0.000000e+000, 0.000000e+000, 0.000000e+000
 3.234500e-001,-2.333575e+003, 3.048726e+003,-2.230345e+002, 9.238800e+002,-5.163567e+001, 3.288036e+001, 7.053428e+002, 0.000000e+000, 0.000000e+000, 0.000000e+000
 3.235000e-001,-2.367317e+003, 3.015189e+003,-1.619753e+002, 8.553606e+002,-5.254737e+001, 3.529825e+001, 6.361323e+002, 0.000000e+000, 0.000000e+000, 0.000000e+000
 3.235500e-001,-2.396094e+003, 2.989400e+003,-9.524026e+001, 7.865236e+002,-5.345752e+001, 3.772202e+001, 5.662477e+002, 0.000000e+000, 0.000000e+000, 0.000000e+000
 3.236000e-001,-2.428366e+003, 2.953506e+003,-3.322169e+001, 7.174087e+002,-5.435076e+001, 4.009237e+001, 4.965518e+002, 0.000000e+000, 0.000000e+000, 0.000000e+000
 3.236500e-001,-2.455303e+003, 2.925782e+003, 3.265214e+001, 6.480319e+002,-5.523867e+001, 4.246954e+001, 4.262242e+002, 0.000000e+000, 0.000000e+000, 0.000000e+000
 3.237000e-001,-2.486000e+003, 2.887656e+003, 9.556692e+001, 5.784285e+002,-5.611128e+001, 4.479237e+001, 3.561342e+002, 0.000000e+000, 0.000000e+000, 0.000000e+000
 3.237500e-001,-2.511120e+003, 2.857962e+003, 1.604846e+002, 5.086192e+002,-5.697461e+001, 4.712135e+001, 2.854577e+002, 0.000000e+000, 0.000000e+000, 0.000000e+000
 3.238000e-001,-2.540144e+003, 2.817735e+003, 2.241989e+002, 4.386356e+002,-5.782436e+001, 4.939572e+001, 2.150652e+002, 0.000000e+000, 0.000000e+000, 0.000000e+000
 3.238500e-001,-2.563457e+003, 2.786032e+003, 2.880931e+002, 3.685018e+002,-5.866080e+001, 5.167437e+001, 1.441346e+002, 0.000000e+000, 0.000000e+000, 0.000000e+000
 3.239000e-001,-2.590719e+003, 2.743842e+003, 3.524781e+002, 2.982462e+002,-5.948547e+001, 5.389910e+001, 7.353241e+001, 0.000000e+000, 0.000000e+000, 0.000000e+000
 3.239500e-001,-2.612225e+003, 2.710094e+003, 4.153035e+002, 2.278954e+002,-6.029265e+001, 5.612576e+001, 2.443712e+000, 0.000000e+000, 0.000000e+000, 0.000000e+000
 3.240000e-001,-2.637642e+003, 2.666082e+003, 4.802031e+002, 1.574746e+002,-6.108981e+001, 5.830056e+001,-6.827378e+001, 0.000000e+000, 0.000000e+000, 0.000000e+000
 3.240500e-001,-2.657329e+003, 2.630251e+003, 5.419317e+002, 8.701180e+001,-6.186504e+001, 6.047515e+001,-1.394226e+002, 0.000000e+000, 0.000000e+000, 0.000000e+000
 3.241000e-001,-2.680829e+003, 2.584559e+003, 6.071698e+002, 1.652970e+001,-6.263169e+001, 6.260154e+001,-2.101588e+002, 0.000000e+000, 0.000000e+000, 0.000000e+000
 3.241500e-001,-2.698673e+003, 2.546610e+003, 6.677878e+002,-5.394308e+001,-6.337157e+001, 6.472623e+001,-2.812674e+002, 0.000000e+000, 0.000000e+000, 0.000000e+000
 3.242000e-001,-2.720195e+003, 2.499383e+003, 7.331769e+002,-1.243860e+002,-6.410377e+001, 6.680783e+001,-3.519232e+002, 0.000000e+000, 0.000000e+000, 0.000000e+000
 3.242500e-001,-2.736168e+003, 2.459280e+003, 7.926820e+002,-1.947703e+002,-6.480379e+001, 6.888700e+001,-4.228894e+002, 0.000000e+000, 0.000000e+000, 0.000000e+000
 3.243000e-001,-2.755667e+003, 2.410662e+003, 8.580323e+002,-2.650768e+002,-6.549635e+001, 7.092912e+001,-4.933639e+002, 0.000000e+000, 0.000000e+000, 0.000000e+000
 3.243500e-001,-2.769741e+003, 2.368377e+003, 9.164298e+002,-3.352771e+002,-6.615077e+001, 7.296853e+001,-5.640841e+002, 0.000000e+000, 0.000000e+000, 0.000000e+000
 3.244000e-001,-2.787186e+003, 2.318513e+003, 9.815562e+002,-4.053522e+002,-6.679720e+001, 7.497713e+001,-6.342753e+002, 0.000000e+000, 0.000000e+000, 0.000000e+000
 3.244500e-001,-2.799332e+003, 2.274023e+003, 1.038855e+003,-4.752741e+002,-6.739911e+001, 7.698277e+001,-7.046458e+002, 0.000000e+000, 0.000000e+000, 0.000000e+000
 3.245000e-001,-2.814708e+003, 2.223055e+003, 1.103581e+003,-5.450238e+002,-6.799183e+001, 7.896332e+001,-7.744518e+002, 0.000000e+000, 0.000000e+000, 0.000000e+000
 3.245500e-001,-2.824896e+003, 2.176348e+003, 1.159788e+003,-6.145739e+002,-6.853343e+001, 8.094032e+001,-8.443696e+002, 0.000000e+000, 0.000000e+000, 0.000000e+000
 3.246000e-001,-2.838201e+003, 2.124417e+003, 1.223949e+003,-6.839042e+002,-6.906417e+001, 8.289693e+001,-9.136888e+002, 0.000000e+000, 0.000000e+000, 0.000000e+000
 3.246500e-001,-2.846401e+003, 2.075491e+003, 1.279064e+003,-7.529886e+002,-6.953733e+001, 8.484899e+001,-9.830522e+002, 0.000000e+000, 0.000000e+000, 0.000000e+000
 3.247000e-001,-2.857638e+003, 2.022735e+003, 1.342507e+003,-8.218057e+002,-6.999766e+001, 8.678426e+001,-1.051784e+003, 0.000000e+000, 0.000000e+000, 0.000000e+000
 3.247500e-001,-2.863816e+003, 1.971601e+003, 1.396516e+003,-8.903307e+002,-7.039436e+001, 8.871370e+001,-1.120492e+003, 0.000000e+000, 0.000000e+000, 0.000000e+000
 3.248000e-001,-2.872993e+003, 1.918151e+003, 1.459099e+003,-9.585411e+002,-7.077616e+001, 9.062901e+001,-1.188537e+003, 0.000000e+000, 0.000000e+000, 0.000000e+000
 3.248500e-001,-2.877112e+003, 1.864833e+003, 1.511979e+003,-1.026414e+003,-7.108902e+001, 9.253724e+001,-1.256490e+003, 0.000000e+000, 0.000000e+000, 0.000000e+000
 3.249000e-001,-2.884239e+003, 1.810812e+003, 1.573569e+003,-1.093926e+003,-7.138490e+001, 9.443340e+001,-1.323747e+003, 0.000000e+000, 0.000000e+000, 0.000000e+000
 3.249500e-001,-2.886261e+003, 1.755354e+003, 1.625283e+003,-1.161057e+003,-7.160748e+001, 9.632147e+001,-1.390846e+003, 0.000000e+000, 0.000000e+000, 0.000000e+000
 3.250000e-001,-2.891348e+003, 1.700873e+003, 1.685760e+003,-1.227781e+003,-7.181104e+001, 9.819914e+001,-1.457214e+003, 0.000000e+000, 0.000000e+000, 0.000000e+000
 3.250500e-001,-2.891238e+003, 1.643332e+003, 1.736265e+003,-1.294080e+003,-7.193806e+001, 1.000680e+002,-1.523359e+003, 0.000000e+000, 0.000000e+000, 0.000000e+000
 3.251000e-001,-2.894301e+003, 1.588489e+003, 1.795520e+003,-1.359930e+003,-7.204411e+001, 1.019277e+002,-1.588738e+003, 0.000000e+000, 0.000000e+000, 0.000000e+000
 3.251500e-001,-2.892030e+003, 1.528944e+003, 1.844767e+003,-1.425312e+003,-7.207160e+001, 1.037778e+002,-1.653829e+003, 0.000000e+000, 0.000000e+000, 0.000000e+000
 3.252000e-001,-2.893088e+003, 1.473820e+003, 1.902699e+003,-1.490202e+003,-7.207619e+001, 1.056195e+002,-1.718119e+003, 0.000000e+000, 0.000000e+000, 0.000000e+000
 3.252500e-001,-2.888637e+003, 1.412371e+003, 1.950645e+003,-1.554583e+003,-7.200156e+001, 1.074501e+002,-1.782058e+003, 0.000000e+000, 0.000000e+000, 0.000000e+000
 3.253000e-001,-2.887713e+003, 1.357029e+003, 2.007160e+003,-1.618429e+003,-7.190209e+001, 1.092722e+002,-1.845158e+003, 0.000000e+000, 0.000000e+000, 0.000000e+000
 3.253500e-001,-2.881076e+003, 1.293799e+003, 2.053765e+003,-1.681726e+003,-7.172419e+001, 1.110807e+002,-1.907850e+003, 0.000000e+000, 0.000000e+000, 0.000000e+000
 3.254000e-001,-2.878197e+003, 1.238280e+003, 2.108770e+003,-1.744444e+003,-7.151945e+001, 1.128795e+002,-1.969662e+003, 0.000000e+000, 0.000000e+000, 0.000000e+000
 3.254500e-001,-2.869375e+003, 1.173416e+003, 2.154002e+003,-1.806572e+003,-7.123861e+001, 1.146607e+002,-2.031013e+003, 0.000000e+000, 0.000000e+000, 0.000000e+000
 3.255000e-001,-2.864566e+003, 1.117740e+003, 2.207399e+003,-1.868078e+003,-7.092888e+001, 1.164300e+002,-2.091443e+003, 0.000000e+000, 0.000000e+000, 0.000000e+000
 3.255500e-001,-2.853569e+003, 1.051416e+003, 2.251235e+003,-1.928950e+003,-7.054691e+001, 1.181763e+002,-2.151363e+003, 0.000000e+000, 0.000000e+000, 0.000000e+000
 3.256000e-001,-2.846855e+003, 9.955792e+002, 2.302917e+003,-1.989159e+003,-7.013392e+001, 1.199078e+002,-2.210319e+003, 0.000000e+000, 0.000000e+000, 0.000000e+000
 3.256500e-001,-2.833699e+003, 9.279933e+002, 2.345344e+003,-2.048692e+003,-6.965410e+001, 1.216098e+002,-2.268721e+003, 0.000000e+000, 0.000000e+000, 0.000000e+000
 3.257000e-001,-2.825097e+003, 8.719692e+002, 2.395191e+003,-2.107519e+003,-6.914107e+001, 1.232940e+002,-2.326113e+003, 0.000000e+000, 0.000000e+000, 0.000000e+000
 3.257500e-001,-2.809804e+003, 8.033434e+002, 2.436204e+003,-2.165627e+003,-6.856808e+001, 1.249416e+002,-2.382913e+003, 0.000000e+000, 0.000000e+000, 0.000000e+000
 3.258000e-001,-2.799324e+003, 7.470841e+002, 2.484084e+003,-2.222988e+003,-6.795960e+001, 1.265688e+002,-2.438655e+003, 0.000000e+000, 0.000000e+000, 0.000000e+000
 3.258500e-001,-2.781921e+003, 6.776622e+002, 2.523691e+003,-2.279588e+003,-6.729937e+001, 1.281521e+002,-2.493770e+003, 0.000000e+000, 0.000000e+000, 0.000000e+000
 3.259000e-001,-2.769570e+003, 6.210999e+002, 2.569459e+003,-2.335401e+003,-6.660133e+001, 1.297133e+002,-2.547778e+003, 0.000000e+000, 0.000000e+000, 0.000000e+000
 3.259500e-001,-2.750092e+003, 5.511437e+002, 2.607678e+003,-2.390413e+003,-6.586085e+001, 1.312233e+002,-2.601128e+003, 0.000000e+000, 0.000000e+000, 0.000000e+000
 3.260000e-001,-2.735872e+003, 4.941951e+002, 2.651185e+003,-2.444599e+003,-6.508024e+001, 1.327101e+002,-2.653319e+003, 0.000000e+000, 0.000000e+000, 0.000000e+000
 3.260500e-001,-2.714366e+003, 4.239803e+002, 2.688046e+003,-2.497944e+003,-6.426739e+001, 1.341387e+002,-2.704827e+003, 0.000000e+000, 0.000000e+000, 0.000000e+000
 3.261000e-001,-2.698277e+003, 3.665506e+002, 2.729139e+003,-2.550425e+003,-6.341218e+001, 1.355434e+002,-2.755122e+003, 0.000000e+000, 0.000000e+000, 0.000000e+000
 3.261500e-001,-2.674801e+003, 2.963607e+002, 2.764681e+003,-2.602027e+003,-6.253552e+001, 1.368830e+002,-2.804713e+003, 0.000000e+000, 0.000000e+000, 0.000000e+000
 3.262000e-001,-2.656841e+003, 2.383497e+002, 2.803211e+003,-2.652728e+003,-6.161445e+001, 1.381981e+002,-2.853036e+003, 0.000000e+000, 0.000000e+000, 0.000000e+000
 3.262500e-001,-2.631464e+003, 1.684700e+002, 2.837477e+003,-2.702511e+003,-6.068299e+001, 1.394410e+002,-2.900637e+003, 0.000000e+000, 0.000000e+000, 0.000000e+000
 3.263000e-001,-2.611627e+003, 1.097788e+002, 2.873303e+003,-2.751358e+003,-5.970540e+001, 1.406583e+002,-2.946917e+003, 0.000000e+000, 0.000000e+000, 0.000000e+000
 3.263500e-001,-2.584430e+003, 4.048907e+001, 2.906332e+003,-2.799250e+003,-5.872842e+001, 1.417963e+002,-2.992461e+003, 0.000000e+000, 0.000000e+000, 0.000000e+000
 3.264000e-001,-2.562704e+003,-1.897353e+001, 2.939325e+003,-2.846170e+003,-5.770405e+001, 1.429070e+002,-3.036627e+003, 0.000000e+000, 0.000000e+000, 0.000000e+000
 3.264500e-001,-2.533776e+003,-8.740579e+001, 2.971147e+003,-2.892097e+003,-5.669090e+001, 1.439316e+002,-3.080049e+003, 0.000000e+000, 0.000000e+000, 0.000000e+000
 3.265000e-001,-2.510141e+003,-1.477161e+002, 3.001194e+003,-2.937021e+003,-5.562971e+001, 1.449265e+002,-3.122037e+003, 0.000000e+000, 0.000000e+000, 0.000000e+000
 3.265500e-001,-2.479578e+003,-2.150431e+002, 3.031820e+003,-2.980915e+003,-5.458963e+001, 1.458292e+002,-3.163275e+003, 0.000000e+000, 0.000000e+000, 0.000000e+000
 3.266000e-001,-2.454007e+003,-2.762558e+002, 3.058829e+003,-3.023774e+003,-5.350159e+001, 1.466995e+002,-3.203024e+003, 0.000000e+000, 0.000000e+000, 0.000000e+000
 3.266500e-001,-2.421909e+003,-3.422562e+002, 3.088249e+003,-3.065569e+003,-5.244353e+001, 1.474727e+002,-3.242018e+003, 0.000000e+000, 0.000000e+000, 0.000000e+000
 3.267000e-001,-2.394370e+003,-4.043984e+002, 3.112151e+003,-3.106301e+003,-5.133844e+001, 1.482106e+002,-3.279469e+003, 0.000000e+000, 0.000000e+000, 0.000000e+000
 3.267500e-001,-2.360844e+003,-4.688828e+002, 3.140329e+003,-3.145935e+003,-5.027089e+001, 1.488483e+002,-3.316163e+003, 0.000000e+000, 0.000000e+000, 0.000000e+000
 3.268000e-001,-2.331301e+003,-5.319490e+002, 3.161087e+003,-3.184480e+003,-4.915816e+001, 1.494477e+002,-3.351260e+003, 0.000000e+000, 0.000000e+000, 0.000000e+000
 3.268500e-001,-2.296460e+003,-5.947651e+002, 3.187958e+003,-3.221897e+003,-4.808898e+001, 1.499459e+002,-3.385598e+003, 0.000000e+000, 0.000000e+000, 0.000000e+000
 3.269000e-001,-2.264876e+003,-6.587132e+002, 3.205569e+003,-3.258200e+003,-4.697739e+001, 1.504027e+002,-3.418287e+003, 0.000000e+000, 0.000000e+000, 0.000000e+000
 3.269500e-001,-2.228840e+003,-7.197492e+002, 3.231043e+003,-3.293347e+003,-4.591361e+001, 1.507592e+002,-3.450218e+003, 0.000000e+000, 0.000000e+000, 0.000000e+000
 3.270000e-001,-2.195185e+003,-7.844984e+002, 3.245540e+003,-3.327359e+003,-4.481110e+001, 1.510709e+002,-3.480450e+003, 0.000000e+000, 0.000000e+000, 0.000000e+000
 3.270500e-001,-2.158076e+003,-8.436851e+002, 3.269498e+003,-3.360188e+003,-4.375873e+001, 1.512849e+002,-3.509924e+003, 0.000000e+000, 0.000000e+000, 0.000000e+000
 3.271000e-001,-2.122327e+003,-9.091143e+002, 3.280950e+003,-3.391861e+003,-4.267212e+001, 1.514501e+002,-3.537653e+003, 0.000000e+000, 0.000000e+000, 0.000000e+000
 3.271500e-001,-2.084267e+003,-9.664253e+002, 3.303252e+003,-3.422328e+003,-4.163598e+001, 1.515215e+002,-3.564625e+003, 0.000000e+000, 0.000000e+000, 0.000000e+000
 3.272000e-001,-2.046410e+003,-1.032374e+003, 3.311762e+003,-3.451619e+003,-4.057079e+001, 1.515396e+002,-3.589810e+003, 0.000000e+000, 0.000000e+000, 0.000000e+000
 3.272500e-001,-2.007520e+003,-1.087825e+003, 3.332241e+003,-3.479680e+003,-3.955433e+001, 1.514689e+002,-3.614240e+003, 0.000000e+000, 0.000000e+000, 0.000000e+000
 3.273000e-001,-1.967552e+003,-1.154095e+003, 3.337941e+003,-3.506548e+003,-3.851458e+001, 1.513398e+002,-3.636844e+003, 0.000000e+000, 0.000000e+000, 0.000000e+000
 3.273500e-001,-1.927941e+003,-1.207740e+003, 3.356414e+003,-3.532165e+003,-3.751984e+001, 1.511278e+002,-3.658694e+003, 0.000000e+000, 0.000000e+000, 0.000000e+000
 3.274000e-001,-1.885873e+003,-1.274098e+003, 3.359455e+003,-3.556571e+003,-3.650799e+001, 1.508518e+002,-3.678684e+003, 0.000000e+000, 0.000000e+000, 0.000000e+000
 3.274500e-001,-1.845638e+003,-1.326026e+003, 3.375723e+003,-3.579708e+003,-3.553561e+001, 1.504999e+002,-3.697923e+003, 0.000000e+000, 0.000000e+000, 0.000000e+000
 3.275000e-001,-1.801494e+003,-1.392208e+003, 3.376276e+003,-3.601619e+003,-3.455262e+001, 1.500785e+002,-3.715272e+003, 0.000000e+000, 0.000000e+000, 0.000000e+000
 3.275500e-001,-1.760714e+003,-1.442537e+003, 3.390129e+003,-3.622244e+003,-3.360200e+001, 1.495889e+002,-3.731871e+003, 0.000000e+000, 0.000000e+000, 0.000000e+000
 3.276000e-001,-1.714538e+003,-1.508255e+003, 3.388374e+003,-3.641628e+003,-3.264751e+001, 1.490249e+002,-3.746555e+003, 0.000000e+000, 0.000000e+000, 0.000000e+000
 3.276500e-001,-1.673278e+003,-1.557125e+003, 3.399603e+003,-3.659714e+003,-3.171705e+001, 1.484012e+002,-3.760488e+003, 0.000000e+000, 0.000000e+000, 0.000000e+000
 3.277000e-001,-1.625133e+003,-1.622071e+003, 3.395723e+003,-3.676546e+003,-3.078959e+001, 1.476986e+002,-3.772487e+003, 0.000000e+000, 0.000000e+000, 0.000000e+000
 3.277500e-001,-1.583437e+003,-1.669639e+003, 3.404125e+003,-3.692070e+003,-2.987700e+001, 1.469454e+002,-3.783733e+003, 0.000000e+000, 0.000000e+000, 0.000000e+000
 3.278000e-001,-1.533413e+003,-1.733494e+003, 3.398303e+003,-3.706328e+003,-2.897432e+001, 1.461098e+002,-3.793031e+003, 0.000000e+000, 0.000000e+000, 0.000000e+000
 3.278500e-001,-1.491310e+003,-1.779927e+003, 3.403690e+003,-3.719269e+003,-2.807688e+001, 1.452324e+002,-3.801573e+003, 0.000000e+000, 0.000000e+000, 0.000000e+000
 3.279000e-001,-1.439519e+003,-1.842367e+003, 3.396102e+003,-3.730935e+003,-2.719615e+001, 1.442698e+002,-3.808156e+003, 0.000000e+000, 0.000000e+000, 0.000000e+000
 3.279500e-001,-1.397022e+003,-1.887833e+003, 3.398308e+003,-3.741278e+003,-2.631094e+001, 1.432738e+002,-3.813982e+003, 0.000000e+000, 0.000000e+000, 0.000000e+000
 3.280000e-001,-1.343602e+003,-1.948540e+003, 3.389116e+003,-3.750337e+003,-2.544897e+001, 1.421902e+002,-3.817843e+003, 0.000000e+000, 0.000000e+000, 0.000000e+000
 3.280500e-001,-1.300705e+003,-1.993200e+003, 3.388002e+003,-3.758068e+003,-2.457301e+001, 1.410807e+002,-3.820943e+003, 0.000000e+000, 0.000000e+000, 0.000000e+000
 3.281000e-001,-1.245816e+003,-2.051868e+003, 3.377350e+003,-3.764506e+003,-2.372630e+001, 1.398817e+002,-3.822079e+003, 0.000000e+000, 0.000000e+000, 0.000000e+000
 3.281500e-001,-1.202499e+003,-2.095872e+003, 3.372807e+003,-3.769615e+003,-2.285655e+001, 1.386628e+002,-3.822451e+003, 0.000000e+000, 0.000000e+000, 0.000000e+000
 3.282000e-001,-1.146316e+003,-2.152216e+003, 3.360811e+003,-3.773422e+003,-2.202135e+001, 1.373533e+002,-3.820864e+003, 0.000000e+000, 0.000000e+000, 0.000000e+000
 3.282500e-001,-1.102544e+003,-2.195693e+003, 3.352768e+003,-3.775901e+003,-2.115479e+001, 1.360284e+002,-3.818509e+003, 0.000000e+000, 0.000000e+000, 0.000000e+000
 3.283000e-001,-1.045259e+003,-2.249453e+003, 3.339514e+003,-3.777069e+003,-2.032711e+001, 1.346126e+002,-3.814204e+003, 0.000000e+000, 0.000000e+000, 0.000000e+000
 3.283500e-001,-1.000982e+003,-2.292509e+003, 3.327931e+003,-3.776910e+003,-1.946068e+001, 1.331847e+002,-3.809128e+003, 0.000000e+000, 0.000000e+000, 0.000000e+000
 3.284000e-001,-9.427958e+002,-2.343458e+003, 3.313472e+003,-3.775436e+003,-1.863637e+001, 1.316668e+002,-3.802116e+003, 0.000000e+000, 0.000000e+000, 0.000000e+000
 3.284500e-001,-8.979553e+002,-2.386165e+003, 3.298350e+003,-3.772638e+003,-1.776708e+001, 1.301388e+002,-3.794330e+003, 0.000000e+000, 0.000000e+000, 0.000000e+000
 3.285000e-001,-8.390759e+002,-2.434114e+003, 3.282704e+003,-3.768520e+003,-1.694194e+001, 1.285232e+002,-3.784624e+003, 0.000000e+000, 0.000000e+000, 0.000000e+000
 3.285500e-001,-7.936096e+002,-2.476508e+003, 3.264081e+003,-3.763084e+003,-1.606697e+001, 1.268986e+002,-3.774142e+003, 0.000000e+000, 0.000000e+000, 0.000000e+000
 3.286000e-001,-7.342478e+002,-2.521310e+003, 3.247234e+003,-3.756326e+003,-1.523693e+001, 1.251901e+002,-3.761761e+003, 0.000000e+000, 0.000000e+000, 0.000000e+000
 3.286500e-001,-6.880937e+002,-2.563389e+003, 3.225187e+003,-3.748257e+003,-1.435376e+001, 1.234730e+002,-3.748602e+003, 0.000000e+000, 0.000000e+000, 0.000000e+000
 3.287000e-001,-6.284614e+002,-2.604940e+003, 3.207093e+003,-3.738864e+003,-1.351503e+001, 1.216770e+002,-3.733567e+003, 0.000000e+000, 0.000000e+000, 0.000000e+000
 3.287500e-001,-5.815626e+002,-2.646661e+003, 3.181735e+003,-3.728169e+003,-1.262156e+001, 1.198717e+002,-3.717752e+003, 0.000000e+000, 0.000000e+000, 0.000000e+000
 3.288000e-001,-5.218688e+002,-2.684902e+003, 3.162322e+003,-3.716153e+003,-1.177081e+001, 1.179939e+002,-3.700089e+003, 0.000000e+000, 0.000000e+000, 0.000000e+000
 3.288500e-001,-4.741772e+002,-2.726180e+003, 3.133802e+003,-3.702844e+003,-1.086540e+001, 1.161052e+002,-3.681647e+003, 0.000000e+000, 0.000000e+000, 0.000000e+000
 3.289000e-001,-4.146234e+002,-2.761100e+003, 3.112975e+003,-3.688217e+003,-9.999784e+000, 1.141510e+002,-3.661384e+003, 0.000000e+000, 0.000000e+000, 0.000000e+000
 3.289500e-001,-3.661029e+002,-2.801811e+003, 3.081473e+003,-3.672308e+003,-9.081219e+000, 1.121833e+002,-3.640346e+003, 0.000000e+000, 0.000000e+000, 0.000000e+000
 3.290000e-001,-3.068783e+002,-2.833443e+003, 3.059115e+003,-3.655085e+003,-8.198359e+000, 1.101576e+002,-3.617517e+003, 0.000000e+000, 0.000000e+000, 0.000000e+000
 3.290500e-001,-2.575058e+002,-2.873425e+003, 3.024834e+003,-3.636593e+003,-7.265781e+000, 1.081149e+002,-3.593920e+003, 0.000000e+000, 0.000000e+000, 0.000000e+000
 3.291000e-001,-1.987832e+002,-2.901843e+003, 3.000816e+003,-3.616793e+003,-6.363709e+000, 1.060222e+002,-3.568561e+003, 0.000000e+000, 0.000000e+000, 0.000000e+000
 3.291500e-001,-1.485507e+002,-2.940902e+003, 2.963976e+003,-3.595738e+003,-5.416479e+000, 1.039083e+002,-3.542444e+003, 0.000000e+000, 0.000000e+000, 0.000000e+000
 3.292000e-001,-9.048280e+001,-2.966217e+003, 2.938159e+003,-3.573384e+003,-4.493572e+000, 1.017526e+002,-3.514597e+003, 0.000000e+000, 0.000000e+000, 0.000000e+000
 3.292500e-001,-3.939896e+001,-3.004130e+003, 2.898989e+003,-3.549789e+003,-3.531202e+000, 9.957122e+001,-3.486003e+003, 0.000000e+000, 0.000000e+000, 0.000000e+000
 3.293000e-001, 1.788326e+001,-3.026485e+003, 2.871230e+003,-3.524906e+003,-2.586169e+000, 9.735625e+001,-3.455711e+003, 0.000000e+000, 0.000000e+000, 0.000000e+000
 3.293500e-001, 6.979120e+001,-3.063005e+003, 2.829965e+003,-3.498800e+003,-1.608306e+000, 9.511143e+001,-3.424686e+003, 0.000000e+000, 0.000000e+000, 0.000000e+000
 3.294000e-001, 1.261793e+002,-3.082569e+003, 2.800124e+003,-3.471421e+003,-6.402391e-001, 9.284139e+001,-3.391996e+003, 0.000000e+000, 0.000000e+000, 0.000000e+000
 3.294500e-001, 1.788634e+002,-3.117435e+003, 2.756997e+003,-3.442836e+003, 3.532825e-001, 9.053761e+001,-3.358588e+003, 0.000000e+000, 0.000000e+000, 0.000000e+000
 3.295000e-001, 2.342706e+002,-3.134394e+003, 2.724942e+003,-3.412996e+003, 1.344830e+000, 8.821699e+001,-3.323547e+003, 0.000000e+000, 0.000000e+000, 0.000000e+000
 3.295500e-001, 2.876611e+002,-3.167334e+003, 2.680179e+003,-3.381970e+003, 2.353914e+000, 8.585933e+001,-3.287808e+003, 0.000000e+000, 0.000000e+000, 0.000000e+000
 3.296000e-001, 3.420214e+002,-3.181886e+003, 2.645797e+003,-3.349710e+003, 3.368845e+000, 8.349290e+001,-3.250468e+003, 0.000000e+000, 0.000000e+000, 0.000000e+000
 3.296500e-001, 3.960262e+002,-3.212627e+003, 2.599613e+003,-3.316285e+003, 4.393085e+000, 8.108684e+001,-3.212449e+003, 0.000000e+000, 0.000000e+000, 0.000000e+000
 3.297000e-001, 4.492933e+002,-3.224974e+003, 2.562809e+003,-3.281649e+003, 5.430748e+000, 7.867950e+001,-3.172863e+003, 0.000000e+000, 0.000000e+000, 0.000000e+000
 3.297500e-001, 5.037993e+002,-3.253249e+003, 2.515403e+003,-3.245871e+003, 6.469454e+000, 7.623055e+001,-3.132623e+003, 0.000000e+000, 0.000000e+000, 0.000000e+000
 3.298000e-001, 5.559453e+002,-3.263590e+003, 2.476109e+003,-3.208909e+003, 7.528728e+000, 7.378697e+001,-3.090847e+003, 0.000000e+000, 0.000000e+000, 0.000000e+000
 3.298500e-001, 6.108209e+002,-3.289147e+003, 2.427660e+003,-3.170826e+003, 8.581038e+000, 7.130047e+001,-3.048442e+003, 0.000000e+000, 0.000000e+000, 0.000000e+000
 3.299000e-001, 6.618356e+002,-3.297672e+003, 2.385836e+003,-3.131589e+003, 9.660490e+000, 6.882497e+001,-3.004535e+003, 0.000000e+000, 0.000000e+000, 0.000000e+000
 3.299500e-001, 7.169344e+002,-3.320277e+003, 2.336500e+003,-3.091257e+003, 1.072554e+001, 6.630592e+001,-2.960027e+003, 0.000000e+000, 0.000000e+000, 0.000000e+000
 3.300000e-001, 7.668232e+002,-3.327162e+003, 2.292134e+003,-3.049801e+003, 1.182364e+001, 6.380242e+001,-2.914051e+003, 0.000000e+000, 0.000000e+000, 0.000000e+000
 3.300500e-001, 8.219874e+002,-3.346609e+003, 2.242040e+003,-3.007275e+003, 1.290074e+001, 6.125556e+001,-2.867504e+003, 0.000000e+000, 0.000000e+000, 0.000000e+000
 3.301000e-001, 8.707690e+002,-3.352007e+003, 2.195149e+003,-2.963659e+003, 1.401600e+001, 5.872779e+001,-2.819523e+003, 0.000000e+000, 0.000000e+000, 0.000000e+000
 3.301500e-001, 9.258334e+002,-3.368119e+003, 2.144404e+003,-2.919002e+003, 1.510471e+001, 5.615775e+001,-2.771002e+003, 0.000000e+000, 0.000000e+000, 0.000000e+000
 3.302000e-001, 9.735361e+002,-3.372159e+003, 2.095032e+003,-2.873290e+003, 1.623582e+001, 5.360949e+001,-2.721082e+003, 0.000000e+000, 0.000000e+000, 0.000000e+000
 3.302500e-001, 1.028331e+003,-3.384793e+003, 2.043715e+003,-2.826565e+003, 1.733598e+001, 5.102103e+001,-2.670656e+003, 0.000000e+000, 0.000000e+000, 0.000000e+000
 3.303000e-001, 1.074988e+003,-3.387576e+003, 1.991937e+003,-2.778824e+003, 1.848173e+001, 4.845629e+001,-2.618865e+003, 0.000000e+000, 0.000000e+000, 0.000000e+000
 3.303500e-001, 1.129342e+003,-3.396624e+003, 1.940103e+003,-2.730102e+003, 1.959328e+001, 4.585439e+001,-2.566602e+003, 0.000000e+000, 0.000000e+000, 0.000000e+000
 3.304000e-001, 1.174986e+003,-3.398218e+003, 1.886019e+003,-2.680402e+003, 2.075245e+001, 4.327746e+001,-2.513013e+003, 0.000000e+000, 0.000000e+000, 0.000000e+000
 3.304500e-001, 1.228730e+003,-3.403612e+003, 1.833705e+003,-2.629756e+003, 2.187528e+001, 4.066720e+001,-2.458983e+003, 0.000000e+000, 0.000000e+000, 0.000000e+000
 3.305000e-001, 1.273392e+003,-3.404053e+003, 1.777439e+003,-2.578173e+003, 2.304647e+001, 3.808244e+001,-2.403667e+003, 0.000000e+000, 0.000000e+000, 0.000000e+000
 3.305500e-001, 1.326360e+003,-3.405760e+003, 1.724664e+003,-2.525679e+003, 2.418022e+001, 3.546875e+001,-2.347945e+003, 0.000000e+000, 0.000000e+000, 0.000000e+000
 3.306000e-001, 1.370061e+003,-3.405053e+003, 1.666362e+003,-2.472290e+003, 2.536168e+001, 3.288032e+001,-2.290978e+003, 0.000000e+000, 0.000000e+000, 0.000000e+000
 3.306500e-001, 1.422098e+003,-3.403080e+003, 1.613132e+003,-2.418027e+003, 2.650557e+001, 3.026762e+001,-2.233637e+003, 0.000000e+000, 0.000000e+000, 0.000000e+000
 3.307000e-001, 1.464849e+003,-3.401198e+003, 1.552958e+003,-2.362912e+003, 2.769518e+001, 2.767913e+001,-2.175096e+003, 0.000000e+000, 0.000000e+000, 0.000000e+000
 3.307500e-001, 1.515812e+003,-3.395587e+003, 1.499267e+003,-2.306961e+003, 2.884796e+001, 2.507106e+001,-2.116214e+003, 0.000000e+000, 0.000000e+000, 0.000000e+000
 3.308000e-001, 1.557612e+003,-3.392475e+003, 1.437399e+003,-2.250201e+003, 3.004323e+001, 2.248536e+001,-2.056180e+003, 0.000000e+000, 0.000000e+000, 0.000000e+000
 3.308500e-001, 1.607371e+003,-3.383303e+003, 1.383233e+003,-2.192646e+003, 3.120321e+001, 1.988465e+001,-1.995836e+003, 0.000000e+000, 0.000000e+000, 0.000000e+000
 3.309000e-001, 1.648209e+003,-3.378881e+003, 1.319858e+003,-2.134325e+003, 3.240132e+001, 1.730380e+001,-1.934390e+003, 0.000000e+000, 0.000000e+000, 0.000000e+000
 3.309500e-001, 1.696654e+003,-3.366257e+003, 1.265199e+003,-2.075251e+003, 3.356644e+001, 1.471230e+001,-1.872666e+003, 0.000000e+000, 0.000000e+000, 0.000000e+000
 3.310000e-001, 1.736501e+003,-3.360422e+003, 1.200510e+003,-2.015456e+003, 3.476438e+001, 1.213772e+001,-1.809893e+003, 0.000000e+000, 0.000000e+000, 0.000000e+000
 3.310500e-001, 1.783540e+003,-3.344480e+003, 1.145335e+003,-1.954950e+003, 3.593224e+001, 9.556664e+000,-1.746872e+003, 0.000000e+000, 0.000000e+000, 0.000000e+000
 3.311000e-001, 1.822357e+003,-3.337113e+003, 1.079526e+003,-1.893768e+003, 3.712681e+001, 6.989322e+000,-1.682857e+003, 0.000000e+000, 0.000000e+000, 0.000000e+000
 3.311500e-001, 1.867915e+003,-3.318011e+003, 1.023814e+003,-1.831920e+003, 3.829470e+001, 4.419535e+000,-1.618625e+003, 0.000000e+000, 0.000000e+000, 0.000000e+000
 3.312000e-001, 1.905647e+003,-3.308978e+003, 9.570795e+002,-1.769441e+003, 3.948251e+001, 1.860197e+000,-1.553455e+003, 0.000000e+000, 0.000000e+000, 0.000000e+000
 3.312500e-001, 1.949667e+003,-3.286890e+003, 9.008115e+002,-1.706342e+003, 4.064730e+001,-6.976972e-001,-1.488097e+003, 0.000000e+000, 0.000000e+000, 0.000000e+000
 3.313000e-001, 1.986247e+003,-3.276050e+003, 8.333439e+002,-1.642660e+003, 4.182471e+001,-3.248362e+000,-1.421862e+003, 0.000000e+000, 0.000000e+000, 0.000000e+000
 3.313500e-001, 2.028682e+003,-3.251161e+003, 7.765040e+002,-1.578403e+003, 4.298281e+001,-5.793876e+000,-1.355468e+003, 0.000000e+000, 0.000000e+000, 0.000000e+000
 3.314000e-001, 2.064031e+003,-3.238368e+003, 7.084937e+002,-1.513609e+003, 4.414583e+001,-8.335304e+000,-1.288258e+003, 0.000000e+000, 0.000000e+000, 0.000000e+000
 3.314500e-001, 2.104851e+003,-3.210874e+003, 6.510722e+002,-1.448289e+003, 4.529311e+001,-1.086812e+001,-1.220916e+003, 0.000000e+000, 0.000000e+000, 0.000000e+000
 3.315000e-001, 2.138880e+003,-3.195984e+003, 5.827054e+002,-1.382477e+003, 4.643736e+001,-1.339994e+001,-1.152823e+003, 0.000000e+000, 0.000000e+000, 0.000000e+000
 3.315500e-001, 2.178060e+003,-3.166079e+003, 5.246989e+002,-1.316189e+003, 4.756915e+001,-1.592000e+001,-1.084628e+003, 0.000000e+000, 0.000000e+000, 0.000000e+000
 3.316000e-001, 2.210678e+003,-3.148957e+003, 4.561572e+002,-1.249455e+003, 4.868991e+001,-1.844211e+001,-1.015746e+003, 0.000000e+000, 0.000000e+000, 0.000000e+000
 3.316500e-001, 2.248199e+003,-3.116836e+003, 3.975681e+002,-1.182293e+003, 4.980109e+001,-2.094962e+001,-9.467902e+002, 0.000000e+000, 0.000000e+000, 0.000000e+000
 3.317000e-001, 2.279315e+003,-3.097355e+003, 3.290284e+002,-1.114731e+003, 5.089342e+001,-2.346220e+001,-8.772144e+002, 0.000000e+000, 0.000000e+000, 0.000000e+000
 3.317500e-001, 2.315164e+003,-3.063206e+003, 2.698645e+002,-1.046791e+003, 5.197860e+001,-2.595762e+001,-8.075951e+002, 0.000000e+000, 0.000000e+000, 0.000000e+000
 3.318000e-001, 2.344689e+003,-3.041258e+003, 2.014982e+002,-9.784981e+002, 5.303746e+001,-2.846101e+001,-7.374224e+002, 0.000000e+000, 0.000000e+000, 0.000000e+000
 3.318500e-001, 2.378851e+003,-3.005259e+003, 1.417715e+002,-9.098751e+002, 5.409113e+001,-3.094483e+001,-6.672373e+002, 0.000000e+000, 0.000000e+000, 0.000000e+000
 3.319000e-001, 2.406708e+003,-2.980752e+003, 7.374519e+001,-8.409469e+002, 5.511158e+001,-3.343931e+001,-5.965655e+002, 0.000000e+000, 0.000000e+000, 0.000000e+000
 3.319500e-001, 2.439167e+003,-2.943070e+003, 1.347105e+001,-7.717378e+002, 5.612828e+001,-3.591185e+001,-5.259135e+002, 0.000000e+000, 0.000000e+000, 0.000000e+000
 3.320000e-001, 2.465288e+003,-2.915933e+003,-5.405336e+001,-7.022714e+002, 5.710553e+001,-3.839743e+001,-4.548413e+002, 0.000000e+000, 0.000000e+000, 0.000000e+000
 3.320500e-001, 2.496019e+003,-2.876718e+003,-1.148562e+002,-6.325733e+002, 5.807993e+001,-4.085861e+001,-3.838224e+002, 0.000000e+000, 0.000000e+000, 0.000000e+000
 3.321000e-001, 2.520353e+003,-2.846902e+003,-1.817208e+002,-5.626667e+002, 5.900937e+001,-4.333486e+001,-3.124487e+002, 0.000000e+000, 0.000000e+000, 0.000000e+000
 3.321500e-001, 2.549321e+003,-2.806288e+003,-2.430307e+002,-4.925776e+002, 5.993628e+001,-4.578408e+001,-2.411636e+002, 0.000000e+000, 0.000000e+000, 0.000000e+000
 3.322000e-001, 2.571831e+003,-2.773768e+003,-3.090811e+002,-4.223294e+002, 6.081347e+001,-4.825003e+001,-1.695879e+002, 0.000000e+000, 0.000000e+000, 0.000000e+000
 3.322500e-001, 2.598989e+003,-2.731872e+003,-3.708727e+002,-3.519478e+002, 6.168780e+001,-5.068618e+001,-9.813796e+001, 0.000000e+000, 0.000000e+000, 0.000000e+000
 3.323000e-001, 2.619657e+003,-2.696645e+003,-4.359580e+002,-2.814573e+002, 6.250839e+001,-5.314037e+001,-2.645991e+001, 0.000000e+000, 0.000000e+000, 0.000000e+000
 3.323500e-001, 2.644945e+003,-2.653566e+003,-4.982021e+002,-2.108819e+002, 6.332516e+001,-5.556194e+001, 4.505292e+001, 0.000000e+000, 0.000000e+000, 0.000000e+000
 3.324000e-001, 2.663768e+003,-2.615652e+003,-5.621759e+002,-1.402483e+002, 6.408489e+001,-5.800249e+001, 1.167332e+002, 0.000000e+000, 0.000000e+000, 0.000000e+000
 3.324500e-001, 2.687111e+003,-2.571471e+003,-6.248384e+002,-6.957773e+001, 6.483926e+001,-6.040761e+001, 1.882065e+002, 0.000000e+000, 0.000000e+000, 0.000000e+000
 3.325000e-001, 2.704106e+003,-2.530913e+003,-6.875602e+002, 1.099768e+000, 6.553403e+001,-6.283233e+001, 2.597886e+002, 0.000000e+000, 0.000000e+000, 0.000000e+000
 3.325500e-001, 2.725419e+003,-2.485698e+003,-7.506011e+002, 7.176688e+001, 6.622143e+001,-6.521891e+001, 3.311196e+002, 0.000000e+000, 0.000000e+000, 0.000000e+000
 3.326000e-001, 2.740621e+003,-2.442559e+003,-8.119386e+002, 1.423894e+002, 6.684745e+001,-6.762527e+001, 4.025030e+002, 0.000000e+000, 0.000000e+000, 0.000000e+000
 3.326500e-001, 2.759807e+003,-2.396364e+003,-8.753098e+002, 2.129547e+002, 6.746374e+001,-6.999093e+001, 4.735887e+002, 0.000000e+000, 0.000000e+000, 0.000000e+000
 3.327000e-001, 2.773264e+003,-2.350727e+003,-9.351420e+002, 2.834236e+002, 6.801766e+001,-7.237600e+001, 5.446729e+002, 0.000000e+000, 0.000000e+000, 0.000000e+000
 3.327500e-001, 2.790220e+003,-2.303592e+003,-9.987858e+002, 3.537888e+002, 6.855934e+001,-7.471798e+001, 6.154103e+002, 0.000000e+000, 0.000000e+000, 0.000000e+000
 3.328000e-001, 2.801995e+003,-2.255557e+003,-1.057006e+003, 4.240056e+002, 6.903851e+001,-7.707829e+001, 6.860952e+002, 0.000000e+000, 0.000000e+000, 0.000000e+000
 3.328500e-001, 2.816616e+003,-2.207513e+003,-1.120851e+003, 4.940723e+002, 6.950285e+001,-7.939331e+001, 7.563821e+002, 0.000000e+000, 0.000000e+000, 0.000000e+000
 3.329000e-001, 2.826779e+003,-2.157195e+003,-1.177369e+003, 5.639384e+002, 6.990532e+001,-8.172470e+001, 8.265679e+002, 0.000000e+000, 0.000000e+000, 0.000000e+000
 3.329500e-001, 2.838959e+003,-2.108264e+003,-1.241329e+003, 6.336083e+002, 7.029045e+001,-8.400892e+001, 8.963024e+002, 0.000000e+000, 0.000000e+000, 0.000000e+000
 3.330000e-001, 2.847583e+003,-2.055791e+003,-1.296076e+003, 7.030254e+002, 7.061507e+001,-8.630652e+001, 9.658903e+002, 0.000000e+000, 0.000000e+000, 0.000000e+000
 3.330500e-001, 2.857220e+003,-2.005987e+003,-1.360044e+003, 7.722003e+002, 7.091993e+001,-8.855546e+001, 1.034971e+003, 0.000000e+000, 0.000000e+000, 0.000000e+000
 3.331000e-001, 2.864378e+003,-1.951497e+003,-1.412974e+003, 8.410705e+002, 7.116628e+001,-9.081374e+001, 1.103863e+003, 0.000000e+000, 0.000000e+000, 0.000000e+000
 3.331500e-001, 2.871378e+003,-1.900829e+003,-1.476820e+003, 9.096523e+002, 7.139053e+001,-9.302243e+001, 1.172191e+003, 0.000000e+000, 0.000000e+000, 0.000000e+000
 3.332000e-001, 2.877135e+003,-1.844468e+003,-1.527911e+003, 9.778786e+002, 7.155880e+001,-9.523537e+001, 1.240288e+003, 0.000000e+000, 0.000000e+000, 0.000000e+000
 3.332500e-001, 2.881418e+003,-1.792939e+003,-1.591480e+003, 1.045771e+003, 7.170273e+001,-9.739850e+001, 1.307763e+003, 0.000000e+000, 0.000000e+000, 0.000000e+000
 3.333000e-001, 2.885827e+003,-1.734860e+003,-1.640739e+003, 1.113257e+003, 7.179363e+001,-9.955978e+001, 1.374971e+003, 0.000000e+000, 0.000000e+000, 0.000000e+000
 3.333500e-001, 2.887330e+003,-1.682473e+003,-1.703851e+003, 1.180363e+003, 7.185807e+001,-1.016719e+002, 1.441494e+003, 0.000000e+000, 0.000000e+000, 0.000000e+000
 3.334000e-001, 2.890434e+003,-1.622835e+003,-1.751313e+003, 1.247014e+003, 7.187279e+001,-1.037751e+002, 1.507715e+003, 0.000000e+000, 0.000000e+000, 0.000000e+000
 3.334500e-001, 2.889115e+003,-1.569589e+003,-1.813760e+003, 1.313240e+003, 7.185906e+001,-1.058308e+002, 1.573191e+003, 0.000000e+000, 0.000000e+000, 0.000000e+000
 3.335000e-001, 2.890936e+003,-1.508553e+003,-1.859487e+003, 1.378964e+003, 7.179921e+001,-1.078696e+002, 1.638330e+003, 0.000000e+000, 0.000000e+000, 0.000000e+000
 3.335500e-001, 2.886777e+003,-1.454450e+003,-1.921038e+003, 1.444216e+003, 7.170915e+001,-1.098634e+002, 1.702661e+003, 0.000000e+000, 0.000000e+000, 0.000000e+000
 3.336000e-001, 2.887320e+003,-1.392182e+003,-1.965121e+003, 1.508920e+003, 7.157682e+001,-1.118316e+002, 1.766625e+003, 0.000000e+000, 0.000000e+000, 0.000000e+000
 3.336500e-001, 2.880332e+003,-1.337223e+003,-2.025521e+003, 1.573106e+003, 7.141277e+001,-1.137582e+002, 1.829717e+003, 0.000000e+000, 0.000000e+000, 0.000000e+000
 3.337000e-001, 2.879582e+003,-1.273887e+003,-2.068074e+003, 1.636701e+003, 7.121053e+001,-1.156499e+002, 1.892413e+003, 0.000000e+000, 0.000000e+000, 0.000000e+000
 3.337500e-001, 2.869802e+003,-1.218077e+003,-2.127052e+003, 1.699732e+003, 7.097534e+001,-1.175040e+002, 1.954174e+003, 0.000000e+000, 0.000000e+000, 0.000000e+000
 3.338000e-001, 2.867721e+003,-1.153840e+003,-2.168209e+003, 1.762128e+003, 7.070618e+001,-1.193133e+002, 2.015511e+003, 0.000000e+000, 0.000000e+000, 0.000000e+000
 3.338500e-001, 2.855213e+003,-1.097187e+003,-2.225478e+003, 1.823914e+003, 7.040315e+001,-1.210897e+002, 2.075851e+003, 0.000000e+000, 0.000000e+000, 0.000000e+000
 3.339000e-001, 2.851746e+003,-1.032211e+003,-2.265389e+003, 1.885025e+003, 7.007045e+001,-1.228111e+002, 2.135741e+003, 0.000000e+000, 0.000000e+000, 0.000000e+000
 3.339500e-001, 2.836598e+003,-9.747266e+002,-2.320656e+003, 1.945479e+003, 6.970320e+001,-1.245045e+002, 2.194571e+003, 0.000000e+000, 0.000000e+000, 0.000000e+000
 3.340000e-001, 2.831668e+003,-9.091715e+002,-2.359475e+003, 2.005219e+003, 6.931055e+001,-1.261328e+002, 2.252926e+003, 0.000000e+000, 0.000000e+000, 0.000000e+000
 3.340500e-001, 2.813991e+003,-8.508731e+002,-2.412448e+003, 2.064256e+003, 6.888290e+001,-1.277382e+002, 2.310159e+003, 0.000000e+000, 0.000000e+000, 0.000000e+000
 3.341000e-001, 2.807505e+003,-7.848940e+002,-2.450332e+003, 2.122540e+003, 6.843398e+001,-1.292688e+002, 2.366895e+003, 0.000000e+000, 0.000000e+000, 0.000000e+000
 3.341500e-001, 2.787431e+003,-7.258051e+002,-2.500728e+003, 2.180078e+003, 6.794983e+001,-1.307813e+002, 2.422448e+003, 0.000000e+000, 0.000000e+000, 0.000000e+000
 3.342000e-001, 2.779283e+003,-6.595511e+002,-2.537820e+003, 2.236827e+003, 6.744828e+001,-1.322100e+002, 2.477481e+003, 0.000000e+000, 0.000000e+000, 0.000000e+000
 3.342500e-001, 2.756957e+003,-5.997027e+002,-2.585373e+003, 2.292784e+003, 6.691151e+001,-1.336253e+002, 2.531273e+003, 0.000000e+000, 0.000000e+000, 0.000000e+000
 3.343000e-001, 2.747033e+003,-5.333165e+002,-2.621804e+003, 2.347919e+003, 6.636092e+001,-1.349487e+002, 2.584522e+003, 0.000000e+000, 0.000000e+000, 0.000000e+000
 3.343500e-001, 2.722613e+003,-4.727480e+002,-2.666274e+003, 2.402219e+003, 6.577534e+001,-1.362627e+002, 2.636473e+003, 0.000000e+000, 0.000000e+000, 0.000000e+000
 3.344000e-001, 2.710796e+003,-4.063643e+002,-2.702147e+003, 2.455663e+003, 6.517921e+001,-1.374779e+002, 2.687860e+003, 0.000000e+000, 0.000000e+000, 0.000000e+000
 3.344500e-001, 2.684447e+003,-3.451247e+002,-2.743328e+003, 2.508231e+003, 6.454859e+001,-1.386870e+002, 2.737892e+003, 0.000000e+000, 0.000000e+000, 0.000000e+000
 3.345000e-001, 2.670622e+003,-2.788703e+002,-2.778716e+003, 2.559911e+003, 6.391037e+001,-1.397919e+002, 2.787340e+003, 0.000000e+000, 0.000000e+000, 0.000000e+000
 3.345500e-001, 2.642513e+003,-2.170184e+002,-2.816442e+003, 2.610676e+003, 6.323849e+001,-1.408926e+002, 2.835380e+003, 0.000000e+000, 0.000000e+000, 0.000000e+000
 3.346000e-001, 2.626570e+003,-1.510105e+002,-2.851380e+003, 2.660521e+003, 6.256163e+001,-1.418853e+002, 2.882816e+003, 0.000000e+000, 0.000000e+000, 0.000000e+000
 3.346500e-001, 2.596866e+003,-8.861539e+001,-2.885533e+003, 2.709411e+003, 6.185228e+001,-1.428747e+002, 2.928793e+003, 0.000000e+000, 0.000000e+000, 0.000000e+000
 3.347000e-001, 2.578707e+003,-2.296130e+001,-2.920013e+003, 2.757354e+003, 6.114021e+001,-1.437539e+002, 2.974146e+003, 0.000000e+000, 0.000000e+000, 0.000000e+000
 3.347500e-001, 2.547570e+003, 3.989755e+001,-2.950526e+003, 2.804303e+003, 6.039713e+001,-1.446289e+002, 3.017991e+003, 0.000000e+000, 0.000000e+000, 0.000000e+000
 3.348000e-001, 2.527110e+003, 1.051010e+002,-2.984493e+003, 2.850276e+003, 5.965322e+001,-1.453936e+002, 3.061195e+003, 0.000000e+000, 0.000000e+000, 0.000000e+000
 3.348500e-001, 2.494688e+003, 1.683342e+002,-3.011350e+003, 2.895221e+003, 5.888008e+001,-1.461517e+002, 3.102844e+003, 0.000000e+000, 0.000000e+000, 0.000000e+000
 3.349000e-001, 2.471860e+003, 2.330008e+002,-3.044703e+003, 2.939161e+003, 5.810757e+001,-1.468011e+002, 3.143833e+003, 0.000000e+000, 0.000000e+000, 0.000000e+000
 3.349500e-001, 2.438289e+003, 2.965091e+002,-3.067941e+003, 2.982039e+003, 5.730783e+001,-1.474401e+002, 3.183226e+003, 0.000000e+000, 0.000000e+000, 0.000000e+000
 3.350000e-001, 2.413044e+003, 3.605632e+002,-3.100533e+003, 3.023886e+003, 5.650970e+001,-1.479737e+002, 3.221939e+003, 0.000000e+000, 0.000000e+000, 0.000000e+000
 3.350500e-001, 2.378443e+003, 4.242382e+002,-3.120240e+003, 3.064639e+003, 5.568652e+001,-1.484918e+002, 3.259017e+003, 0.000000e+000, 0.000000e+000, 0.000000e+000
 3.351000e-001, 2.350756e+003, 4.876141e+002,-3.151879e+003, 3.104334e+003, 5.486546e+001,-1.489096e+002, 3.295399e+003, 0.000000e+000, 0.000000e+000, 0.000000e+000
 3.351500e-001, 2.315227e+003, 5.513386e+002,-3.168190e+003, 3.142906e+003, 5.402165e+001,-1.493055e+002, 3.330107e+003, 0.000000e+000, 0.000000e+000, 0.000000e+000
 3.352000e-001, 2.285094e+003, 6.139794e+002,-3.198649e+003, 3.180395e+003, 5.318001e+001,-1.496077e+002, 3.364102e+003, 0.000000e+000, 0.000000e+000, 0.000000e+000
 3.352500e-001, 2.248719e+003, 6.776287e+002,-3.211740e+003, 3.216734e+003, 5.231803e+001,-1.498805e+002, 3.396390e+003, 0.000000e+000, 0.000000e+000, 0.000000e+000
 3.353000e-001, 2.216164e+003, 7.394856e+002,-3.240759e+003, 3.251965e+003, 5.145787e+001,-1.500677e+002, 3.427949e+003, 0.000000e+000, 0.000000e+000, 0.000000e+000
 3.353500e-001, 2.179008e+003, 8.029280e+002,-3.250840e+003, 3.286020e+003, 5.057987e+001,-1.502172e+002, 3.457771e+003, 0.000000e+000, 0.000000e+000, 0.000000e+000
 3.354000e-001, 2.144076e+003, 8.639588e+002,-3.278135e+003, 3.318944e+003, 4.970303e+001,-1.502899e+002, 3.486847e+003, 0.000000e+000, 0.000000e+000, 0.000000e+000
 3.354500e-001, 2.106186e+003, 9.270575e+002,-3.285444e+003, 3.350670e+003, 4.881093e+001,-1.503163e+002, 3.514158e+003, 0.000000e+000, 0.000000e+000, 0.000000e+000
 3.355000e-001, 2.068946e+003, 9.872255e+002,-3.310719e+003, 3.381240e+003, 4.791911e+001,-1.502753e+002, 3.540710e+003, 0.000000e+000, 0.000000e+000, 0.000000e+000
 3.355500e-001, 2.030351e+003, 1.049840e+003,-3.315508e+003, 3.410592e+003, 4.701465e+001,-1.501789e+002, 3.565472e+003, 0.000000e+000, 0.000000e+000, 0.000000e+000
 3.356000e-001, 1.990894e+003, 1.109113e+003,-3.338461e+003, 3.438765e+003, 4.610944e+001,-1.500249e+002, 3.589462e+003, 0.000000e+000, 0.000000e+000, 0.000000e+000
 3.356500e-001, 1.951607e+003, 1.171102e+003,-3.340988e+003, 3.465702e+003, 4.519426e+001,-1.498063e+002, 3.611639e+003, 0.000000e+000, 0.000000e+000, 0.000000e+000
 3.357000e-001, 1.910041e+003, 1.229449e+003,-3.361325e+003, 3.491438e+003, 4.427718e+001,-1.495398e+002, 3.633033e+003, 0.000000e+000, 0.000000e+000, 0.000000e+000
 3.357500e-001, 1.870063e+003, 1.290671e+003,-3.361845e+003, 3.515921e+003, 4.335273e+001,-1.492002e+002, 3.652595e+003, 0.000000e+000, 0.000000e+000, 0.000000e+000
 3.358000e-001, 1.826514e+003, 1.348064e+003,-3.379286e+003, 3.539183e+003, 4.242521e+001,-1.488218e+002, 3.671364e+003, 0.000000e+000, 0.000000e+000, 0.000000e+000
 3.358500e-001, 1.785831e+003, 1.408380e+003,-3.378041e+003, 3.561176e+003, 4.149280e+001,-1.483623e+002, 3.688284e+003, 0.000000e+000, 0.000000e+000, 0.000000e+000
 3.359000e-001, 1.740438e+003, 1.464788e+003,-3.392330e+003, 3.581929e+003, 4.055612e+001,-1.478725e+002, 3.704401e+003, 0.000000e+000, 0.000000e+000, 0.000000e+000
 3.359500e-001, 1.699029e+003, 1.524065e+003,-3.389538e+003, 3.601400e+003, 3.961682e+001,-1.472948e+002, 3.718657e+003, 0.000000e+000, 0.000000e+000, 0.000000e+000
 3.360000e-001, 1.651941e+003, 1.579457e+003,-3.400452e+003, 3.619614e+003, 3.867210e+001,-1.466942e+002, 3.732103e+003, 0.000000e+000, 0.000000e+000, 0.000000e+000
 3.360500e-001, 1.609778e+003, 1.637564e+003,-3.396302e+003, 3.636535e+003, 3.772675e+001,-1.460002e+002, 3.743676e+003, 0.000000e+000, 0.000000e+000, 0.000000e+000
 3.361000e-001, 1.561152e+003, 1.691906e+003,-3.403659e+003, 3.652182e+003, 3.677492e+001,-1.452896e+002, 3.754431e+003, 0.000000e+000, 0.000000e+000, 0.000000e+000
 3.361500e-001, 1.518205e+003, 1.748722e+003,-3.398306e+003, 3.666527e+003, 3.582418e+001,-1.444814e+002, 3.763306e+003, 0.000000e+000, 0.000000e+000, 0.000000e+000
 3.362000e-001, 1.468203e+003, 1.801972e+003,-3.401967e+003, 3.679583e+003, 3.486601e+001,-1.436618e+002, 3.771359e+003, 0.000000e+000, 0.000000e+000, 0.000000e+000
 3.362500e-001, 1.424440e+003, 1.857385e+003,-3.395524e+003, 3.691329e+003, 3.391031e+001,-1.427419e+002, 3.777526e+003, 0.000000e+000, 0.000000e+000, 0.000000e+000
 3.363000e-001, 1.373227e+003, 1.909498e+003,-3.395400e+003, 3.701774e+003, 3.294647e+001,-1.418142e+002, 3.782867e+003, 0.000000e+000, 0.000000e+000, 0.000000e+000
 3.363500e-001, 1.328622e+003, 1.963404e+003,-3.387937e+003, 3.710904e+003, 3.198615e+001,-1.407853e+002, 3.786320e+003, 0.000000e+000, 0.000000e+000, 0.000000e+000
 3.364000e-001, 1.276361e+003, 2.014326e+003,-3.383989e+003, 3.718721e+003, 3.101721e+001,-1.397507e+002, 3.788944e+003, 0.000000e+000, 0.000000e+000, 0.000000e+000
 3.364500e-001, 1.230891e+003, 2.066632e+003,-3.375536e+003, 3.725219e+003, 3.005250e+001,-1.386155e+002, 3.789681e+003, 0.000000e+000, 0.000000e+000, 0.000000e+000
 3.365000e-001, 1.177741e+003, 2.116304e+003,-3.367772e+003, 3.730394e+003, 2.907895e+001,-1.374753e+002, 3.789586e+003, 0.000000e+000, 0.000000e+000, 0.000000e+000
 3.365500e-001, 1.131390e+003, 2.166929e+003,-3.358315e+003, 3.734247e+003, 2.811001e+001,-1.362368e+002, 3.787609e+003, 0.000000e+000, 0.000000e+000, 0.000000e+000
 3.366000e-001, 1.077507e+003, 2.215283e+003,-3.346793e+003, 3.736771e+003, 2.713226e+001,-1.349926e+002, 3.784799e+003, 0.000000e+000, 0.000000e+000, 0.000000e+000
 3.366500e-001, 1.030268e+003, 2.264156e+003,-3.336279e+003, 3.737972e+003, 2.615914e+001,-1.336538e+002, 3.780114e+003, 0.000000e+000, 0.000000e+000, 0.000000e+000
 3.367000e-001, 9.757946e+002, 2.311120e+003,-3.321099e+003, 3.737838e+003, 2.517746e+001,-1.323074e+002, 3.774597e+003, 0.000000e+000, 0.000000e+000, 0.000000e+000
 3.367500e-001, 9.276721e+002, 2.358182e+003,-3.309442e+003, 3.736381e+003, 2.420008e+001,-1.308716e+002, 3.767214e+003, 0.000000e+000, 0.000000e+000, 0.000000e+000
 3.368000e-001, 8.727441e+002, 2.403676e+003,-3.290742e+003, 3.733587e+003, 2.321457e+001,-1.294253e+002, 3.759001e+003, 0.000000e+000, 0.000000e+000, 0.000000e+000
 3.368500e-001, 8.237536e+002, 2.448877e+003,-3.277824e+003, 3.729471e+003, 2.223266e+001,-1.278960e+002, 3.748933e+003, 0.000000e+000, 0.000000e+000, 0.000000e+000
 3.369000e-001, 7.684941e+002, 2.492818e+003,-3.255777e+003, 3.724019e+003, 2.124322e+001,-1.263524e+002, 3.738038e+003, 0.000000e+000, 0.000000e+000, 0.000000e+000
 3.369500e-001, 7.186641e+002, 2.536117e+003,-3.241460e+003, 3.717248e+003, 2.025637e+001,-1.247331e+002, 3.725304e+003, 0.000000e+000, 0.000000e+000, 0.000000e+000
 3.370000e-001, 6.631845e+002, 2.578417e+003,-3.216260e+003, 3.709142e+003, 1.926267e+001,-1.230954e+002, 3.711746e+003, 0.000000e+000, 0.000000e+000, 0.000000e+000
 3.370500e-001, 6.125576e+002, 2.619783e+003,-3.200391e+003, 3.699724e+003, 1.827030e+001,-1.213899e+002, 3.696367e+003, 0.000000e+000, 0.000000e+000, 0.000000e+000
 3.371000e-001, 5.569569e+002, 2.660350e+003,-3.172254e+003, 3.688975e+003, 1.727187e+001,-1.196615e+002, 3.680167e+003, 0.000000e+000, 0.000000e+000, 0.000000e+000
 3.371500e-001, 5.055895e+002, 2.699758e+003,-3.154672e+003, 3.676920e+003, 1.627330e+001,-1.178737e+002, 3.662168e+003, 0.000000e+000, 0.000000e+000, 0.000000e+000
 3.372000e-001, 4.499546e+002, 2.738501e+003,-3.123823e+003, 3.663540e+003, 1.526954e+001,-1.160585e+002, 3.643353e+003, 0.000000e+000, 0.000000e+000, 0.000000e+000
 3.372500e-001, 3.979169e+002, 2.775930e+003,-3.104366e+003, 3.648864e+003, 1.426407e+001,-1.141923e+002, 3.622761e+003, 0.000000e+000, 0.000000e+000, 0.000000e+000
 3.373000e-001, 3.423223e+002, 2.812757e+003,-3.071035e+003, 3.632872e+003, 1.325434e+001,-1.122942e+002, 3.601360e+003, 0.000000e+000, 0.000000e+000, 0.000000e+000
 3.373500e-001, 2.896977e+002, 2.848192e+003,-3.049549e+003, 3.615593e+003, 1.224129e+001,-1.103536e+002, 3.578209e+003, 0.000000e+000, 0.000000e+000, 0.000000e+000
 3.374000e-001, 2.342060e+002, 2.883012e+003,-3.013962e+003, 3.597010e+003, 1.122494e+001,-1.083767e+002, 3.554254e+003, 0.000000e+000, 0.000000e+000, 0.000000e+000
 3.374500e-001, 1.810898e+002, 2.916440e+003,-2.990303e+003, 3.577151e+003, 1.020367e+001,-1.063654e+002, 3.528578e+003, 0.000000e+000, 0.000000e+000, 0.000000e+000
 3.375000e-001, 1.257524e+002, 2.949167e+003,-2.952677e+003, 3.556002e+003, 9.180038e+000,-1.043142e+002, 3.502107e+003, 0.000000e+000, 0.000000e+000, 0.000000e+000
 3.375500e-001, 7.225060e+001, 2.980577e+003,-2.926720e+003, 3.533590e+003, 8.149980e+000,-1.022362e+002, 3.473944e+003, 0.000000e+000, 0.000000e+000, 0.000000e+000
 3.376000e-001, 1.710882e+001, 3.011130e+003,-2.887261e+003, 3.509904e+003, 7.118422e+000,-1.001151e+002, 3.444996e+003, 0.000000e+000, 0.000000e+000, 0.000000e+000
 3.376500e-001,-3.666358e+001, 3.040510e+003,-2.858901e+003, 3.484970e+003, 6.079025e+000,-9.797417e+001, 3.414388e+003, 0.000000e+000, 0.000000e+000, 0.000000e+000
 3.377000e-001,-9.157725e+001, 3.068813e+003,-2.817794e+003, 3.458781e+003, 5.038889e+000,-9.578777e+001, 3.383006e+003, 0.000000e+000, 0.000000e+000, 0.000000e+000
 3.377500e-001,-1.454974e+002, 3.096153e+003,-2.786952e+003, 3.431359e+003, 3.989633e+000,-9.358793e+001, 3.349999e+003, 0.000000e+000, 0.000000e+000, 0.000000e+000
 3.378000e-001,-2.001574e+002, 3.122138e+003,-2.744365e+003, 3.402703e+003, 2.940250e+000,-9.134103e+001, 3.316228e+003, 0.000000e+000, 0.000000e+000, 0.000000e+000
 3.378500e-001,-2.540966e+002, 3.147424e+003,-2.710989e+003, 3.372833e+003, 1.880633e+000,-8.908620e+001, 3.280869e+003, 0.000000e+000, 0.000000e+000, 0.000000e+000
 3.379000e-001,-3.084824e+002, 3.171030e+003,-2.667067e+003, 3.341751e+003, 8.213327e-001,-8.678361e+001, 3.244760e+003, 0.000000e+000, 0.000000e+000, 0.000000e+000
 3.379500e-001,-3.623075e+002, 3.194247e+003,-2.631130e+003, 3.309475e+003,-2.491027e-001,-8.447780e+001, 3.207100e+003, 0.000000e+000, 0.000000e+000, 0.000000e+000
 3.380000e-001,-4.164016e+002, 3.215423e+003,-2.585998e+003, 3.276012e+003,-1.318951e+000,-8.212431e+001, 3.168703e+003, 0.000000e+000, 0.000000e+000, 0.000000e+000
 3.380500e-001,-4.699773e+002, 3.236552e+003,-2.547502e+003, 3.241376e+003,-2.400575e+000,-7.977148e+001, 3.128796e+003, 0.000000e+000, 0.000000e+000, 0.000000e+000
 3.381000e-001,-5.237634e+002, 3.255257e+003,-2.501264e+003, 3.205580e+003,-3.481509e+000,-7.737181e+001, 3.088168e+003, 0.000000e+000, 0.000000e+000, 0.000000e+000
 3.381500e-001,-5.769543e+002, 3.274275e+003,-2.460236e+003, 3.168635e+003,-4.574553e+000,-7.497585e+001, 3.046071e+003, 0.000000e+000, 0.000000e+000, 0.000000e+000
 3.382000e-001,-6.304151e+002, 3.290476e+003,-2.412976e+003, 3.130557e+003,-5.666957e+000,-7.253455e+001, 3.003270e+003, 0.000000e+000, 0.000000e+000, 0.000000e+000
 3.382500e-001,-6.830883e+002, 3.307358e+003,-2.369467e+003, 3.091355e+003,-6.771462e+000,-7.009921e+001, 2.959041e+003, 0.000000e+000, 0.000000e+000, 0.000000e+000
 3.383000e-001,-7.362042e+002, 3.321034e+003,-2.321252e+003, 3.051051e+003,-7.875525e+000,-6.762061e+001, 2.914128e+003, 0.000000e+000, 0.000000e+000, 0.000000e+000
 3.383500e-001,-7.882312e+002, 3.335747e+003,-2.275334e+003, 3.009649e+003,-8.991310e+000,-6.514957e+001, 2.867830e+003, 0.000000e+000, 0.000000e+000, 0.000000e+000
 3.384000e-001,-8.409783e+002, 3.346889e+003,-2.226216e+003, 2.967176e+003,-1.010699e+001,-6.263781e+001, 2.820870e+003, 0.000000e+000, 0.000000e+000, 0.000000e+000
 3.384500e-001,-8.922377e+002, 3.359398e+003,-2.177980e+003, 2.923634e+003,-1.123363e+001,-6.013459e+001, 2.772568e+003, 0.000000e+000, 0.000000e+000, 0.000000e+000
 3.385000e-001,-9.445861e+002, 3.368006e+003,-2.127999e+003, 2.879053e+003,-1.236064e+001,-5.759358e+001, 2.723627e+003, 0.000000e+000, 0.000000e+000, 0.000000e+000
 3.385500e-001,-9.949653e+002, 3.378272e+003,-2.077551e+003, 2.833435e+003,-1.349750e+001,-5.506164e+001, 2.673389e+003, 0.000000e+000, 0.000000e+000, 0.000000e+000
 3.386000e-001,-1.046877e+003, 3.384356e+003,-2.026737e+003, 2.786812e+003,-1.463530e+001,-5.249512e+001, 2.622537e+003, 0.000000e+000, 0.000000e+000, 0.000000e+000
 3.386500e-001,-1.096274e+003, 3.392336e+003,-1.974193e+003, 2.739182e+003,-1.578147e+001,-4.993781e+001, 2.570432e+003, 0.000000e+000, 0.000000e+000, 0.000000e+000
 3.387000e-001,-1.147703e+003, 3.395920e+003,-1.922571e+003, 2.690583e+003,-1.692930e+001,-4.734932e+001, 2.517741e+003, 0.000000e+000, 0.000000e+000, 0.000000e+000
 3.387500e-001,-1.196027e+003, 3.401566e+003,-1.868059e+003, 2.641013e+003,-1.808364e+001,-4.476987e+001, 2.463842e+003, 0.000000e+000, 0.000000e+000, 0.000000e+000
 3.388000e-001,-1.246915e+003, 3.402681e+003,-1.815649e+003, 2.590509e+003,-1.924044e+001,-4.216274e+001, 2.409386e+003, 0.000000e+000, 0.000000e+000, 0.000000e+000
 3.388500e-001,-1.294088e+003, 3.405944e+003,-1.759301e+003, 2.539069e+003,-2.040158e+001,-3.956427e+001, 2.353768e+003, 0.000000e+000, 0.000000e+000, 0.000000e+000
 3.389000e-001,-1.344367e+003, 3.404630e+003,-1.706123e+003, 2.486733e+003,-2.156601e+001,-3.694159e+001, 2.297624e+003, 0.000000e+000, 0.000000e+000, 0.000000e+000
 3.389500e-001,-1.390325e+003, 3.405459e+003,-1.648078e+003, 2.433499e+003,-2.273230e+001,-3.432703e+001, 2.240363e+003, 0.000000e+000, 0.000000e+000, 0.000000e+000
 3.390000e-001,-1.439913e+003, 3.401764e+003,-1.594152e+003, 2.379406e+003,-2.390270e+001,-3.169163e+001, 2.182610e+003, 0.000000e+000, 0.000000e+000, 0.000000e+000
 3.390500e-001,-1.484608e+003, 3.400107e+003,-1.534549e+003, 2.324456e+003,-2.507221e+001,-2.906369e+001, 2.123786e+003, 0.000000e+000, 0.000000e+000, 0.000000e+000
 3.391000e-001,-1.533412e+003, 3.394088e+003,-1.479896e+003, 2.268685e+003,-2.624660e+001,-2.641816e+001, 2.064504e+003, 0.000000e+000, 0.000000e+000, 0.000000e+000
 3.391500e-001,-1.576807e+003, 3.389893e+003,-1.418875e+003, 2.212098e+003,-2.741710e+001,-2.377937e+001, 2.004199e+003, 0.000000e+000, 0.000000e+000, 0.000000e+000
 3.392000e-001,-1.624722e+003, 3.381610e+003,-1.363522e+003, 2.154729e+003,-2.859314e+001,-2.112611e+001, 1.943472e+003, 0.000000e+000, 0.000000e+000, 0.000000e+000
 3.392500e-001,-1.666799e+003, 3.374829e+003,-1.301221e+003, 2.096588e+003,-2.976213e+001,-1.847882e+001, 1.881768e+003, 0.000000e+000, 0.000000e+000, 0.000000e+000
 3.393000e-001,-1.713708e+003, 3.364347e+003,-1.245195e+003, 2.037704e+003,-3.093719e+001,-1.582004e+001, 1.819682e+003, 0.000000e+000, 0.000000e+000, 0.000000e+000
 3.393500e-001,-1.754460e+003, 3.354933e+003,-1.181755e+003, 1.978091e+003,-3.210192e+001,-1.316652e+001, 1.756665e+003, 0.000000e+000, 0.000000e+000, 0.000000e+000
 3.394000e-001,-1.800238e+003, 3.342319e+003,-1.125086e+003, 1.917778e+003,-3.327308e+001,-1.050438e+001, 1.693306e+003, 0.000000e+000, 0.000000e+000, 0.000000e+000
 3.394500e-001,-1.839671e+003, 3.330234e+003,-1.060645e+003, 1.856780e+003,-3.443060e+001,-7.846807e+000, 1.629063e+003, 0.000000e+000, 0.000000e+000, 0.000000e+000
 3.395000e-001,-1.884184e+003, 3.315556e+003,-1.003367e+003, 1.795123e+003,-3.559469e+001,-5.183455e+000, 1.564520e+003, 0.000000e+000, 0.000000e+000, 0.000000e+000
 3.395500e-001,-1.922316e+003, 3.300768e+003,-9.380631e+002, 1.732830e+003,-3.674189e+001,-2.524009e+000, 1.499141e+003, 0.000000e+000, 0.000000e+000, 0.000000e+000
 3.396000e-001,-1.965423e+003, 3.284092e+003,-8.802114e+002, 1.669918e+003,-3.789553e+001, 1.383960e-001, 1.433504e+003, 0.000000e+000, 0.000000e+000, 0.000000e+000
 3.396500e-001,-2.002281e+003, 3.266578e+003,-8.141827e+002, 1.606419e+003,-3.902919e+001, 2.797528e+000, 1.367078e+003, 0.000000e+000, 0.000000e+000, 0.000000e+000
 3.397000e-001,-2.043836e+003, 3.247967e+003,-7.557933e+002, 1.542343e+003,-4.016885e+001, 5.456784e+000, 1.300439e+003, 0.000000e+000, 0.000000e+000, 0.000000e+000
 3.397500e-001,-2.079454e+003, 3.227715e+003,-6.891801e+002, 1.477729e+003,-4.128563e+001, 8.113414e+000, 1.233059e+003, 0.000000e+000, 0.000000e+000, 0.000000e+000
 3.398000e-001,-2.119310e+003, 3.207226e+003,-6.302894e+002, 1.412582e+003,-4.240763e+001, 1.076729e+001, 1.165512e+003, 0.000000e+000, 0.000000e+000, 0.000000e+000
 3.398500e-001,-2.153727e+003, 3.184238e+003,-5.632337e+002, 1.346946e+003,-4.350410e+001, 1.341923e+001, 1.097270e+003, 0.000000e+000, 0.000000e+000, 0.000000e+000
 3.399000e-001,-2.191736e+003, 3.161923e+003,-5.038768e+002, 1.280822e+003,-4.460463e+001, 1.606547e+001, 1.028909e+003, 0.000000e+000, 0.000000e+000, 0.000000e+000
 3.399500e-001,-2.224991e+003, 3.136212e+003,-4.365236e+002, 1.214259e+003,-4.567730e+001, 1.871055e+001, 9.599002e+002, 0.000000e+000, 0.000000e+000, 0.000000e+000
 3.400000e-001,-2.261011e+003, 3.112116e+003,-3.767337e+002, 1.147252e+003,-4.675244e+001, 2.134688e+001, 8.908213e+002, 0.000000e+000, 0.000000e+000, 0.000000e+000
 3.400500e-001,-2.293145e+003, 3.083710e+003,-3.092311e+002, 1.079857e+003,-4.779774e+001, 2.398291e+001, 8.211418e+002, 0.000000e+000, 0.000000e+000, 0.000000e+000
 3.401000e-001,-2.327039e+003, 3.057869e+003,-2.490387e+002, 1.012064e+003,-4.884351e+001, 2.660702e+001, 7.514415e+002, 0.000000e+000, 0.000000e+000, 0.000000e+000
 3.401500e-001,-2.358085e+003, 3.026813e+003,-1.815382e+002, 9.439340e+002,-4.985783e+001, 2.923175e+001, 6.811883e+002, 0.000000e+000, 0.000000e+000, 0.000000e+000
 3.402000e-001,-2.389729e+003, 2.999253e+003,-1.209711e+002, 8.754520e+002,-5.087017e+001, 3.184124e+001, 6.109644e+002, 0.000000e+000, 0.000000e+000, 0.000000e+000
 3.402500e-001,-2.419717e+003, 2.965605e+003,-5.362689e+001, 8.066844e+002,-5.184989e+001, 3.445233e+001, 5.402354e+002, 0.000000e+000, 0.000000e+000, 0.000000e+000
 3.403000e-001,-2.448996e+003, 2.936344e+003, 7.289727e+000, 7.376117e+002,-5.282477e+001, 3.704472e+001, 4.695861e+002, 0.000000e+000, 0.000000e+000, 0.000000e+000
 3.403500e-001,-2.477944e+003, 2.900181e+003, 7.432105e+001, 6.683048e+002,-5.376630e+001, 3.963967e+001, 3.984802e+002, 0.000000e+000, 0.000000e+000, 0.000000e+000
 3.404000e-001,-2.504763e+003, 2.869227e+003, 1.355635e+002, 5.987406e+002,-5.469975e+001, 4.221235e+001, 3.275048e+002, 0.000000e+000, 0.000000e+000, 0.000000e+000
 3.404500e-001,-2.532678e+003, 2.830639e+003, 2.021246e+002, 5.289933e+002,-5.559956e+001, 4.478848e+001, 2.561213e+002, 0.000000e+000, 0.000000e+000, 0.000000e+000
 3.405000e-001,-2.556959e+003, 2.797991e+003, 2.636694e+002, 4.590375e+002,-5.648772e+001, 4.733871e+001, 1.849192e+002, 0.000000e+000, 0.000000e+000, 0.000000e+000
 3.405500e-001,-2.583831e+003, 2.757083e+003, 3.296039e+002, 3.889494e+002,-5.734239e+001, 4.989318e+001, 1.133583e+002, 0.000000e+000, 0.000000e+000, 0.000000e+000
 3.406000e-001,-2.605517e+003, 2.722733e+003, 3.914258e+002, 3.187022e+002,-5.818156e+001, 5.241811e+001, 4.202936e+001, 0.000000e+000, 0.000000e+000, 0.000000e+000
 3.406500e-001,-2.631321e+003, 2.679625e+003, 4.565802e+002, 2.483731e+002,-5.898780e+001, 5.494787e+001,-2.960863e+001, 0.000000e+000, 0.000000e+000, 0.000000e+000
 3.407000e-001,-2.650377e+003, 2.643557e+003, 5.186501e+002, 1.779353e+002,-5.977446e+001, 5.744458e+001,-1.009640e+002, 0.000000e+000, 0.000000e+000, 0.000000e+000
 3.407500e-001,-2.675069e+003, 2.598377e+003, 5.828771e+002, 1.074653e+002,-6.052916e+001, 5.994646e+001,-1.725783e+002, 0.000000e+000, 0.000000e+000, 0.000000e+000
 3.408000e-001,-2.691485e+003, 2.560573e+003, 6.451591e+002, 3.693776e+001,-6.126004e+001, 6.241198e+001,-2.438597e+002, 0.000000e+000, 0.000000e+000, 0.000000e+000
 3.408500e-001,-2.715000e+003, 2.513461e+003, 7.083199e+002,-3.357313e+001,-6.196024e+001, 6.488264e+001,-3.153493e+002, 0.000000e+000, 0.000000e+000, 0.000000e+000
 3.409000e-001,-2.728791e+003, 2.473895e+003, 7.707693e+002,-1.040897e+002,-6.263229e+001, 6.731395e+001,-3.864562e+002, 0.000000e+000, 0.000000e+000, 0.000000e+000
 3.409500e-001,-2.751047e+003, 2.425001e+003, 8.327372e+002,-1.745416e+002,-6.327524e+001, 6.974995e+001,-4.577200e+002, 0.000000e+000, 0.000000e+000, 0.000000e+000
 3.410000e-001,-2.762251e+003, 2.383648e+003, 8.952968e+002,-2.449467e+002,-6.388572e+001, 7.214399e+001,-5.285517e+002, 0.000000e+000, 0.000000e+000, 0.000000e+000
 3.410500e-001,-2.783146e+003, 2.333124e+003, 9.559600e+002,-3.152399e+002,-6.446888e+001, 7.454171e+001,-5.994888e+002, 0.000000e+000, 0.000000e+000, 0.000000e+000
 3.411000e-001,-2.791826e+003, 2.289959e+003, 1.018558e+003,-3.854334e+002,-6.501534e+001, 7.689537e+001,-6.699448e+002, 0.000000e+000, 0.000000e+000, 0.000000e+000
 3.411500e-001,-2.811241e+003, 2.237963e+003, 1.077823e+003,-4.554687e+002,-6.553640e+001, 7.925106e+001,-7.404545e+002, 0.000000e+000, 0.000000e+000, 0.000000e+000
 3.412000e-001,-2.817483e+003, 2.192964e+003, 1.140372e+003,-5.253508e+002,-6.601672e+001, 8.156113e+001,-8.104345e+002, 0.000000e+000, 0.000000e+000, 0.000000e+000
 3.412500e-001,-2.835282e+003, 2.139654e+003, 1.198163e+003,-5.950293e+002,-6.647365e+001, 8.387088e+001,-8.804164e+002, 0.000000e+000, 0.000000e+000, 0.000000e+000
 3.413000e-001,-2.839192e+003, 2.092804e+003, 1.260555e+003,-6.645011e+002,-6.688606e+001, 8.613409e+001,-9.498209e+002, 0.000000e+000, 0.000000e+000, 0.000000e+000
 3.413500e-001,-2.855227e+003, 2.038337e+003, 1.316820e+003,-7.337245e+002,-6.727712e+001, 8.839388e+001,-1.019175e+003, 0.000000e+000, 0.000000e+000, 0.000000e+000
 3.414000e-001,-2.856927e+003, 1.989625e+003, 1.378929e+003,-8.026876e+002,-6.762024e+001, 9.060686e+001,-1.087905e+003, 0.000000e+000, 0.000000e+000, 0.000000e+000
 3.414500e-001,-2.871041e+003, 1.934153e+003, 1.433636e+003,-8.713585e+002,-6.794398e+001, 9.281258e+001,-1.156533e+003, 0.000000e+000, 0.000000e+000, 0.000000e+000
 3.415000e-001,-2.870667e+003, 1.883580e+003, 1.495316e+003,-9.397155e+002,-6.821680e+001, 9.497192e+001,-1.224489e+003, 0.000000e+000, 0.000000e+000, 0.000000e+000
 3.415500e-001,-2.882697e+003, 1.827249e+003, 1.548458e+003,-1.007737e+003,-6.847208e+001, 9.711945e+001,-1.292292e+003, 0.000000e+000, 0.000000e+000, 0.000000e+000
 3.416000e-001,-2.880395e+003, 1.774826e+003, 1.609541e+003,-1.075392e+003,-6.867397e+001, 9.922173e+001,-1.359377e+003, 0.000000e+000, 0.000000e+000, 0.000000e+000
 3.416500e-001,-2.890175e+003, 1.717773e+003, 1.661130e+003,-1.142669e+003,-6.885998e+001, 1.013070e+002,-1.426258e+003, 0.000000e+000, 0.000000e+000, 0.000000e+000
 3.417000e-001,-2.886094e+003, 1.663524e+003, 1.721434e+003,-1.209526e+003,-6.899070e+001, 1.033488e+002,-1.492375e+003, 0.000000e+000, 0.000000e+000, 0.000000e+000
 3.417500e-001,-2.893464e+003, 1.605876e+003, 1.771501e+003,-1.275963e+003,-6.910693e+001, 1.053678e+002,-1.558238e+003, 0.000000e+000, 0.000000e+000, 0.000000e+000
 3.418000e-001,-2.887754e+003, 1.549842e+003, 1.830828e+003,-1.341929e+003,-6.916661e+001, 1.073456e+002,-1.623292e+003, 0.000000e+000, 0.000000e+000, 0.000000e+000
 3.418500e-001,-2.892563e+003, 1.491714e+003, 1.879423e+003,-1.407434e+003,-6.921288e+001, 1.092946e+002,-1.688042e+003, 0.000000e+000, 0.000000e+000, 0.000000e+000
 3.419000e-001,-2.885366e+003, 1.433949e+003, 1.937562e+003,-1.472417e+003,-6.920200e+001, 1.112051e+002,-1.751937e+003, 0.000000e+000, 0.000000e+000, 0.000000e+000
 3.419500e-001,-2.887476e+003, 1.375442e+003, 1.984746e+003,-1.536898e+003,-6.917847e+001, 1.130802e+002,-1.815481e+003, 0.000000e+000, 0.000000e+000, 0.000000e+000
 3.420000e-001,-2.878926e+003, 1.316019e+003, 2.041480e+003,-1.600807e+003,-6.909789e+001, 1.149199e+002,-1.878125e+003, 0.000000e+000, 0.000000e+000, 0.000000e+000
 3.420500e-001,-2.878218e+003, 1.257221e+003, 2.087325e+003,-1.664173e+003,-6.900504e+001, 1.167175e+002,-1.940371e+003, 0.000000e+000, 0.000000e+000, 0.000000e+000
 3.421000e-001,-2.868434e+003, 1.196229e+003, 2.142434e+003,-1.726919e+003,-6.885593e+001, 1.184830e+002,-2.001672e+003, 0.000000e+000, 0.000000e+000, 0.000000e+000
 3.421500e-001,-2.864812e+003, 1.137213e+003, 2.187014e+003,-1.789082e+003,-6.869460e+001, 1.201997e+002,-2.062530e+003, 0.000000e+000, 0.000000e+000, 0.000000e+000
 3.422000e-001,-2.853894e+003, 1.074760e+003, 2.240282e+003,-1.850578e+003,-6.847852e+001, 1.218874e+002,-2.122398e+003, 0.000000e+000, 0.000000e+000, 0.000000e+000
 3.422500e-001,-2.847289e+003, 1.015582e+003, 2.283670e+003,-1.911450e+003,-6.824986e+001, 1.235198e+002,-2.181780e+003, 0.000000e+000, 0.000000e+000, 0.000000e+000
 3.423000e-001,-2.835314e+003, 9.517910e+002, 2.334889e+003,-1.971611e+003,-6.796867e+001, 1.251261e+002,-2.240128e+003, 0.000000e+000, 0.000000e+000, 0.000000e+000
 3.423500e-001,-2.825686e+003, 8.924962e+002, 2.377150e+003,-2.031107e+003,-6.767423e+001, 1.266711e+002,-2.297948e+003, 0.000000e+000, 0.000000e+000, 0.000000e+000
 3.424000e-001,-2.812707e+003, 8.275071e+002, 2.426126e+003,-2.089850e+003,-6.733011e+001, 1.281926e+002,-2.354689e+003, 0.000000e+000, 0.000000e+000, 0.000000e+000
 3.424500e-001,-2.800047e+003, 7.681257e+002, 2.467316e+003,-2.147887e+003,-6.697173e+001, 1.296472e+002,-2.410862e+003, 0.000000e+000, 0.000000e+000, 0.000000e+000
 3.425000e-001,-2.786091e+003, 7.020927e+002, 2.513872e+003,-2.205129e+003,-6.656713e+001, 1.310803e+002,-2.465915e+003, 0.000000e+000, 0.000000e+000, 0.000000e+000
 3.425500e-001,-2.770423e+003, 6.426425e+002, 2.554029e+003,-2.261626e+003,-6.614700e+001, 1.324417e+002,-2.520359e+003, 0.000000e+000, 0.000000e+000, 0.000000e+000
 3.426000e-001,-2.755489e+003, 5.757328e+002, 2.598014e+003,-2.317290e+003,-6.568462e+001, 1.337829e+002,-2.573641e+003, 0.000000e+000, 0.000000e+000, 0.000000e+000
 3.426500e-001,-2.736870e+003, 5.162213e+002, 2.637154e+003,-2.372167e+003,-6.520520e+001, 1.350486e+002,-2.626277e+003, 0.000000e+000, 0.000000e+000, 0.000000e+000
 3.427000e-001,-2.720932e+003, 4.486128e+002, 2.678443e+003,-2.426175e+003,-6.468798e+001, 1.362947e+002,-2.677709e+003, 0.000000e+000, 0.000000e+000, 0.000000e+000
 3.427500e-001,-2.699448e+003, 3.890386e+002, 2.716561e+003,-2.479355e+003,-6.415202e+001, 1.374624e+002,-2.728461e+003, 0.000000e+000, 0.000000e+000, 0.000000e+000
 3.428000e-001,-2.682456e+003, 3.209179e+002, 2.755058e+003,-2.531632e+003,-6.358305e+001, 1.386101e+002,-2.777968e+003, 0.000000e+000, 0.000000e+000, 0.000000e+000
 3.428500e-001,-2.658224e+003, 2.612731e+002, 2.792121e+003,-2.583043e+003,-6.299352e+001, 1.396775e+002,-2.826760e+003, 0.000000e+000, 0.000000e+000, 0.000000e+000
 3.429000e-001,-2.640106e+003, 1.928328e+002, 2.827765e+003,-2.633517e+003,-6.237604e+001, 1.407238e+002,-2.874268e+003, 0.000000e+000, 0.000000e+000, 0.000000e+000
 3.429500e-001,-2.613265e+003, 1.331052e+002, 2.863715e+003,-2.683085e+003,-6.173613e+001, 1.416890e+002,-2.921030e+003, 0.000000e+000, 0.000000e+000, 0.000000e+000
 3.430000e-001,-2.593935e+003, 6.454111e+001, 2.896474e+003,-2.731686e+003,-6.107348e+001, 1.426310e+002,-2.966470e+003, 0.000000e+000, 0.000000e+000, 0.000000e+000
 3.430500e-001,-2.564647e+003, 4.716987e+000, 2.931225e+003,-2.779342e+003,-6.038655e+001, 1.434922e+002,-3.011133e+003, 0.000000e+000, 0.000000e+000, 0.000000e+000
 3.431000e-001,-2.544002e+003,-6.377462e+001, 2.961102e+003,-2.826002e+003,-5.968213e+001, 1.443271e+002,-3.054437e+003, 0.000000e+000, 0.000000e+000, 0.000000e+000
 3.431500e-001,-2.512444e+003,-1.237082e+002, 2.994543e+003,-2.871679e+003,-5.895168e+001, 1.450826e+002,-3.096935e+003, 0.000000e+000, 0.000000e+000, 0.000000e+000
 3.432000e-001,-2.490376e+003,-1.919334e+002, 3.021569e+003,-2.916334e+003,-5.820891e+001, 1.458078e+002,-3.138039e+003, 0.000000e+000, 0.000000e+000, 0.000000e+000
 3.432500e-001,-2.456734e+003,-2.519858e+002, 3.053565e+003,-2.959969e+003,-5.743853e+001, 1.464560e+002,-3.178311e+003, 0.000000e+000, 0.000000e+000, 0.000000e+000
 3.433000e-001,-2.433133e+003,-3.197560e+002, 3.077799e+003,-3.002555e+003,-5.666084e+001, 1.470695e+002,-3.217156e+003, 0.000000e+000, 0.000000e+000, 0.000000e+000
 3.433500e-001,-2.397598e+003,-3.799306e+002, 3.108199e+003,-3.044087e+003,-5.585419e+001, 1.476089e+002,-3.255142e+003, 0.000000e+000, 0.000000e+000, 0.000000e+000
 3.434000e-001,-2.372356e+003,-4.470651e+002, 3.129722e+003,-3.084544e+003,-5.504493e+001, 1.481086e+002,-3.291669e+003, 0.000000e+000, 0.000000e+000, 0.000000e+000
 3.434500e-001,-2.335118e+003,-5.073569e+002, 3.158357e+003,-3.123914e+003,-5.420568e+001, 1.485381e+002,-3.327315e+003, 0.000000e+000, 0.000000e+000, 0.000000e+000
 3.435000e-001,-2.308137e+003,-5.736854e+002, 3.177271e+003,-3.162187e+003,-5.336815e+001, 1.489224e+002,-3.361472e+003, 0.000000e+000, 0.000000e+000, 0.000000e+000
 3.435500e-001,-2.269379e+003,-6.340789e+002, 3.203962e+003,-3.199340e+003,-5.249993e+001, 1.492408e+002,-3.394726e+003, 0.000000e+000, 0.000000e+000, 0.000000e+000
 3.436000e-001,-2.240575e+003,-6.994437e+002, 3.220380e+003,-3.235373e+003,-5.163732e+001, 1.495085e+002,-3.426461e+003, 0.000000e+000, 0.000000e+000, 0.000000e+000
 3.436500e-001,-2.200469e+003,-7.599113e+002, 3.244945e+003,-3.270256e+003,-5.074372e+001, 1.497148e+002,-3.457274e+003, 0.000000e+000, 0.000000e+000, 0.000000e+000
 3.437000e-001,-2.169777e+003,-8.241691e+002, 3.258990e+003,-3.303999e+003,-4.985905e+001, 1.498649e+002,-3.486542e+003, 0.000000e+000, 0.000000e+000, 0.000000e+000
 3.437500e-001,-2.128476e+003,-8.846694e+002, 3.281248e+003,-3.336564e+003,-4.894354e+001, 1.499584e+002,-3.514871e+003, 0.000000e+000, 0.000000e+000, 0.000000e+000
 3.438000e-001,-2.095853e+003,-9.476932e+002, 3.293044e+003,-3.367968e+003,-4.803971e+001, 1.499903e+002,-3.541629e+003, 0.000000e+000, 0.000000e+000, 0.000000e+000
 3.438500e-001,-2.053495e+003,-1.008170e+003, 3.312820e+003,-3.398169e+003,-4.710563e+001, 1.499703e+002,-3.567432e+003, 0.000000e+000, 0.000000e+000, 0.000000e+000
 3.439000e-001,-2.018922e+003,-1.069850e+003, 3.322490e+003,-3.427188e+003,-4.618531e+001, 1.498837e+002,-3.591641e+003, 0.000000e+000, 0.000000e+000, 0.000000e+000
 3.439500e-001,-1.975620e+003,-1.130230e+003, 3.339621e+003,-3.454982e+003,-4.523581e+001, 1.497498e+002,-3.614882e+003, 0.000000e+000, 0.000000e+000, 0.000000e+000
 3.440000e-001,-1.939109e+003,-1.190474e+003, 3.347280e+003,-3.481576e+003,-4.430151e+001, 1.495447e+002,-3.636508e+003, 0.000000e+000, 0.000000e+000, 0.000000e+000
 3.440500e-001,-1.894952e+003,-1.250672e+003, 3.361619e+003,-3.506923e+003,-4.333955e+001, 1.492965e+002,-3.657154e+003, 0.000000e+000, 0.000000e+000, 0.000000e+000
 3.441000e-001,-1.856538e+003,-1.309406e+003, 3.367371e+003,-3.531052e+003,-4.239353e+001, 1.489733e+002,-3.676165e+003, 0.000000e+000, 0.000000e+000, 0.000000e+000
 3.441500e-001,-1.811595e+003,-1.369317e+003, 3.378792e+003,-3.553917e+003,-4.142181e+001, 1.486107e+002,-3.694187e+003, 0.000000e+000, 0.000000e+000, 0.000000e+000
 3.442000e-001,-1.771343e+003,-1.426484e+003, 3.382723e+003,-3.575545e+003,-4.046610e+001, 1.481699e+002,-3.710557e+003, 0.000000e+000, 0.000000e+000, 0.000000e+000
 3.442500e-001,-1.725656e+003,-1.485992e+003, 3.391123e+003,-3.595894e+003,-3.948706e+001, 1.476929e+002,-3.725931e+003, 0.000000e+000, 0.000000e+000, 0.000000e+000
 3.443000e-001,-1.683655e+003,-1.541553e+003, 3.393303e+003,-3.614990e+003,-3.852346e+001, 1.471356e+002,-3.739635e+003, 0.000000e+000, 0.000000e+000, 0.000000e+000
 3.443500e-001,-1.637249e+003,-1.600525e+003, 3.398604e+003,-3.632794e+003,-3.753925e+001, 1.465446e+002,-3.752340e+003, 0.000000e+000, 0.000000e+000, 0.000000e+000
 3.444000e-001,-1.593609e+003,-1.654457e+003, 3.399084e+003,-3.649329e+003,-3.656931e+001, 1.458720e+002,-3.763361e+003, 0.000000e+000, 0.000000e+000, 0.000000e+000
 3.444500e-001,-1.546490e+003,-1.712751e+003, 3.401237e+003,-3.664562e+003,-3.558177e+001, 1.451676e+002,-3.773380e+003, 0.000000e+000, 0.000000e+000, 0.000000e+000
 3.445000e-001,-1.501343e+003,-1.765045e+003, 3.400046e+003,-3.678512e+003,-3.460677e+001, 1.443813e+002,-3.781703e+003, 0.000000e+000, 0.000000e+000, 0.000000e+000
 3.445500e-001,-1.453504e+003,-1.822506e+003, 3.399028e+003,-3.691150e+003,-3.361744e+001, 1.435644e+002,-3.789023e+003, 0.000000e+000, 0.000000e+000, 0.000000e+000
 3.446000e-001,-1.406994e+003,-1.873164e+003, 3.396175e+003,-3.702494e+003,-3.263842e+001, 1.426663e+002,-3.794636e+003, 0.000000e+000, 0.000000e+000, 0.000000e+000
 3.446500e-001,-1.358419e+003,-1.929632e+003, 3.391989e+003,-3.712519e+003,-3.164853e+001, 1.417381e+002,-3.799250e+003, 0.000000e+000, 0.000000e+000, 0.000000e+000
 3.447000e-001,-1.310700e+003,-1.978669e+003, 3.387465e+003,-3.721238e+003,-3.066629e+001, 1.407303e+002,-3.802146e+003, 0.000000e+000, 0.000000e+000, 0.000000e+000
 3.447500e-001,-1.261369e+003,-2.033976e+003, 3.380140e+003,-3.728635e+003,-2.967672e+001, 1.396923e+002,-3.804048e+003, 0.000000e+000, 0.000000e+000, 0.000000e+000
 3.448000e-001,-1.212601e+003,-2.081414e+003, 3.373917e+003,-3.734716e+003,-2.869185e+001, 1.385771e+002,-3.804225e+003, 0.000000e+000, 0.000000e+000, 0.000000e+000
 3.448500e-001,-1.162493e+003,-2.135389e+003, 3.363507e+003,-3.739471e+003,-2.770321e+001, 1.374311e+002,-3.803416e+003, 0.000000e+000, 0.000000e+000, 0.000000e+000
 3.449000e-001,-1.112833e+003,-2.181256e+003, 3.355543e+003,-3.742904e+003,-2.671605e+001, 1.362110e+002,-3.800874e+003, 0.000000e+000, 0.000000e+000, 0.000000e+000
 3.449500e-001,-1.061935e+003,-2.233728e+003, 3.342121e+003,-3.745010e+003,-2.572865e+001, 1.349591e+002,-3.797357e+003, 0.000000e+000, 0.000000e+000, 0.000000e+000
 3.450000e-001,-1.011537e+003,-2.278055e+003, 3.332360e+003,-3.745788e+003,-2.473936e+001, 1.336367e+002,-3.792102e+003, 0.000000e+000, 0.000000e+000, 0.000000e+000
 3.450500e-001,-9.598430e+002,-2.328854e+003, 3.316018e+003,-3.745240e+003,-2.375322e+001, 1.322813e+002,-3.785885e+003, 0.000000e+000, 0.000000e+000, 0.000000e+000
 3.451000e-001,-9.088502e+002,-2.371676e+003, 3.304394e+003,-3.743361e+003,-2.276176e+001, 1.308596e+002,-3.777926e+003, 0.000000e+000, 0.000000e+000, 0.000000e+000
 3.451500e-001,-8.563690e+002,-2.420636e+003, 3.285239e+003,-3.740158e+003,-2.177668e+001, 1.294033e+002,-3.769020e+003, 0.000000e+000, 0.000000e+000, 0.000000e+000
 3.452000e-001,-8.049106e+002,-2.461985e+003, 3.271679e+003,-3.735622e+003,-2.078286e+001, 1.278855e+002,-3.758370e+003, 0.000000e+000, 0.000000e+000, 0.000000e+000
 3.452500e-001,-7.516683e+002,-2.508947e+003, 3.249832e+003,-3.729766e+003,-1.979840e+001, 1.263311e+002,-3.746791e+003, 0.000000e+000, 0.000000e+000, 0.000000e+000
 3.453000e-001,-6.998572e+002,-2.548853e+003, 3.234260e+003,-3.722579e+003,-1.880187e+001, 1.247203e+002,-3.733467e+003, 0.000000e+000, 0.000000e+000, 0.000000e+000
 3.453500e-001,-6.458989e+002,-2.593664e+003, 3.209847e+003,-3.714077e+003,-1.781741e+001, 1.230712e+002,-3.719233e+003, 0.000000e+000, 0.000000e+000, 0.000000e+000
 3.454000e-001,-5.938290e+002,-2.632154e+003, 3.192186e+003,-3.704248e+003,-1.681774e+001, 1.213709e+002,-3.703257e+003, 0.000000e+000, 0.000000e+000, 0.000000e+000
 3.454500e-001,-5.392208e+002,-2.674673e+003, 3.165344e+003,-3.693110e+003,-1.583250e+001, 1.196304e+002,-3.686392e+003, 0.000000e+000, 0.000000e+000, 0.000000e+000
 3.455000e-001,-4.869662e+002,-2.711765e+003, 3.145517e+003,-3.680651e+003,-1.482913e+001, 1.178442e+002,-3.667788e+003, 0.000000e+000, 0.000000e+000, 0.000000e+000
 3.455500e-001,-4.317954e+002,-2.751863e+003, 3.116385e+003,-3.666891e+003,-1.384221e+001, 1.160160e+002,-3.648318e+003, 0.000000e+000, 0.000000e+000, 0.000000e+000
 3.456000e-001,-3.794104e+002,-2.787572e+003, 3.094318e+003,-3.651819e+003,-1.283454e+001, 1.141475e+002,-3.627114e+003, 0.000000e+000, 0.000000e+000, 0.000000e+000
 3.456500e-001,-3.237846e+002,-2.825130e+003, 3.063037e+003,-3.635454e+003,-1.184494e+001, 1.122354e+002,-3.605069e+003, 0.000000e+000, 0.000000e+000, 0.000000e+000
 3.457000e-001,-2.713043e+002,-2.859460e+003, 3.038666e+003,-3.617790e+003,-1.083231e+001, 1.102885e+002,-3.581297e+003, 0.000000e+000, 0.000000e+000, 0.000000e+000
 3.457500e-001,-2.153504e+002,-2.894375e+003, 3.005375e+003,-3.598841e+003,-9.838962e+000, 1.082966e+002,-3.556712e+003, 0.000000e+000, 0.000000e+000, 0.000000e+000
 3.458000e-001,-1.627926e+002,-2.927322e+003, 2.978640e+003,-3.578609e+003,-8.820707e+000, 1.062750e+002,-3.530408e+003, 0.000000e+000, 0.000000e+000, 0.000000e+000
 3.458500e-001,-1.066537e+002,-2.959507e+003, 2.943479e+003,-3.557103e+003,-7.822506e+000, 1.042073e+002,-3.503319e+003, 0.000000e+000, 0.000000e+000, 0.000000e+000
 3.459000e-001,-5.402150e+001,-2.991057e+003, 2.914329e+003,-3.534329e+003,-6.797942e+000, 1.021151e+002,-3.474523e+003, 0.000000e+000, 0.000000e+000, 0.000000e+000
 3.459500e-001, 2.145805e+000,-3.020439e+003, 2.877431e+003,-3.510294e+003,-5.793784e+000, 9.997591e+001,-3.444970e+003, 0.000000e+000, 0.000000e+000, 0.000000e+000
 3.460000e-001, 5.486067e+001,-3.050568e+003, 2.845829e+003,-3.485011e+003,-4.762254e+000, 9.781709e+001,-3.413725e+003, 0.000000e+000, 0.000000e+000, 0.000000e+000
 3.460500e-001, 1.108904e+002,-3.077089e+003, 2.807323e+003,-3.458481e+003,-3.751050e+000, 9.561072e+001,-3.381752e+003, 0.000000e+000, 0.000000e+000, 0.000000e+000
 3.461000e-001, 1.637038e+002,-3.105763e+003, 2.773241e+003,-3.430724e+003,-2.711945e+000, 9.338934e+001,-3.348103e+003, 0.000000e+000, 0.000000e+000, 0.000000e+000
 3.461500e-001, 2.194246e+002,-3.129384e+003, 2.733250e+003,-3.401735e+003,-1.692658e+000, 9.112023e+001,-3.313758e+003, 0.000000e+000, 0.000000e+000, 0.000000e+000
 3.462000e-001, 2.723558e+002,-3.156558e+003, 2.696674e+003,-3.371542e+003,-6.454436e-001, 8.884043e+001,-3.277755e+003, 0.000000e+000, 0.000000e+000, 0.000000e+000
 3.462500e-001, 3.275954e+002,-3.177256e+003, 2.655313e+003,-3.340134e+003, 3.828838e-001, 8.651309e+001,-3.241087e+003, 0.000000e+000, 0.000000e+000, 0.000000e+000
 3.463000e-001, 3.806627e+002,-3.202872e+003, 2.616241e+003,-3.307548e+003, 1.438645e+000, 8.417901e+001,-3.202782e+003, 0.000000e+000, 0.000000e+000, 0.000000e+000
 3.463500e-001, 4.352526e+002,-3.220641e+003, 2.573617e+003,-3.273767e+003, 2.476858e+000, 8.179797e+001,-3.163845e+003, 0.000000e+000, 0.000000e+000, 0.000000e+000
 3.464000e-001, 4.884690e+002,-3.244634e+003, 2.532064e+003,-3.238832e+003, 3.541479e+000, 7.941373e+001,-3.123294e+003, 0.000000e+000, 0.000000e+000, 0.000000e+000
 3.464500e-001, 5.422484e+002,-3.259484e+003, 2.488273e+003,-3.202725e+003, 4.590284e+000, 7.698355e+001,-3.082145e+003, 0.000000e+000, 0.000000e+000, 0.000000e+000
 3.465000e-001, 5.956179e+002,-3.281775e+003, 2.444268e+003,-3.165492e+003, 5.663936e+000, 7.455325e+001,-3.039406e+003, 0.000000e+000, 0.000000e+000, 0.000000e+000
 3.465500e-001, 6.484380e+002,-3.293735e+003, 2.399397e+003,-3.127111e+003, 6.723876e+000, 7.207844e+001,-2.996102e+003, 0.000000e+000, 0.000000e+000, 0.000000e+000
 3.466000e-001, 7.019517e+002,-3.314237e+003, 2.352986e+003,-3.087632e+003, 7.806567e+000, 6.960611e+001,-2.951237e+003, 0.000000e+000, 0.000000e+000, 0.000000e+000
 3.466500e-001, 7.536795e+002,-3.323350e+003, 2.307109e+003,-3.047031e+003, 8.878003e+000, 6.709113e+001,-2.905841e+003, 0.000000e+000, 0.000000e+000, 0.000000e+000
 3.467000e-001, 8.073126e+002,-3.341966e+003, 2.258354e+003,-3.005363e+003, 9.969564e+000, 6.458070e+001,-2.858915e+003, 0.000000e+000, 0.000000e+000, 0.000000e+000
 3.467500e-001, 8.578335e+002,-3.348291e+003, 2.211536e+003,-2.962599e+003, 1.105265e+001, 6.202994e+001,-2.811490e+003, 0.000000e+000, 0.000000e+000, 0.000000e+000
 3.468000e-001, 9.115428e+002,-3.364914e+003, 2.160517e+003,-2.918801e+003, 1.215273e+001, 5.948526e+001,-2.762570e+003, 0.000000e+000, 0.000000e+000, 0.000000e+000
 3.468500e-001, 9.607630e+002,-3.368527e+003, 2.112806e+003,-2.873938e+003, 1.324739e+001, 5.690304e+001,-2.713184e+003, 0.000000e+000, 0.000000e+000, 0.000000e+000
 3.469000e-001, 1.014486e+003,-3.383043e+003, 2.059620e+003,-2.828072e+003, 1.435543e+001, 5.432785e+001,-2.662339e+003, 0.000000e+000, 0.000000e+000, 0.000000e+000
 3.469500e-001, 1.062334e+003,-3.384034e+003, 2.011055e+003,-2.781173e+003, 1.546136e+001, 5.171838e+001,-2.611062e+003, 0.000000e+000, 0.000000e+000, 0.000000e+000
 3.470000e-001, 1.115986e+003,-3.396321e+003, 1.955817e+003,-2.733304e+003, 1.657660e+001, 4.911633e+001,-2.558363e+003, 0.000000e+000, 0.000000e+000, 0.000000e+000
 3.470500e-001, 1.162413e+003,-3.394791e+003, 1.906419e+003,-2.684438e+003, 1.769323e+001, 4.648372e+001,-2.505267e+003, 0.000000e+000, 0.000000e+000, 0.000000e+000
 3.471000e-001, 1.215891e+003,-3.404723e+003, 1.849262e+003,-2.634636e+003, 1.881469e+001, 4.385833e+001,-2.450791e+003, 0.000000e+000, 0.000000e+000, 0.000000e+000
 3.471500e-001, 1.260869e+003,-3.400786e+003, 1.799042e+003,-2.583873e+003, 1.994117e+001, 4.120656e+001,-2.395950e+003, 0.000000e+000, 0.000000e+000, 0.000000e+000
 3.472000e-001, 1.314050e+003,-3.408231e+003, 1.740115e+003,-2.532208e+003, 2.106765e+001, 3.856126e+001,-2.339771e+003, 0.000000e+000, 0.000000e+000, 0.000000e+000
 3.472500e-001, 1.357574e+003,-3.402010e+003, 1.689072e+003,-2.479623e+003, 2.220284e+001, 3.589417e+001,-2.283262e+003, 0.000000e+000, 0.000000e+000, 0.000000e+000
 3.473000e-001, 1.410314e+003,-3.406837e+003, 1.628539e+003,-2.426170e+003, 2.333292e+001, 3.323225e+001,-2.225460e+003, 0.000000e+000, 0.000000e+000, 0.000000e+000
 3.473500e-001, 1.452398e+003,-3.398463e+003, 1.576658e+003,-2.371838e+003, 2.447538e+001, 3.055352e+001,-2.167362e+003, 0.000000e+000, 0.000000e+000, 0.000000e+000
 3.474000e-001, 1.504541e+003,-3.400540e+003, 1.514700e+003,-2.316674e+003, 2.560742e+001, 2.787818e+001,-2.108019e+003, 0.000000e+000, 0.000000e+000, 0.000000e+000
 3.474500e-001, 1.545215e+003,-3.390148e+003, 1.461957e+003,-2.260674e+003, 2.675541e+001, 2.519128e+001,-2.048412e+003, 0.000000e+000, 0.000000e+000, 0.000000e+000
 3.475000e-001, 1.596591e+003,-3.389346e+003, 1.398766e+003,-2.203878e+003, 2.788755e+001, 2.250559e+001,-1.987610e+003, 0.000000e+000, 0.000000e+000, 0.000000e+000
 3.475500e-001, 1.635899e+003,-3.377074e+003, 1.345128e+003,-2.146291e+003, 2.903902e+001, 1.981384e+001,-1.926578e+003, 0.000000e+000, 0.000000e+000, 0.000000e+000
 3.476000e-001, 1.686328e+003,-3.373270e+003, 1.280907e+003,-2.087947e+003, 3.016919e+001, 1.712074e+001,-1.864402e+003, 0.000000e+000, 0.000000e+000, 0.000000e+000
 3.476500e-001, 1.724325e+003,-3.359256e+003, 1.226336e+003,-2.028856e+003, 3.132178e+001, 1.442725e+001,-1.802030e+003, 0.000000e+000, 0.000000e+000, 0.000000e+000
 3.477000e-001, 1.773623e+003,-3.352337e+003, 1.161293e+003,-1.969046e+003, 3.244772e+001, 1.172962e+001,-1.738566e+003, 0.000000e+000, 0.000000e+000, 0.000000e+000
 3.477500e-001, 1.810368e+003,-3.336713e+003, 1.105748e+003,-1.908538e+003, 3.359877e+001, 9.037300e+000,-1.674940e+003, 0.000000e+000, 0.000000e+000, 0.000000e+000
 3.478000e-001, 1.858351e+003,-3.326579e+003, 1.040098e+003,-1.847349e+003, 3.471802e+001, 6.337930e+000,-1.610277e+003, 0.000000e+000, 0.000000e+000, 0.000000e+000
 3.478500e-001, 1.893907e+003,-3.309472e+003, 9.835359e+002,-1.785510e+003, 3.586460e+001, 3.649534e+000,-1.545487e+003, 0.000000e+000, 0.000000e+000, 0.000000e+000
 3.479000e-001, 1.940394e+003,-3.296036e+003, 9.174922e+002,-1.723031e+003, 3.697453e+001, 9.511619e-001,-1.479714e+003, 0.000000e+000, 0.000000e+000, 0.000000e+000
 3.479500e-001, 1.974820e+003,-3.277563e+003, 8.598766e+002,-1.659951e+003, 3.811342e+001,-1.730745e+000,-1.413849e+003, 0.000000e+000, 0.000000e+000, 0.000000e+000
 3.480000e-001, 2.019637e+003,-3.260756e+003, 7.936498e+002,-1.596273e+003, 3.921122e+001,-4.425422e+000,-1.347058e+003, 0.000000e+000, 0.000000e+000, 0.000000e+000
 3.480500e-001, 2.052988e+003,-3.241021e+003, 7.349492e+002,-1.532042e+003, 4.033892e+001,-7.098432e+000,-1.280210e+003, 0.000000e+000, 0.000000e+000, 0.000000e+000
 3.481000e-001, 2.095973e+003,-3.220798e+003, 6.687426e+002,-1.467256e+003, 4.142163e+001,-9.786747e+000,-1.212493e+003, 0.000000e+000, 0.000000e+000, 0.000000e+000
 3.481500e-001, 2.128295e+003,-3.199888e+003, 6.089371e+002,-1.401968e+003, 4.253442e+001,-1.244861e+001,-1.144755e+003, 0.000000e+000, 0.000000e+000, 0.000000e+000
 3.482000e-001, 2.169299e+003,-3.176226e+003, 5.429427e+002,-1.336168e+003, 4.359894e+001,-1.512792e+001,-1.076207e+003, 0.000000e+000, 0.000000e+000, 0.000000e+000
 3.482500e-001, 2.200624e+003,-3.154210e+003, 4.820267e+002,-1.269916e+003, 4.469288e+001,-1.777651e+001,-1.007673e+003, 0.000000e+000, 0.000000e+000, 0.000000e+000
 3.483000e-001, 2.239518e+003,-3.127112e+003, 4.164218e+002,-1.203197e+003, 4.573598e+001,-2.044419e+001,-9.383885e+002, 0.000000e+000, 0.000000e+000, 0.000000e+000
 3.483500e-001, 2.269865e+003,-3.104040e+003, 3.544071e+002,-1.136075e+003, 4.680695e+001,-2.307752e+001,-8.691550e+002, 0.000000e+000, 0.000000e+000, 0.000000e+000
 3.484000e-001, 2.306536e+003,-3.073538e+003, 2.893506e+002,-1.068534e+003, 4.782529e+001,-2.573094e+001,-7.992301e+002, 0.000000e+000, 0.000000e+000, 0.000000e+000
 3.484500e-001, 2.335909e+003,-3.049435e+003, 2.262696e+002,-1.000639e+003, 4.886903e+001,-2.834711e+001,-7.293931e+002, 0.000000e+000, 0.000000e+000, 0.000000e+000
 3.485000e-001, 2.370269e+003,-3.015591e+003, 1.618995e+002,-9.323724e+002, 4.985921e+001,-3.098363e+001,-6.589253e+002, 0.000000e+000, 0.000000e+000, 0.000000e+000
 3.485500e-001, 2.398653e+003,-2.990460e+003, 9.780736e+001,-8.638026e+002, 5.087137e+001,-3.358080e+001,-5.885823e+002, 0.000000e+000, 0.000000e+000, 0.000000e+000
 3.486000e-001, 2.430632e+003,-2.953365e+003, 3.423778e+001,-7.949082e+002, 5.182993e+001,-3.619779e+001,-5.176697e+002, 0.000000e+000, 0.000000e+000, 0.000000e+000
 3.486500e-001, 2.457996e+003,-2.927185e+003,-3.078549e+001,-7.257606e+002, 5.280613e+001,-3.877413e+001,-4.469193e+002, 0.000000e+000, 0.000000e+000, 0.000000e+000
 3.487000e-001, 2.487549e+003,-2.886960e+003,-9.346546e+001,-6.563380e+002, 5.372957e+001,-4.136889e+001,-3.756607e+002, 0.000000e+000, 0.000000e+000, 0.000000e+000
 3.487500e-001, 2.513845e+003,-2.859688e+003,-1.593144e+002,-5.867114e+002, 5.466544e+001,-4.392257e+001,-3.046017e+002, 0.000000e+000, 0.000000e+000, 0.000000e+000
 3.488000e-001, 2.540946e+003,-2.816484e+003,-2.210417e+002,-5.168600e+002, 5.555027e+001,-4.649237e+001,-2.330966e+002, 0.000000e+000, 0.000000e+000, 0.000000e+000
 3.488500e-001, 2.566111e+003,-2.788052e+003,-2.875849e+002,-4.468535e+002, 5.644149e+001,-4.902151e+001,-1.618288e+002, 0.000000e+000, 0.000000e+000, 0.000000e+000
 3.489000e-001, 2.590754e+003,-2.742047e+003,-3.483226e+002,-3.766734e+002, 5.728425e+001,-5.156356e+001,-9.017719e+001, 0.000000e+000, 0.000000e+000, 0.000000e+000
 3.489500e-001, 2.614711e+003,-2.712369e+003,-4.154036e+002,-3.063867e+002, 5.812663e+001,-5.406619e+001,-1.880068e+001, 0.000000e+000, 0.000000e+000, 0.000000e+000
 3.490000e-001, 2.636908e+003,-2.663765e+003,-4.751396e+002,-2.359781e+002, 5.892391e+001,-5.657767e+001, 5.289715e+001, 0.000000e+000, 0.000000e+000, 0.000000e+000
 3.490500e-001, 2.659569e+003,-2.632736e+003,-5.425785e+002,-1.655110e+002, 5.971342e+001,-5.905171e+001, 1.242819e+002, 0.000000e+000, 0.000000e+000, 0.000000e+000
 3.491000e-001, 2.679346e+003,-2.581760e+003,-6.013243e+002,-9.497421e+001, 6.046188e+001,-6.152974e+001, 1.959253e+002, 0.000000e+000, 0.000000e+000, 0.000000e+000
 3.491500e-001, 2.700616e+003,-2.549260e+003,-6.689198e+002,-2.442682e+001, 6.119471e+001,-6.397298e+001, 2.672177e+002, 0.000000e+000, 0.000000e+000, 0.000000e+000
 3.492000e-001, 2.718010e+003,-2.496156e+003,-7.267075e+002, 4.613777e+001, 6.189112e+001,-6.641467e+001, 3.387060e+002, 0.000000e+000, 0.000000e+000, 0.000000e+000
 3.492500e-001, 2.737788e+003,-2.462054e+003,-7.942406e+002, 1.166654e+002, 6.256372e+001,-6.882474e+001, 4.098053e+002, 0.000000e+000, 0.000000e+000, 0.000000e+000
 3.493000e-001, 2.752848e+003,-2.407081e+003,-8.511197e+002, 1.871576e+002, 6.320501e+001,-7.122713e+001, 4.810377e+002, 0.000000e+000, 0.000000e+000, 0.000000e+000
 3.493500e-001, 2.771031e+003,-2.371240e+003,-9.183574e+002, 2.575656e+002, 6.381414e+001,-7.360151e+001, 5.518431e+002, 0.000000e+000, 0.000000e+000, 0.000000e+000
 3.494000e-001, 2.783809e+003,-2.314665e+003,-9.743906e+002, 3.278857e+002, 6.439741e+001,-7.596165e+001, 6.227191e+002, 0.000000e+000, 0.000000e+000, 0.000000e+000
 3.494500e-001, 2.800295e+003,-2.276945e+003,-1.041091e+003, 3.980742e+002, 6.494021e+001,-7.829760e+001, 6.931301e+002, 0.000000e+000, 0.000000e+000, 0.000000e+000
 3.495000e-001, 2.810847e+003,-2.219042e+003,-1.096349e+003, 4.681227e+002, 6.546276e+001,-8.061247e+001, 7.635494e+002, 0.000000e+000, 0.000000e+000, 0.000000e+000
 3.495500e-001, 2.825540e+003,-2.179306e+003,-1.162266e+003, 5.379927e+002, 6.593674e+001,-8.290709e+001, 8.334659e+002, 0.000000e+000, 0.000000e+000, 0.000000e+000
 3.496000e-001, 2.833921e+003,-2.120347e+003,-1.216825e+003, 6.076707e+002, 6.639613e+001,-8.517368e+001, 9.033289e+002, 0.000000e+000, 0.000000e+000, 0.000000e+000
 3.496500e-001, 2.846731e+003,-2.078467e+003,-1.281712e+003, 6.771232e+002, 6.679926e+001,-8.742382e+001, 9.726509e+002, 0.000000e+000, 0.000000e+000, 0.000000e+000
 3.497000e-001, 2.852995e+003,-2.018719e+003,-1.335645e+003, 7.463326e+002, 6.719331e+001,-8.963908e+001, 1.041858e+003, 0.000000e+000, 0.000000e+000, 0.000000e+000
 3.497500e-001, 2.863842e+003,-1.974579e+003,-1.399264e+003, 8.152698e+002, 6.752399e+001,-9.184142e+001, 1.110487e+003, 0.000000e+000, 0.000000e+000, 0.000000e+000
 3.498000e-001, 2.868035e+003,-1.914297e+003,-1.452638e+003, 8.839130e+002, 6.785081e+001,-9.400227e+001, 1.178940e+003, 0.000000e+000, 0.000000e+000, 0.000000e+000
 3.498500e-001, 2.876852e+003,-1.867800e+003,-1.514762e+003, 9.522375e+002, 6.810793e+001,-9.615329e+001, 1.246777e+003, 0.000000e+000, 0.000000e+000, 0.000000e+000
 3.499000e-001, 2.879016e+003,-1.807224e+003,-1.567633e+003, 1.020218e+003, 6.836595e+001,-9.825665e+001, 1.314378e+003, 0.000000e+000, 0.000000e+000, 0.000000e+000
 3.499500e-001, 2.885746e+003,-1.758292e+003,-1.628052e+003, 1.087834e+003, 6.854887e+001,-1.003527e+002, 1.381325e+003, 0.000000e+000, 0.000000e+000, 0.000000e+000
 3.500000e-001, 2.885915e+003,-1.697642e+003,-1.680457e+003, 1.155057e+003, 6.873691e+001,-1.023954e+002, 1.447979e+003, 0.000000e+000, 0.000000e+000, 0.000000e+000
 3.500500e-001, 2.890518e+003,-1.646227e+003,-1.738983e+003, 1.221868e+003, 6.884546e+001,-1.044326e+002, 1.513940e+003, 0.000000e+000, 0.000000e+000, 0.000000e+000
 3.501000e-001, 2.888716e+003,-1.585698e+003,-1.790940e+003, 1.288239e+003, 6.896266e+001,-1.064117e+002, 1.579550e+003, 0.000000e+000, 0.000000e+000, 0.000000e+000
 3.501500e-001, 2.891165e+003,-1.531778e+003,-1.847410e+003, 1.354152e+003, 6.899719e+001,-1.083860e+002, 1.644429e+003, 0.000000e+000, 0.000000e+000, 0.000000e+000
 3.502000e-001, 2.887410e+003,-1.471539e+003,-1.898914e+003, 1.419577e+003, 6.904310e+001,-1.102984e+002, 1.708902e+003, 0.000000e+000, 0.000000e+000, 0.000000e+000
 3.502500e-001, 2.887691e+003,-1.415126e+003,-1.953194e+003, 1.484500e+003, 6.900441e+001,-1.122059e+002, 1.772605e+003, 0.000000e+000, 0.000000e+000, 0.000000e+000
 3.503000e-001, 2.881991e+003,-1.355315e+003,-2.004213e+003, 1.548888e+003, 6.897897e+001,-1.140483e+002, 1.835849e+003, 0.000000e+000, 0.000000e+000, 0.000000e+000
 3.503500e-001, 2.880106e+003,-1.296454e+003,-2.056199e+003, 1.612729e+003, 6.886832e+001,-1.158849e+002, 1.898283e+003, 0.000000e+000, 0.000000e+000, 0.000000e+000
 3.504000e-001, 2.872464e+003,-1.237177e+003,-2.106674e+003, 1.675991e+003, 6.877191e+001,-1.176544e+002, 1.960206e+003, 0.000000e+000, 0.000000e+000, 0.000000e+000
 3.504500e-001, 2.868425e+003,-1.175950e+003,-2.156295e+003, 1.738659e+003, 6.859102e+001,-1.194159e+002, 2.021281e+003, 0.000000e+000, 0.000000e+000, 0.000000e+000
 3.505000e-001, 2.858838e+003,-1.117281e+003,-2.206137e+003, 1.800706e+003, 6.842440e+001,-1.211093e+002, 2.081794e+003, 0.000000e+000, 0.000000e+000, 0.000000e+000
 3.505500e-001, 2.852667e+003,-1.053801e+003,-2.253354e+003, 1.862116e+003, 6.817537e+001,-1.227916e+002, 2.141419e+003, 0.000000e+000, 0.000000e+000, 0.000000e+000
 3.506000e-001, 2.841128e+003,-9.957834e+002,-2.302447e+003, 1.922861e+003, 6.793975e+001,-1.244059e+002, 2.200435e+003, 0.000000e+000, 0.000000e+000, 0.000000e+000
 3.506500e-001, 2.832856e+003,-9.302000e+002,-2.347253e+003, 1.982925e+003, 6.762507e+001,-1.260050e+002, 2.258525e+003, 0.000000e+000, 0.000000e+000, 0.000000e+000
 3.507000e-001, 2.819358e+003,-8.728436e+002,-2.395456e+003, 2.042282e+003, 6.732204e+001,-1.275371e+002, 2.315958e+003, 0.000000e+000, 0.000000e+000, 0.000000e+000
 3.507500e-001, 2.809024e+003,-8.053384e+002,-2.437871e+003, 2.100917e+003, 6.694453e+001,-1.290490e+002, 2.372426e+003, 0.000000e+000, 0.000000e+000, 0.000000e+000
 3.508000e-001, 2.793559e+003,-7.486245e+002,-2.485019e+003, 2.158805e+003, 6.657608e+001,-1.304958e+002, 2.428195e+003, 0.000000e+000, 0.000000e+000, 0.000000e+000
 3.508500e-001, 2.781204e+003,-6.794088e+002,-2.525090e+003, 2.215928e+003, 6.613884e+001,-1.319168e+002, 2.482957e+003, 0.000000e+000, 0.000000e+000, 0.000000e+000
 3.509000e-001, 2.763766e+003,-6.232918e+002,-2.571000e+003, 2.272265e+003, 6.570731e+001,-1.332751e+002, 2.536980e+003, 0.000000e+000, 0.000000e+000, 0.000000e+000
 3.509500e-001, 2.749434e+003,-5.526032e+002,-2.608795e+003, 2.327797e+003, 6.521368e+001,-1.346016e+002, 2.589957e+003, 0.000000e+000, 0.000000e+000, 0.000000e+000
 3.510000e-001, 2.730023e+003,-4.970141e+002,-2.653269e+003, 2.382505e+003, 6.472176e+001,-1.358686e+002, 2.642155e+003, 0.000000e+000, 0.000000e+000, 0.000000e+000
 3.510500e-001, 2.713760e+003,-4.251132e+002,-2.688873e+003, 2.436368e+003, 6.417525e+001,-1.370971e+002, 2.693268e+003, 0.000000e+000, 0.000000e+000, 0.000000e+000
 3.511000e-001, 2.692381e+003,-3.699632e+002,-2.731703e+003, 2.489369e+003, 6.362597e+001,-1.382697e+002, 2.743567e+003, 0.000000e+000, 0.000000e+000, 0.000000e+000
 3.511500e-001, 2.674229e+003,-2.971285e+002,-2.765215e+003, 2.541488e+003, 6.303025e+001,-1.393972e+002, 2.792740e+003, 0.000000e+000, 0.000000e+000, 0.000000e+000
 3.512000e-001, 2.650896e+003,-2.423139e+002,-2.806190e+003, 2.592709e+003, 6.242687e+001,-1.404725e+002, 2.841066e+003, 0.000000e+000, 0.000000e+000, 0.000000e+000
 3.512500e-001, 2.630895e+003,-1.688371e+002,-2.837712e+003, 2.643012e+003, 6.178570e+001,-1.414960e+002, 2.888227e+003, 0.000000e+000, 0.000000e+000, 0.000000e+000
 3.513000e-001, 2.605630e+003,-1.142441e+002,-2.876625e+003, 2.692381e+003, 6.113173e+001,-1.424712e+002, 2.934510e+003, 0.000000e+000, 0.000000e+000, 0.000000e+000
 3.513500e-001, 2.583816e+003,-4.042487e+001,-2.906260e+003, 2.740796e+003, 6.044891e+001,-1.433881e+002, 2.979588e+003, 0.000000e+000, 0.000000e+000, 0.000000e+000
 3.514000e-001, 2.556653e+003, 1.406581e+001,-2.942908e+003, 2.788244e+003, 5.974807e+001,-1.442605e+002, 3.023761e+003, 0.000000e+000, 0.000000e+000, 0.000000e+000
 3.514500e-001, 2.533058e+003, 8.792513e+001,-2.970755e+003, 2.834704e+003, 5.902739e+001,-1.450685e+002, 3.066690e+003, 0.000000e+000, 0.000000e+000, 0.000000e+000
 3.515000e-001, 2.504038e+003, 1.424328e+002,-3.004953e+003, 2.880164e+003, 5.828355e+001,-1.458354e+002, 3.108689e+003, 0.000000e+000, 0.000000e+000, 0.000000e+000
 3.515500e-001, 2.478688e+003, 2.160326e+002,-3.031098e+003, 2.924605e+003, 5.752877e+001,-1.465325e+002, 3.149406e+003, 0.000000e+000, 0.000000e+000, 0.000000e+000
 3.516000e-001, 2.447865e+003, 2.706716e+002,-3.062680e+003, 2.968013e+003, 5.674590e+001,-1.471915e+002, 3.189170e+003, 0.000000e+000, 0.000000e+000, 0.000000e+000
 3.516500e-001, 2.420780e+003, 3.437201e+002,-3.087193e+003, 3.010372e+003, 5.596066e+001,-1.477760e+002, 3.227613e+003, 0.000000e+000, 0.000000e+000, 0.000000e+000
 3.517000e-001, 2.388219e+003, 3.985953e+002,-3.116015e+003, 3.051668e+003, 5.514276e+001,-1.483246e+002, 3.265084e+003, 0.000000e+000, 0.000000e+000, 0.000000e+000
 3.517500e-001, 2.359414e+003, 4.708134e+002,-3.138949e+003, 3.091886e+003, 5.433061e+001,-1.487950e+002, 3.301198e+003, 0.000000e+000, 0.000000e+000, 0.000000e+000
 3.518000e-001, 2.325188e+003, 5.260157e+002,-3.164895e+003, 3.131010e+003, 5.348169e+001,-1.492312e+002, 3.336323e+003, 0.000000e+000, 0.000000e+000, 0.000000e+000
 3.518500e-001, 2.294676e+003, 5.971413e+002,-3.186279e+003, 3.169031e+003, 5.264599e+001,-1.495865e+002, 3.370053e+003, 0.000000e+000, 0.000000e+000, 0.000000e+000
 3.519000e-001, 2.258866e+003, 6.527437e+002,-3.209262e+003, 3.205929e+003, 5.177001e+001,-1.499083e+002, 3.402780e+003, 0.000000e+000, 0.000000e+000, 0.000000e+000
 3.519500e-001, 2.226654e+003, 7.225356e+002,-3.229101e+003, 3.241698e+003, 5.091393e+001,-1.501477e+002, 3.434078e+003, 0.000000e+000, 0.000000e+000, 0.000000e+000
 3.520000e-001, 2.189351e+003, 7.785898e+002,-3.249068e+003, 3.276319e+003, 5.001474e+001,-1.503535e+002, 3.464360e+003, 0.000000e+000, 0.000000e+000, 0.000000e+000
 3.520500e-001, 2.155445e+003, 8.468309e+002,-3.267340e+003, 3.309787e+003, 4.914124e+001,-1.504762e+002, 3.493178e+003, 0.000000e+000, 0.000000e+000, 0.000000e+000
 3.521000e-001, 2.116745e+003, 9.033648e+002,-3.284267e+003, 3.342080e+003, 4.822254e+001,-1.505647e+002, 3.520973e+003, 0.000000e+000, 0.000000e+000, 0.000000e+000
 3.521500e-001, 2.081149e+003, 9.698649e+002,-3.300926e+003, 3.373199e+003, 4.733433e+001,-1.505706e+002, 3.547270e+003, 0.000000e+000, 0.000000e+000, 0.000000e+000
 3.522000e-001, 2.041153e+003, 1.026881e+003,-3.314823e+003, 3.403119e+003, 4.639966e+001,-1.505405e+002, 3.572537e+003, 0.000000e+000, 0.000000e+000, 0.000000e+000
 3.522500e-001, 2.003873e+003, 1.091477e+003,-3.329800e+003, 3.431845e+003, 4.549921e+001,-1.504295e+002, 3.596275e+003, 0.000000e+000, 0.000000e+000, 0.000000e+000
 3.523000e-001, 1.962684e+003, 1.148950e+003,-3.340703e+003, 3.459350e+003, 4.455186e+001,-1.502802e+002, 3.618978e+003, 0.000000e+000, 0.000000e+000, 0.000000e+000
 3.523500e-001, 1.923729e+003, 1.211511e+003,-3.353907e+003, 3.485641e+003, 4.364138e+001,-1.500524e+002, 3.640122e+003, 0.000000e+000, 0.000000e+000, 0.000000e+000
 3.524000e-001, 1.881450e+003, 1.269389e+003,-3.361880e+003, 3.510691e+003, 4.268437e+001,-1.497835e+002, 3.660229e+003, 0.000000e+000, 0.000000e+000, 0.000000e+000
 3.524500e-001, 1.840831e+003, 1.329811e+003,-3.373203e+003, 3.534511e+003, 4.176581e+001,-1.494393e+002, 3.678749e+003, 0.000000e+000, 0.000000e+000, 0.000000e+000
 3.525000e-001, 1.797566e+003, 1.388015e+003,-3.378332e+003, 3.557070e+003, 4.080188e+001,-1.490506e+002, 3.696233e+003, 0.000000e+000, 0.000000e+000, 0.000000e+000
 3.525500e-001, 1.755302e+003, 1.446224e+003,-3.387653e+003, 3.578383e+003, 3.987689e+001,-1.485908e+002, 3.712103e+003, 0.000000e+000, 0.000000e+000, 0.000000e+000
 3.526000e-001, 1.711150e+003, 1.504649e+003,-3.390040e+003, 3.598419e+003, 3.890848e+001,-1.480826e+002, 3.726938e+003, 0.000000e+000, 0.000000e+000, 0.000000e+000
 3.526500e-001, 1.667266e+003, 1.560599e+003,-3.397229e+003, 3.617195e+003, 3.797846e+001,-1.475078e+002, 3.740136e+003, 0.000000e+000, 0.000000e+000, 0.000000e+000
 3.527000e-001, 1.622324e+003, 1.619116e+003,-3.396992e+003, 3.634678e+003, 3.700764e+001,-1.468809e+002, 3.752303e+003, 0.000000e+000, 0.000000e+000, 0.000000e+000
 3.527500e-001, 1.576854e+003, 1.672787e+003,-3.401914e+003, 3.650889e+003, 3.607372e+001,-1.461922e+002, 3.762810e+003, 0.000000e+000, 0.000000e+000, 0.000000e+000
 3.528000e-001, 1.531211e+003, 1.731244e+003,-3.399177e+003, 3.665794e+003, 3.510226e+001,-1.454476e+002, 3.772293e+003, 0.000000e+000, 0.000000e+000, 0.000000e+000
 3.528500e-001, 1.484199e+003, 1.782641e+003,-3.401700e+003, 3.679417e+003, 3.416529e+001,-1.446462e+002, 3.780095e+003, 0.000000e+000, 0.000000e+000, 0.000000e+000
 3.529000e-001, 1.437936e+003, 1.840868e+003,-3.396591e+003, 3.691721e+003, 3.319459e+001,-1.437854e+002, 3.786882e+003, 0.000000e+000, 0.000000e+000, 0.000000e+000
 3.529500e-001, 1.389437e+003, 1.890017e+003,-3.396589e+003, 3.702734e+003, 3.225520e+001,-1.428727e+002, 3.791970e+003, 0.000000e+000, 0.000000e+000, 0.000000e+000
 3.530000e-001, 1.342630e+003, 1.947826e+003,-3.389234e+003, 3.712419e+003, 3.128631e+001,-1.418974e+002, 3.796052e+003, 0.000000e+000, 0.000000e+000, 0.000000e+000
 3.530500e-001, 1.292710e+003, 1.994769e+003,-3.386593e+003, 3.720805e+003, 3.034489e+001,-1.408751e+002, 3.798419e+003, 0.000000e+000, 0.000000e+000, 0.000000e+000
 3.531000e-001, 1.245423e+003, 2.051961e+003,-3.377108e+003, 3.727858e+003, 2.937856e+001,-1.397875e+002, 3.799792e+003, 0.000000e+000, 0.000000e+000, 0.000000e+000
 3.531500e-001, 1.194162e+003, 2.096759e+003,-3.371729e+003, 3.733604e+003, 2.843528e+001,-1.386574e+002, 3.799439e+003, 0.000000e+000, 0.000000e+000, 0.000000e+000
 3.532000e-001, 1.146449e+003, 2.153122e+003,-3.360225e+003, 3.738011e+003, 2.747191e+001,-1.374600e+002, 3.798103e+003, 0.000000e+000, 0.000000e+000, 0.000000e+000
 3.532500e-001, 1.093937e+003, 2.195846e+003,-3.352027e+003, 3.741107e+003, 2.652676e+001,-1.362242e+002, 3.795030e+003, 0.000000e+000, 0.000000e+000, 0.000000e+000
 3.533000e-001, 1.045843e+003, 2.251164e+003,-3.338598e+003, 3.742862e+003, 2.556647e+001,-1.349197e+002, 3.790989e+003, 0.000000e+000, 0.000000e+000, 0.000000e+000
 3.533500e-001, 9.921854e+002, 2.291894e+003,-3.327522e+003, 3.743302e+003, 2.461926e+001,-1.335805e+002, 3.785204e+003, 0.000000e+000, 0.000000e+000, 0.000000e+000
 3.534000e-001, 9.437451e+002, 2.345948e+003,-3.312248e+003, 3.742400e+003, 2.366189e+001,-1.321720e+002, 3.778465e+003, 0.000000e+000, 0.000000e+000, 0.000000e+000
 3.534500e-001, 8.890558e+002, 2.384769e+003,-3.298259e+003, 3.740182e+003, 2.271225e+001,-1.307319e+002, 3.769978e+003, 0.000000e+000, 0.000000e+000, 0.000000e+000
 3.535000e-001, 8.402943e+002, 2.437339e+003,-3.281201e+003, 3.736624e+003, 2.175739e+001,-1.292227e+002, 3.760553e+003, 0.000000e+000, 0.000000e+000, 0.000000e+000
 3.535500e-001, 7.847002e+002, 2.474340e+003,-3.264288e+003, 3.731749e+003, 2.080483e+001,-1.276845e+002, 3.749378e+003, 0.000000e+000, 0.000000e+000, 0.000000e+000
 3.536000e-001, 7.356339e+002, 2.525211e+003,-3.245491e+003, 3.725538e+003, 1.985185e+001,-1.260782e+002, 3.737284e+003, 0.000000e+000, 0.000000e+000, 0.000000e+000
 3.536500e-001, 6.792708e+002, 2.560480e+003,-3.225667e+003, 3.718011e+003, 1.889577e+001,-1.244448e+002, 3.723440e+003, 0.000000e+000, 0.000000e+000, 0.000000e+000
 3.537000e-001, 6.299085e+002, 2.609441e+003,-3.205160e+003, 3.709155e+003, 1.794384e+001,-1.227452e+002, 3.708695e+003, 0.000000e+000, 0.000000e+000, 0.000000e+000
 3.537500e-001, 5.729207e+002, 2.643064e+003,-3.182458e+003, 3.698985e+003, 1.698356e+001,-1.210199e+002, 3.692204e+003, 0.000000e+000, 0.000000e+000, 0.000000e+000
 3.538000e-001, 5.232653e+002, 2.689915e+003,-3.160253e+003, 3.687495e+003, 1.603168e+001,-1.192310e+002, 3.674831e+003, 0.000000e+000, 0.000000e+000, 0.000000e+000
 3.538500e-001, 4.658034e+002, 2.721971e+003,-3.134733e+003, 3.674695e+003, 1.506643e+001,-1.174171e+002, 3.655719e+003, 0.000000e+000, 0.000000e+000, 0.000000e+000
 3.539000e-001, 4.158533e+002, 2.766523e+003,-3.110828e+003, 3.660585e+003, 1.411352e+001,-1.155429e+002, 3.635746e+003, 0.000000e+000, 0.000000e+000, 0.000000e+000
 3.539500e-001, 3.580722e+002, 2.797086e+003,-3.082565e+003, 3.645171e+003, 1.314250e+001,-1.136443e+002, 3.614042e+003, 0.000000e+000, 0.000000e+000, 0.000000e+000
 3.540000e-001, 3.078234e+002, 2.839161e+003,-3.056947e+003, 3.628461e+003, 1.218734e+001,-1.116891e+002, 3.591499e+003, 0.000000e+000, 0.000000e+000, 0.000000e+000
 3.540500e-001, 2.498801e+002, 2.868297e+003,-3.026034e+003, 3.610455e+003, 1.120973e+001,-1.097095e+002, 3.567237e+003, 0.000000e+000, 0.000000e+000, 0.000000e+000
 3.541000e-001, 1.993284e+002, 2.907734e+003,-2.998681e+003, 3.591166e+003, 1.025108e+001,-1.076775e+002, 3.542158e+003, 0.000000e+000, 0.000000e+000, 0.000000e+000
 3.541500e-001, 1.413794e+002, 2.935495e+003,-2.965226e+003, 3.570591e+003, 9.266084e+000,-1.056211e+002, 3.515374e+003, 0.000000e+000, 0.000000e+000, 0.000000e+000
 3.542000e-001, 9.052295e+001, 2.972149e+003,-2.936108e+003, 3.548750e+003, 8.302670e+000,-1.035168e+002, 3.487797e+003, 0.000000e+000, 0.000000e+000, 0.000000e+000
 3.542500e-001, 3.272158e+001, 2.998579e+003,-2.900229e+003, 3.525635e+003, 7.309513e+000,-1.013877e+002, 3.458532e+003, 0.000000e+000, 0.000000e+000, 0.000000e+000
 3.543000e-001,-1.843724e+001, 3.032323e+003,-2.869316e+003, 3.501272e+003, 6.340076e+000,-9.921559e+001, 3.428498e+003, 0.000000e+000, 0.000000e+000, 0.000000e+000
 3.543500e-001,-7.594296e+001, 3.057451e+003,-2.831138e+003, 3.475649e+003, 5.338043e+000,-9.701814e+001, 3.396794e+003, 0.000000e+000, 0.000000e+000, 0.000000e+000
 3.544000e-001,-1.273950e+002, 3.088177e+003,-2.798399e+003, 3.448796e+003, 4.361367e+000,-9.478268e+001, 3.364348e+003, 0.000000e+000, 0.000000e+000, 0.000000e+000
 3.544500e-001,-1.844650e+002, 3.112021e+003,-2.758052e+003, 3.420700e+003, 3.349824e+000,-9.252137e+001, 3.330253e+003, 0.000000e+000, 0.000000e+000, 0.000000e+000
 3.545000e-001,-2.361924e+002, 3.139637e+003,-2.723457e+003, 3.391396e+003, 2.364765e+000,-9.022703e+001, 3.295442e+003, 0.000000e+000, 0.000000e+000, 0.000000e+000
 3.545500e-001,-2.926967e+002, 3.162202e+003,-2.681073e+003, 3.360867e+003, 1.343180e+000,-8.790643e+001, 3.259005e+003, 0.000000e+000, 0.000000e+000, 0.000000e+000
 3.546000e-001,-3.446707e+002, 3.186640e+003,-2.644599e+003, 3.329153e+003, 3.486959e-001,-8.555768e+001, 3.221880e+003, 0.000000e+000, 0.000000e+000, 0.000000e+000
 3.546500e-001,-4.004915e+002, 3.207915e+003,-2.600312e+003, 3.296234e+003,-6.833358e-001,-8.318237e+001, 3.183155e+003, 0.000000e+000, 0.000000e+000, 0.000000e+000
 3.547000e-001,-4.526711e+002, 3.229124e+003,-2.561940e+003, 3.262153e+003,-1.688157e+000,-8.078365e+001, 3.143770e+003, 0.000000e+000, 0.000000e+000, 0.000000e+000
 3.547500e-001,-5.077042e+002, 3.249084e+003,-2.515880e+003, 3.226891e+003,-2.730895e+000,-7.835825e+001, 3.102812e+003, 0.000000e+000, 0.000000e+000, 0.000000e+000
 3.548000e-001,-5.600346e+002, 3.267035e+003,-2.475601e+003, 3.190492e+003,-3.746807e+000,-7.591396e+001, 3.061223e+003, 0.000000e+000, 0.000000e+000, 0.000000e+000
 3.548500e-001,-6.141907e+002, 3.285644e+003,-2.427895e+003, 3.152936e+003,-4.800344e+000,-7.344302e+001, 3.018092e+003, 0.000000e+000, 0.000000e+000, 0.000000e+000
 3.549000e-001,-6.666032e+002, 3.300328e+003,-2.385707e+003, 3.114271e+003,-5.827919e+000,-7.095750e+001, 2.974360e+003, 0.000000e+000, 0.000000e+000, 0.000000e+000
 3.549500e-001,-7.198085e+002, 3.317532e+003,-2.336480e+003, 3.074476e+003,-6.892162e+000,-6.844556e+001, 2.929117e+003, 0.000000e+000, 0.000000e+000, 0.000000e+000
 3.550000e-001,-7.722196e+002, 3.328961e+003,-2.292393e+003, 3.033599e+003,-7.931765e+000,-6.592304e+001, 2.883305e+003, 0.000000e+000, 0.000000e+000, 0.000000e+000
 3.550500e-001,-8.244159e+002, 3.344696e+003,-2.241763e+003, 2.991621e+003,-9.006424e+000,-6.337454e+001, 2.836013e+003, 0.000000e+000, 0.000000e+000, 0.000000e+000
 3.551000e-001,-8.767280e+002, 3.352898e+003,-2.195793e+003, 2.948591e+003,-1.005819e+001,-6.081918e+001, 2.788186e+003, 0.000000e+000, 0.000000e+000, 0.000000e+000
 3.551500e-001,-9.278726e+002, 3.367087e+003,-2.143876e+003, 2.904492e+003,-1.114276e+001,-5.823843e+001, 2.738914e+003, 0.000000e+000, 0.000000e+000, 0.000000e+000
 3.552000e-001,-9.799748e+002, 3.372112e+003,-2.096052e+003, 2.859369e+003,-1.220659e+001,-5.565425e+001, 2.689139e+003, 0.000000e+000, 0.000000e+000, 0.000000e+000
 3.552500e-001,-1.030039e+003, 3.384664e+003,-2.042956e+003, 2.813212e+003,-1.330035e+001,-5.304547e+001, 2.637957e+003, 0.000000e+000, 0.000000e+000, 0.000000e+000
 3.553000e-001,-1.081808e+003, 3.386579e+003,-1.993315e+003, 2.766062e+003,-1.437587e+001,-5.043637e+001, 2.586305e+003, 0.000000e+000, 0.000000e+000, 0.000000e+000
 3.553500e-001,-1.130777e+003, 3.397396e+003,-1.939145e+003, 2.717913e+003,-1.547785e+001,-4.780361e+001, 2.533284e+003, 0.000000e+000, 0.000000e+000, 0.000000e+000
 3.554000e-001,-1.182081e+003, 3.396284e+003,-1.887731e+003, 2.668803e+003,-1.656441e+001,-4.517336e+001, 2.479828e+003, 0.000000e+000, 0.000000e+000, 0.000000e+000
 3.554500e-001,-1.229948e+003, 3.405256e+003,-1.832589e+003, 2.618732e+003,-1.767344e+001,-4.252051e+001, 2.425043e+003, 0.000000e+000, 0.000000e+000, 0.000000e+000
 3.555000e-001,-1.280646e+003, 3.401217e+003,-1.779456e+003, 2.567734e+003,-1.877011e+001,-3.987272e+001, 2.369858e+003, 0.000000e+000, 0.000000e+000, 0.000000e+000
 3.555500e-001,-1.327416e+003, 3.408227e+003,-1.723438e+003, 2.515813e+003,-1.988475e+001,-3.720349e+001, 2.313385e+003, 0.000000e+000, 0.000000e+000, 0.000000e+000
 3.556000e-001,-1.377363e+003, 3.401372e+003,-1.668646e+003, 2.462999e+003,-2.099028e+001,-3.454162e+001, 2.256549e+003, 0.000000e+000, 0.000000e+000, 0.000000e+000
 3.556500e-001,-1.423044e+003, 3.406298e+003,-1.611846e+003, 2.409303e+003,-2.210886e+001,-3.185955e+001, 2.198468e+003, 0.000000e+000, 0.000000e+000, 0.000000e+000
 3.557000e-001,-1.472093e+003, 3.396751e+003,-1.555464e+003, 2.354751e+003,-2.322171e+001,-2.918689e+001, 2.140060e+003, 0.000000e+000, 0.000000e+000, 0.000000e+000
 3.557500e-001,-1.516699e+003, 3.399466e+003,-1.497972e+003, 2.299358e+003,-2.434233e+001,-2.649534e+001, 2.080451e+003, 0.000000e+000, 0.000000e+000, 0.000000e+000
 3.558000e-001,-1.564704e+003, 3.387362e+003,-1.440072e+003, 2.243145e+003,-2.546063e+001,-2.381499e+001, 2.020553e+003, 0.000000e+000, 0.000000e+000, 0.000000e+000
 3.558500e-001,-1.608245e+003, 3.387739e+003,-1.381977e+003, 2.186135e+003,-2.658114e+001,-2.111715e+001, 1.959500e+003, 0.000000e+000, 0.000000e+000, 0.000000e+000
 3.559000e-001,-1.655065e+003, 3.373216e+003,-1.322639e+003, 2.128344e+003,-2.770273e+001,-1.843206e+001, 1.898195e+003, 0.000000e+000, 0.000000e+000, 0.000000e+000
 3.559500e-001,-1.697551e+003, 3.371128e+003,-1.264025e+003, 2.069799e+003,-2.882077e+001,-1.573093e+001, 1.835782e+003, 0.000000e+000, 0.000000e+000, 0.000000e+000
 3.560000e-001,-1.743052e+003, 3.354333e+003,-1.203335e+003, 2.010512e+003,-2.994314e+001,-1.304387e+001, 1.773157e+003, 0.000000e+000, 0.000000e+000, 0.000000e+000
 3.560500e-001,-1.784486e+003, 3.349658e+003,-1.144283e+003, 1.950517e+003,-3.105613e+001,-1.034230e+001, 1.709471e+003, 0.000000e+000, 0.000000e+000, 0.000000e+000
 3.561000e-001,-1.828545e+003, 3.330736e+003,-1.082332e+003, 1.889821e+003,-3.217651e+001,-7.655896e+000, 1.645612e+003, 0.000000e+000, 0.000000e+000, 0.000000e+000
 3.561500e-001,-1.868920e+003, 3.323357e+003,-1.022920e+003, 1.828462e+003,-3.328166e+001,-4.956594e+000, 1.580743e+003, 0.000000e+000, 0.000000e+000, 0.000000e+000
 3.562000e-001,-1.911428e+003, 3.302454e+003,-9.598058e+002, 1.766445e+003,-3.439697e+001,-2.273295e+000, 1.515739e+003, 0.000000e+000, 0.000000e+000, 0.000000e+000
 3.562500e-001,-1.950728e+003, 3.292266e+003,-9.001068e+002, 1.703810e+003,-3.549132e+001, 4.211625e-001, 1.449775e+003, 0.000000e+000, 0.000000e+000, 0.000000e+000
 3.563000e-001,-1.991589e+003, 3.269522e+003,-8.359338e+002, 1.640562e+003,-3.659820e+001, 3.099025e+000, 1.383717e+003, 0.000000e+000, 0.000000e+000, 0.000000e+000
 3.563500e-001,-2.029785e+003, 3.256429e+003,-7.760165e+002, 1.576741e+003,-3.767861e+001, 5.786175e+000, 1.316750e+003, 0.000000e+000, 0.000000e+000, 0.000000e+000
 3.564000e-001,-2.068923e+003, 3.231981e+003,-7.108954e+002, 1.512353e+003,-3.877348e+001, 8.456389e+000, 1.249731e+003, 0.000000e+000, 0.000000e+000, 0.000000e+000
 3.564500e-001,-2.105971e+003, 3.215904e+003,-6.508232e+002, 1.447439e+003,-3.983668e+001, 1.113386e+001, 1.181854e+003, 0.000000e+000, 0.000000e+000, 0.000000e+000
 3.565000e-001,-2.143325e+003, 3.189876e+003,-5.848717e+002, 1.382003e+003,-4.091572e+001, 1.379431e+001, 1.113966e+003, 0.000000e+000, 0.000000e+000, 0.000000e+000
 3.565500e-001,-2.179170e+003, 3.170751e+003,-5.247023e+002, 1.316089e+003,-4.195829e+001, 1.645981e+001, 1.045274e+003, 0.000000e+000, 0.000000e+000, 0.000000e+000
 3.566000e-001,-2.214698e+003, 3.143258e+003,-4.580453e+002, 1.249700e+003,-4.301752e+001, 1.910846e+001, 9.766120e+002, 0.000000e+000, 0.000000e+000, 0.000000e+000
 3.566500e-001,-2.249269e+003, 3.121042e+003,-3.978304e+002, 1.182880e+003,-4.403596e+001, 2.175975e+001, 9.071990e+002, 0.000000e+000, 0.000000e+000, 0.000000e+000
 3.567000e-001,-2.282948e+003, 3.092185e+003,-3.305999e+002, 1.115635e+003,-4.507123e+001, 2.439460e+001, 8.378595e+002, 0.000000e+000, 0.000000e+000, 0.000000e+000
 3.567500e-001,-2.316160e+003, 3.066856e+003,-2.703845e+002, 1.048004e+003,-4.606196e+001, 2.702947e+001, 7.678226e+002, 0.000000e+000, 0.000000e+000, 0.000000e+000
 3.568000e-001,-2.347982e+003, 3.036720e+003,-2.027194e+002, 9.799984e+002,-4.706902e+001, 2.964854e+001, 6.979021e+002, 0.000000e+000, 0.000000e+000, 0.000000e+000
 3.568500e-001,-2.379740e+003, 3.008276e+003,-1.425426e+002, 9.116547e+002,-4.802841e+001, 3.226481e+001, 6.273387e+002, 0.000000e+000, 0.000000e+000, 0.000000e+000
 3.569000e-001,-2.409714e+003, 2.976931e+003,-7.458860e+001, 8.429861e+002,-4.900295e+001, 3.486613e+001, 5.569350e+002, 0.000000e+000, 0.000000e+000, 0.000000e+000
 3.569500e-001,-2.439914e+003, 2.945396e+003,-1.448335e+001, 7.740267e+002,-4.992736e+001, 3.746159e+001, 4.859435e+002, 0.000000e+000, 0.000000e+000, 0.000000e+000
 3.570000e-001,-2.468060e+003, 2.912894e+003, 5.360830e+001, 7.047939e+002,-5.086505e+001, 4.004313e+001, 4.151552e+002, 0.000000e+000, 0.000000e+000, 0.000000e+000
 3.570500e-001,-2.496590e+003, 2.878314e+003, 1.136144e+002, 6.353174e+002,-5.175085e+001, 4.261558e+001, 3.438343e+002, 0.000000e+000, 0.000000e+000, 0.000000e+000
 3.571000e-001,-2.522940e+003, 2.844690e+003, 1.816874e+002, 5.656195e+002,-5.264740e+001, 4.517526e+001, 2.727608e+002, 0.000000e+000, 0.000000e+000, 0.000000e+000
 3.571500e-001,-2.549684e+003, 2.807135e+003, 2.415713e+002, 4.957249e+002,-5.349102e+001, 4.772243e+001, 2.012102e+002, 0.000000e+000, 0.000000e+000, 0.000000e+000
 3.572000e-001,-2.574276e+003, 2.772406e+003, 3.094657e+002, 4.256614e+002,-5.434224e+001, 5.025807e+001, 1.299513e+002, 0.000000e+000, 0.000000e+000, 0.000000e+000
 3.572500e-001,-2.599118e+003, 2.731970e+003, 3.692078e+002, 3.554485e+002,-5.514017e+001, 5.277765e+001, 5.827116e+001, 0.000000e+000, 0.000000e+000, 0.000000e+000
 3.573000e-001,-2.621995e+003, 2.696137e+003, 4.367615e+002, 2.851193e+002,-5.594198e+001, 5.528697e+001,-1.307283e+001, 0.000000e+000, 0.000000e+000, 0.000000e+000
 3.573500e-001,-2.644822e+003, 2.652933e+003, 4.963441e+002, 2.146880e+002,-5.669086e+001, 5.777659e+001,-8.478224e+001, 0.000000e+000, 0.000000e+000, 0.000000e+000
 3.574000e-001,-2.666028e+003, 2.615985e+003, 5.633945e+002, 1.441930e+002,-5.743937e+001, 6.025717e+001,-1.561107e+002, 0.000000e+000, 0.000000e+000, 0.000000e+000
 3.574500e-001,-2.686732e+003, 2.570147e+003, 6.228007e+002, 7.364368e+001,-5.813596e+001, 6.271436e+001,-2.277487e+002, 0.000000e+000, 0.000000e+000, 0.000000e+000
 3.575000e-001,-2.706306e+003, 2.532056e+003, 6.891867e+002, 3.083148e+000,-5.882753e+001, 6.516365e+001,-2.989608e+002, 0.000000e+000, 0.000000e+000, 0.000000e+000
 3.575500e-001,-2.724791e+003, 2.483736e+003, 7.483980e+002,-6.748392e+001,-5.946878e+001, 6.758588e+001,-3.704268e+002, 0.000000e+000, 0.000000e+000, 0.000000e+000
 3.576000e-001,-2.742768e+003, 2.444465e+003, 8.139619e+002,-1.380101e+002,-6.010004e+001, 7.000114e+001,-4.414217e+002, 0.000000e+000, 0.000000e+000, 0.000000e+000
 3.576500e-001,-2.758949e+003, 2.393830e+003, 8.729570e+002,-2.084946e+002,-6.068312e+001, 7.238578e+001,-5.126149e+002, 0.000000e+000, 0.000000e+000, 0.000000e+000
 3.577000e-001,-2.775354e+003, 2.353333e+003, 9.375464e+002,-2.788866e+002,-6.125103e+001, 7.476416e+001,-5.832918e+002, 0.000000e+000, 0.000000e+000, 0.000000e+000
 3.577500e-001,-2.789163e+003, 2.300562e+003, 9.962992e+002,-3.491884e+002,-6.177333e+001, 7.710845e+001,-6.541119e+002, 0.000000e+000, 0.000000e+000, 0.000000e+000
 3.578000e-001,-2.804010e+003, 2.258789e+003, 1.059769e+003,-4.193469e+002,-6.227522e+001, 7.944691e+001,-7.243703e+002, 0.000000e+000, 0.000000e+000, 0.000000e+000
 3.578500e-001,-2.815398e+003, 2.204069e+003, 1.118247e+003,-4.893664e+002,-6.273444e+001, 8.174802e+001,-7.947170e+002, 0.000000e+000, 0.000000e+000, 0.000000e+000
 3.579000e-001,-2.828688e+003, 2.160966e+003, 1.180462e+003,-5.591923e+002,-6.316801e+001, 8.404334e+001,-8.644567e+002, 0.000000e+000, 0.000000e+000, 0.000000e+000
 3.579500e-001,-2.837624e+003, 2.104492e+003, 1.238624e+003,-6.288301e+002,-6.356213e+001, 8.629833e+001,-9.342305e+002, 0.000000e+000, 0.000000e+000, 0.000000e+000
 3.580000e-001,-2.849341e+003, 2.060005e+003, 1.299460e+003,-6.982252e+002,-6.392553e+001, 8.854716e+001,-1.003352e+003, 0.000000e+000, 0.000000e+000, 0.000000e+000
 3.580500e-001,-2.855816e+003, 2.001974e+003, 1.357256e+003,-7.673828e+002,-6.425287e+001, 9.075298e+001,-1.072453e+003, 0.000000e+000, 0.000000e+000, 0.000000e+000
 3.581000e-001,-2.865932e+003, 1.956053e+003, 1.416601e+003,-8.362494e+002,-6.454469e+001, 9.295184e+001,-1.140857e+003, 0.000000e+000, 0.000000e+000, 0.000000e+000
 3.581500e-001,-2.869958e+003, 1.896661e+003, 1.473970e+003,-9.048288e+002,-6.480392e+001, 9.510533e+001,-1.209189e+003, 0.000000e+000, 0.000000e+000, 0.000000e+000
 3.582000e-001,-2.878426e+003, 1.849263e+003, 1.531725e+003,-9.730703e+002,-6.502320e+001, 9.725057e+001,-1.276777e+003, 0.000000e+000, 0.000000e+000, 0.000000e+000
 3.582500e-001,-2.880037e+003, 1.788701e+003, 1.588594e+003,-1.040975e+003,-6.521337e+001, 9.934850e+001,-1.344240e+003, 0.000000e+000, 0.000000e+000, 0.000000e+000
 3.583000e-001,-2.886798e+003, 1.739792e+003, 1.644677e+003,-1.108495e+003,-6.535964e+001, 1.014364e+002,-1.410916e+003, 0.000000e+000, 0.000000e+000, 0.000000e+000
 3.583500e-001,-2.886046e+003, 1.678247e+003, 1.700962e+003,-1.175628e+003,-6.548019e+001, 1.034754e+002,-1.477415e+003, 0.000000e+000, 0.000000e+000, 0.000000e+000
 3.584000e-001,-2.891026e+003, 1.627803e+003, 1.755302e+003,-1.242333e+003,-6.555345e+001, 1.055022e+002,-1.543081e+003, 0.000000e+000, 0.000000e+000, 0.000000e+000
 3.584500e-001,-2.887985e+003, 1.565452e+003, 1.810909e+003,-1.308601e+003,-6.560421e+001, 1.074789e+002,-1.608520e+003, 0.000000e+000, 0.000000e+000, 0.000000e+000
 3.585000e-001,-2.891098e+003, 1.513465e+003, 1.863452e+003,-1.374396e+003,-6.560493e+001, 1.094406e+002,-1.673083e+003, 0.000000e+000, 0.000000e+000, 0.000000e+000
 3.585500e-001,-2.885854e+003, 1.450473e+003, 1.918272e+003,-1.439705e+003,-6.558612e+001, 1.113515e+002,-1.737369e+003, 0.000000e+000, 0.000000e+000, 0.000000e+000
 3.586000e-001,-2.887009e+003, 1.396949e+003, 1.968980e+003,-1.504499e+003,-6.551523e+001, 1.132443e+002,-1.800734e+003, 0.000000e+000, 0.000000e+000, 0.000000e+000
 3.586500e-001,-2.879663e+003, 1.333469e+003, 2.022896e+003,-1.568757e+003,-6.542751e+001, 1.150860e+002,-1.863773e+003, 0.000000e+000, 0.000000e+000, 0.000000e+000
 3.587000e-001,-2.878758e+003, 1.278430e+003, 2.071741e+003,-1.632458e+003,-6.528636e+001, 1.169058e+002,-1.925849e+003, 0.000000e+000, 0.000000e+000, 0.000000e+000
 3.587500e-001,-2.869422e+003, 1.214600e+003, 2.124626e+003,-1.695575e+003,-6.513078e+001, 1.186747e+002,-1.987551e+003, 0.000000e+000, 0.000000e+000, 0.000000e+000
 3.588000e-001,-2.866356e+003, 1.158086e+003, 2.171596e+003,-1.758095e+003,-6.492117e+001, 1.204178e+002,-2.048247e+003, 0.000000e+000, 0.000000e+000, 0.000000e+000
 3.588500e-001,-2.855147e+003, 1.094030e+003, 2.223314e+003,-1.819983e+003,-6.469915e+001, 1.221103e+002,-2.108523e+003, 0.000000e+000, 0.000000e+000, 0.000000e+000
 3.589000e-001,-2.849821e+003, 1.036099e+003, 2.268408e+003,-1.881232e+003,-6.442326e+001, 1.237728e+002,-2.167751e+003, 0.000000e+000, 0.000000e+000, 0.000000e+000
 3.589500e-001,-2.836857e+003, 9.719246e+002, 2.318818e+003,-1.941804e+003,-6.413663e+001, 1.253853e+002,-2.226514e+003, 0.000000e+000, 0.000000e+000, 0.000000e+000
 3.590000e-001,-2.829175e+003, 9.126499e+002, 2.362042e+003,-2.001698e+003,-6.379698e+001, 1.269634e+002,-2.284187e+003, 0.000000e+000, 0.000000e+000, 0.000000e+000
 3.590500e-001,-2.814577e+003, 8.484527e+002, 2.411000e+003,-2.060869e+003,-6.344793e+001, 1.284924e+002,-2.341351e+003, 0.000000e+000, 0.000000e+000, 0.000000e+000
 3.591000e-001,-2.804453e+003, 7.879246e+002, 2.452367e+003,-2.119324e+003,-6.304736e+001, 1.299825e+002,-2.397385e+003, 0.000000e+000, 0.000000e+000, 0.000000e+000
 3.591500e-001,-2.788333e+003, 7.237843e+002, 2.499726e+003,-2.177010e+003,-6.263839e+001, 1.314245e+002,-2.452868e+003, 0.000000e+000, 0.000000e+000, 0.000000e+000
 3.592000e-001,-2.775694e+003, 6.621076e+002, 2.539258e+003,-2.233944e+003,-6.218002e+001, 1.328231e+002,-2.507180e+003, 0.000000e+000, 0.000000e+000, 0.000000e+000
 3.592500e-001,-2.758158e+003, 5.980920e+002, 2.584871e+003,-2.290066e+003,-6.171397e+001, 1.341746e+002,-2.560901e+003, 0.000000e+000, 0.000000e+000, 0.000000e+000
 3.593000e-001,-2.742946e+003, 5.353847e+002, 2.622589e+003,-2.345398e+003,-6.120115e+001, 1.354783e+002,-2.613412e+003, 0.000000e+000, 0.000000e+000, 0.000000e+000
 3.593500e-001,-2.724087e+003, 4.715505e+002, 2.666314e+003,-2.399878e+003,-6.068110e+001, 1.367360e+002,-2.665293e+003, 0.000000e+000, 0.000000e+000, 0.000000e+000
 3.594000e-001,-2.706263e+003, 4.079415e+002, 2.702242e+003,-2.453531e+003,-6.011737e+001, 1.379415e+002,-2.715927e+003, 0.000000e+000, 0.000000e+000, 0.000000e+000
 3.594500e-001,-2.686161e+003, 3.443364e+002, 2.743942e+003,-2.506292e+003,-5.954663e+001, 1.391023e+002,-2.765891e+003, 0.000000e+000, 0.000000e+000, 0.000000e+000
 3.595000e-001,-2.665706e+003, 2.799635e+002, 2.778101e+003,-2.558190e+003,-5.893566e+001, 1.402066e+002,-2.814572e+003, 0.000000e+000, 0.000000e+000, 0.000000e+000
 3.595500e-001,-2.644426e+003, 2.166282e+002, 2.817645e+003,-2.609158e+003,-5.831776e+001, 1.412672e+002,-2.862548e+003, 0.000000e+000, 0.000000e+000, 0.000000e+000
 3.596000e-001,-2.621342e+003, 1.516353e+002, 2.850055e+003,-2.659228e+003,-5.766330e+001, 1.422677e+002,-2.909206e+003, 0.000000e+000, 0.000000e+000, 0.000000e+000
 3.596500e-001,-2.598932e+003, 8.860560e+001, 2.887323e+003,-2.708333e+003,-5.700191e+001, 1.432252e+002,-2.955123e+003, 0.000000e+000, 0.000000e+000, 0.000000e+000
 3.597000e-001,-2.573245e+003, 2.314063e+001, 2.917998e+003,-2.756505e+003,-5.630777e+001, 1.441191e+002,-2.999688e+003, 0.000000e+000, 0.000000e+000, 0.000000e+000
 3.597500e-001,-2.549734e+003,-3.955001e+001, 2.952882e+003,-2.803678e+003,-5.560664e+001, 1.449708e+002,-3.043479e+003, 0.000000e+000, 0.000000e+000, 0.000000e+000
 3.598000e-001,-2.521494e+003,-1.053379e+002, 2.981827e+003,-2.849884e+003,-5.487663e+001, 1.457558e+002,-3.085886e+003, 0.000000e+000, 0.000000e+000, 0.000000e+000
 3.598500e-001,-2.496893e+003,-1.676565e+002, 3.014230e+003,-2.895059e+003,-5.413957e+001, 1.464990e+002,-3.127489e+003, 0.000000e+000, 0.000000e+000, 0.000000e+000
 3.599000e-001,-2.466171e+003,-2.336190e+002, 3.041448e+003,-2.939234e+003,-5.337743e+001, 1.471731e+002,-3.167675e+003, 0.000000e+000, 0.000000e+000, 0.000000e+000
 3.599500e-001,-2.440476e+003,-2.955309e+002, 3.071287e+003,-2.982348e+003,-5.260827e+001, 1.478055e+002,-3.207027e+003, 0.000000e+000, 0.000000e+000, 0.000000e+000
 3.600000e-001,-2.407365e+003,-3.615232e+002, 3.096768e+003,-3.024429e+003,-5.181769e+001, 1.483667e+002,-3.244934e+003, 0.000000e+000, 0.000000e+000, 0.000000e+000
 3.600500e-001,-2.380555e+003,-4.229903e+002, 3.123977e+003,-3.065421e+003,-5.102020e+001, 1.488862e+002,-3.281980e+003, 0.000000e+000, 0.000000e+000, 0.000000e+000
 3.601000e-001,-2.345168e+003,-4.888723e+002, 3.147703e+003,-3.105349e+003,-5.020472e+001, 1.493330e+002,-3.317551e+003, 0.000000e+000, 0.000000e+000, 0.000000e+000
 3.601500e-001,-2.317210e+003,-5.498516e+002, 3.172229e+003,-3.144162e+003,-4.938257e+001, 1.497376e+002,-3.352236e+003, 0.000000e+000, 0.000000e+000, 0.000000e+000
 3.602000e-001,-2.279676e+003,-6.154900e+002, 3.194174e+003,-3.181880e+003,-4.854559e+001, 1.500686e+002,-3.385420e+003, 0.000000e+000, 0.000000e+000, 0.000000e+000
 3.602500e-001,-2.250526e+003,-6.759324e+002, 3.215979e+003,-3.218460e+003,-4.770233e+001, 1.503568e+002,-3.417695e+003, 0.000000e+000, 0.000000e+000, 0.000000e+000
 3.603000e-001,-2.210989e+003,-7.412017e+002, 3.236109e+003,-3.253915e+003,-4.684706e+001, 1.505709e+002,-3.448443e+003, 0.000000e+000, 0.000000e+000, 0.000000e+000
 3.603500e-001,-2.180594e+003,-8.010513e+002, 3.255170e+003,-3.288210e+003,-4.598606e+001, 1.507414e+002,-3.478261e+003, 0.000000e+000, 0.000000e+000, 0.000000e+000
 3.604000e-001,-2.139208e+003,-8.658344e+002, 3.273442e+003,-3.321351e+003,-4.511548e+001, 1.508378e+002,-3.506528e+003, 0.000000e+000, 0.000000e+000, 0.000000e+000
 3.604500e-001,-2.107512e+003,-9.250282e+002, 3.289750e+003,-3.353312e+003,-4.423989e+001, 1.508895e+002,-3.533846e+003, 0.000000e+000, 0.000000e+000, 0.000000e+000
 3.605000e-001,-2.064438e+003,-9.892169e+002, 3.306115e+003,-3.384093e+003,-4.335678e+001, 1.508677e+002,-3.559591e+003, 0.000000e+000, 0.000000e+000, 0.000000e+000
 3.605500e-001,-2.031383e+003,-1.047685e+003, 3.319675e+003,-3.413674e+003,-4.246950e+001, 1.507999e+002,-3.584370e+003, 0.000000e+000, 0.000000e+000, 0.000000e+000
 3.606000e-001,-1.986789e+003,-1.111180e+003, 3.334076e+003,-3.442051e+003,-4.157636e+001, 1.506596e+002,-3.607556e+003, 0.000000e+000, 0.000000e+000, 0.000000e+000
 3.606500e-001,-1.952316e+003,-1.168846e+003, 3.344904e+003,-3.469211e+003,-4.068002e+001, 1.504718e+002,-3.629761e+003, 0.000000e+000, 0.000000e+000, 0.000000e+000
 3.607000e-001,-1.906370e+003,-1.231556e+003, 3.357280e+003,-3.495142e+003,-3.977909e+001, 1.502131e+002,-3.650356e+003, 0.000000e+000, 0.000000e+000, 0.000000e+000
 3.607500e-001,-1.870428e+003,-1.288337e+003, 3.365405e+003,-3.519842e+003,-3.887601e+001, 1.499053e+002,-3.669956e+003, 0.000000e+000, 0.000000e+000, 0.000000e+000
 3.608000e-001,-1.823293e+003,-1.350178e+003, 3.375691e+003,-3.543291e+003,-3.796930e+001, 1.495284e+002,-3.687928e+003, 0.000000e+000, 0.000000e+000, 0.000000e+000
 3.608500e-001,-1.785838e+003,-1.405989e+003, 3.381149e+003,-3.565495e+003,-3.706148e+001, 1.491007e+002,-3.704896e+003, 0.000000e+000, 0.000000e+000, 0.000000e+000
 3.609000e-001,-1.737675e+003,-1.466884e+003, 3.389278e+003,-3.586428e+003,-3.615067e+001, 1.486062e+002,-3.720221e+003, 0.000000e+000, 0.000000e+000, 0.000000e+000
 3.609500e-001,-1.698673e+003,-1.521635e+003, 3.392116e+003,-3.606103e+003,-3.523980e+001, 1.480593e+002,-3.734533e+003, 0.000000e+000, 0.000000e+000, 0.000000e+000
 3.610000e-001,-1.649633e+003,-1.581510e+003, 3.398020e+003,-3.624490e+003,-3.432632e+001, 1.474480e+002,-3.747190e+003, 0.000000e+000, 0.000000e+000, 0.000000e+000
 3.610500e-001,-1.609062e+003,-1.635111e+003, 3.398290e+003,-3.641607e+003,-3.341376e+001, 1.467827e+002,-3.758827e+003, 0.000000e+000, 0.000000e+000, 0.000000e+000
 3.611000e-001,-1.559288e+003,-1.693898e+003, 3.401902e+003,-3.657421e+003,-3.249876e+001, 1.460557e+002,-3.768799e+003, 0.000000e+000, 0.000000e+000, 0.000000e+000
 3.611500e-001,-1.517141e+003,-1.746258e+003, 3.399664e+003,-3.671955e+003,-3.158552e+001, 1.452733e+002,-3.777746e+003, 0.000000e+000, 0.000000e+000, 0.000000e+000
 3.612000e-001,-1.466763e+003,-1.803889e+003, 3.400917e+003,-3.685173e+003,-3.066990e+001, 1.444320e+002,-3.785019e+003, 0.000000e+000, 0.000000e+000, 0.000000e+000
 3.612500e-001,-1.423046e+003,-1.854921e+003, 3.396234e+003,-3.697103e+003,-2.975669e+001, 1.435339e+002,-3.791265e+003, 0.000000e+000, 0.000000e+000, 0.000000e+000
 3.613000e-001,-1.372183e+003,-1.911328e+003, 3.395064e+003,-3.707704e+003,-2.884108e+001, 1.425800e+002,-3.795829e+003, 0.000000e+000, 0.000000e+000, 0.000000e+000
 3.613500e-001,-1.326920e+003,-1.960949e+003, 3.388004e+003,-3.717010e+003,-2.792829e+001, 1.415681e+002,-3.799367e+003, 0.000000e+000, 0.000000e+000, 0.000000e+000
 3.614000e-001,-1.275678e+003,-2.016063e+003, 3.384353e+003,-3.724979e+003,-2.701307e+001, 1.405035e+002,-3.801218e+003, 0.000000e+000, 0.000000e+000, 0.000000e+000
 3.614500e-001,-1.228906e+003,-2.064196e+003, 3.374984e+003,-3.731648e+003,-2.610081e+001, 1.393800e+002,-3.802044e+003, 0.000000e+000, 0.000000e+000, 0.000000e+000
 3.615000e-001,-1.177377e+003,-2.117944e+003, 3.368796e+003,-3.736973e+003,-2.518614e+001, 1.382070e+002,-3.801182e+003, 0.000000e+000, 0.000000e+000, 0.000000e+000
 3.615500e-001,-1.129151e+003,-2.164518e+003, 3.357192e+003,-3.740992e+003,-2.427426e+001, 1.369742e+002,-3.799297e+003, 0.000000e+000, 0.000000e+000, 0.000000e+000
 3.616000e-001,-1.077416e+003,-2.216826e+003, 3.348418e+003,-3.743664e+003,-2.336008e+001, 1.356952e+002,-3.795723e+003, 0.000000e+000, 0.000000e+000, 0.000000e+000
 3.616500e-001,-1.027802e+003,-2.261779e+003, 3.334649e+003,-3.745027e+003,-2.244818e+001, 1.343558e+002,-3.791134e+003, 0.000000e+000, 0.000000e+000, 0.000000e+000
 3.617000e-001,-9.759304e+002,-2.312565e+003, 3.323247e+003,-3.745041e+003,-2.153424e+001, 1.329737e+002,-3.784854e+003, 0.000000e+000, 0.000000e+000, 0.000000e+000
 3.617500e-001,-9.250100e+002,-2.355846e+003, 3.307387e+003,-3.743744e+003,-2.062172e+001, 1.315307e+002,-3.777568e+003, 0.000000e+000, 0.000000e+000, 0.000000e+000
 3.618000e-001,-8.730605e+002,-2.405023e+003, 3.293320e+003,-3.741098e+003,-1.970758e+001, 1.300483e+002,-3.768596e+003, 0.000000e+000, 0.000000e+000, 0.000000e+000
 3.618500e-001,-8.209252e+002,-2.446590e+003, 3.275440e+003,-3.737141e+003,-1.879367e+001, 1.285051e+002,-3.758626e+003, 0.000000e+000, 0.000000e+000, 0.000000e+000
 3.619000e-001,-7.689483e+002,-2.494066e+003, 3.258682e+003,-3.731838e+003,-1.787874e+001, 1.269257e+002,-3.746974e+003, 0.000000e+000, 0.000000e+000, 0.000000e+000
 3.619500e-001,-7.156995e+002,-2.533886e+003, 3.238852e+003,-3.725226e+003,-1.696253e+001, 1.252856e+002,-3.734337e+003, 0.000000e+000, 0.000000e+000, 0.000000e+000
 3.620000e-001,-6.637382e+002,-2.579565e+003, 3.219382e+003,-3.717271e+003,-1.604610e+001, 1.236126e+002,-3.720024e+003, 0.000000e+000, 0.000000e+000, 0.000000e+000
 3.620500e-001,-6.094850e+002,-2.617616e+003, 3.197670e+003,-3.708012e+003,-1.512656e+001, 1.218795e+002,-3.704741e+003, 0.000000e+000, 0.000000e+000, 0.000000e+000
 3.621000e-001,-5.575769e+002,-2.661396e+003, 3.175481e+003,-3.697416e+003,-1.420781e+001, 1.201165e+002,-3.687790e+003, 0.000000e+000, 0.000000e+000, 0.000000e+000
 3.621500e-001,-5.024346e+002,-2.697664e+003, 3.151949e+003,-3.685520e+003,-1.328386e+001, 1.182942e+002,-3.669885e+003, 0.000000e+000, 0.000000e+000, 0.000000e+000
 3.622000e-001,-4.506132e+002,-2.739439e+003, 3.127042e+003,-3.672297e+003,-1.236185e+001, 1.164450e+002,-3.650321e+003, 0.000000e+000, 0.000000e+000, 0.000000e+000
 3.622500e-001,-3.947012e+002,-2.773920e+003, 3.101752e+003,-3.657781e+003,-1.143237e+001, 1.145378e+002,-3.629822e+003, 0.000000e+000, 0.000000e+000, 0.000000e+000
 3.623000e-001,-3.429975e+002,-2.813582e+003, 3.074138e+003,-3.641948e+003,-1.050615e+001, 1.126063e+002,-3.607675e+003, 0.000000e+000, 0.000000e+000, 0.000000e+000
 3.623500e-001,-2.864380e+002,-2.846279e+003, 3.047144e+003,-3.624830e+003,-9.570012e+000, 1.106184e+002,-3.584614e+003, 0.000000e+000, 0.000000e+000, 0.000000e+000
 3.624000e-001,-2.348817e+002,-2.883717e+003, 3.016849e+003,-3.606409e+003,-8.638567e+000, 1.086087e+002,-3.559916e+003, 0.000000e+000, 0.000000e+000, 0.000000e+000
 3.624500e-001,-1.777981e+002,-2.914637e+003, 2.988198e+003,-3.586713e+003,-7.694694e+000, 1.065445e+002,-3.534329e+003, 0.000000e+000, 0.000000e+000, 0.000000e+000
 3.625000e-001,-1.264187e+002,-2.949743e+003, 2.955260e+003,-3.565728e+003,-6.757004e+000, 1.044608e+002,-3.507117e+003, 0.000000e+000, 0.000000e+000, 0.000000e+000
 3.625500e-001,-6.893459e+001,-2.978899e+003, 2.924994e+003,-3.543481e+003,-5.804375e+000, 1.023250e+002,-3.479042e+003, 0.000000e+000, 0.000000e+000, 0.000000e+000
 3.626000e-001,-1.776236e+001,-3.011568e+003, 2.889465e+003,-3.519962e+003,-4.859440e+000, 1.001715e+002,-3.449357e+003, 0.000000e+000, 0.000000e+000, 0.000000e+000
 3.626500e-001, 3.999959e+001,-3.038972e+003, 2.857616e+003,-3.495194e+003,-3.897131e+000, 9.796866e+001,-3.418836e+003, 0.000000e+000, 0.000000e+000, 0.000000e+000
 3.627000e-001, 9.093330e+001,-3.069102e+003, 2.819563e+003,-3.469172e+003,-2.943991e+000, 9.574972e+001,-3.386720e+003, 0.000000e+000, 0.000000e+000, 0.000000e+000
 3.627500e-001, 1.488517e+002,-3.094770e+003, 2.786155e+003,-3.441919e+003,-1.971199e+000, 9.348463e+001,-3.353799e+003, 0.000000e+000, 0.000000e+000, 0.000000e+000
 3.628000e-001, 1.995140e+002,-3.122266e+003, 2.745658e+003,-3.413431e+003,-1.008962e+000, 9.120456e+001,-3.319299e+003, 0.000000e+000, 0.000000e+000, 0.000000e+000
 3.628500e-001, 2.574693e+002,-3.146209e+003, 2.710705e+003,-3.383730e+003,-2.502870e-002, 8.888200e+001,-3.284026e+003, 0.000000e+000, 0.000000e+000, 0.000000e+000
 3.629000e-001, 3.078257e+002,-3.170986e+003, 2.667864e+003,-3.352817e+003, 9.471033e-001, 8.654514e+001,-3.247192e+003, 0.000000e+000, 0.000000e+000, 0.000000e+000
 3.629500e-001, 3.657002e+002,-3.193213e+003, 2.631370e+003,-3.320709e+003, 1.942668e+000, 8.416988e+001,-3.209620e+003, 0.000000e+000, 0.000000e+000, 0.000000e+000
 3.630000e-001, 4.157149e+002,-3.215195e+003, 2.586296e+003,-3.287414e+003, 2.925375e+000, 8.178059e+001,-3.170504e+003, 0.000000e+000, 0.000000e+000, 0.000000e+000
 3.630500e-001, 4.733930e+002,-3.235710e+003, 2.548257e+003,-3.252946e+003, 3.932875e+000, 7.935736e+001,-3.130687e+003, 0.000000e+000, 0.000000e+000, 0.000000e+000
 3.631000e-001, 5.230289e+002,-3.254834e+003, 2.501078e+003,-3.217314e+003, 4.926695e+000, 7.691994e+001,-3.089345e+003, 0.000000e+000, 0.000000e+000, 0.000000e+000
 3.631500e-001, 5.803965e+002,-3.273634e+003, 2.461479e+003,-3.180535e+003, 5.946235e+000, 7.445344e+001,-3.047342e+003, 0.000000e+000, 0.000000e+000, 0.000000e+000
 3.632000e-001, 6.296158e+002,-3.289850e+003, 2.412337e+003,-3.142619e+003, 6.951539e+000, 7.197216e+001,-3.003833e+003, 0.000000e+000, 0.000000e+000, 0.000000e+000
 3.632500e-001, 6.865607e+002,-3.306924e+003, 2.371155e+003,-3.103581e+003, 7.983005e+000, 6.946697e+001,-2.959703e+003, 0.000000e+000, 0.000000e+000, 0.000000e+000
 3.633000e-001, 7.353251e+002,-3.320198e+003, 2.320206e+003,-3.063435e+003, 8.999978e+000, 6.694603e+001,-2.914089e+003, 0.000000e+000, 0.000000e+000, 0.000000e+000
 3.633500e-001, 7.917362e+002,-3.335525e+003, 2.277410e+003,-3.022193e+003, 1.004303e+001, 6.440662e+001,-2.867896e+003, 0.000000e+000, 0.000000e+000, 0.000000e+000
 3.634000e-001, 8.400076e+002,-3.345838e+003, 2.224820e+003,-2.979874e+003, 1.107165e+001, 6.185015e+001,-2.820241e+003, 0.000000e+000, 0.000000e+000, 0.000000e+000
 3.634500e-001, 8.957750e+002,-3.359389e+003, 2.180375e+003,-2.936487e+003, 1.212571e+001, 5.928083e+001,-2.772051e+003, 0.000000e+000, 0.000000e+000, 0.000000e+000
 3.635000e-001, 9.435159e+002,-3.366740e+003, 2.126320e+003,-2.892055e+003, 1.316572e+001, 5.669287e+001,-2.722422e+003, 0.000000e+000, 0.000000e+000, 0.000000e+000
 3.635500e-001, 9.985306e+002,-3.378475e+003, 2.080187e+003,-2.846587e+003, 1.422998e+001, 5.409777e+001,-2.672305e+003, 0.000000e+000, 0.000000e+000, 0.000000e+000
 3.636000e-001, 1.045704e+003,-3.382876e+003, 2.024848e+003,-2.800107e+003, 1.528089e+001, 5.148226e+001,-2.620771e+003, 0.000000e+000, 0.000000e+000, 0.000000e+000
 3.636500e-001, 1.099858e+003,-3.392748e+003, 1.976989e+003,-2.752622e+003, 1.635427e+001, 4.886531e+001,-2.568797e+003, 0.000000e+000, 0.000000e+000, 0.000000e+000
 3.637000e-001, 1.146427e+003,-3.394230e+003, 1.920551e+003,-2.704160e+003, 1.741532e+001, 4.622610e+001,-2.515431e+003, 0.000000e+000, 0.000000e+000, 0.000000e+000
 3.637500e-001, 1.199614e+003,-3.402179e+003, 1.870928e+003,-2.654727e+003, 1.849653e+001, 4.359102e+001,-2.461673e+003, 0.000000e+000, 0.000000e+000, 0.000000e+000
 3.638000e-001, 1.245545e+003,-3.400789e+003, 1.813576e+003,-2.604354e+003, 1.956670e+001, 4.093183e+001,-2.406550e+003, 0.000000e+000, 0.000000e+000, 0.000000e+000
 3.638500e-001, 1.297657e+003,-3.406747e+003, 1.762160e+003,-2.553043e+003, 2.065416e+001, 3.828210e+001,-2.351084e+003, 0.000000e+000, 0.000000e+000, 0.000000e+000
 3.639000e-001, 1.342915e+003,-3.402547e+003, 1.704076e+003,-2.500831e+003, 2.173214e+001, 3.560655e+001,-2.294281e+003, 0.000000e+000, 0.000000e+000, 0.000000e+000
 3.639500e-001, 1.393850e+003,-3.406440e+003, 1.650845e+003,-2.447718e+003, 2.282406e+001, 3.294542e+001,-2.237184e+003, 0.000000e+000, 0.000000e+000, 0.000000e+000
 3.640000e-001, 1.438401e+003,-3.399504e+003, 1.592201e+003,-2.393741e+003, 2.390825e+001, 3.025701e+001,-2.178780e+003, 0.000000e+000, 0.000000e+000, 0.000000e+000
 3.640500e-001, 1.488057e+003,-3.401250e+003, 1.537146e+003,-2.338902e+003, 2.500259e+001, 2.758749e+001,-2.120134e+003, 0.000000e+000, 0.000000e+000, 0.000000e+000
 3.641000e-001, 1.531867e+003,-3.391667e+003, 1.478107e+003,-2.283240e+003, 2.609111e+001, 2.488960e+001,-2.060209e+003, 0.000000e+000, 0.000000e+000, 0.000000e+000
 3.641500e-001, 1.580144e+003,-3.391180e+003, 1.421235e+003,-2.226754e+003, 2.718558e+001, 2.221447e+001,-2.000095e+003, 0.000000e+000, 0.000000e+000, 0.000000e+000
 3.642000e-001, 1.623180e+003,-3.379050e+003, 1.361948e+003,-2.169486e+003, 2.827627e+001, 1.951034e+001,-1.938734e+003, 0.000000e+000, 0.000000e+000, 0.000000e+000
 3.642500e-001, 1.669982e+003,-3.376240e+003, 1.303286e+003,-2.111435e+003, 2.936838e+001, 1.683218e+001,-1.877235e+003, 0.000000e+000, 0.000000e+000, 0.000000e+000
 3.643000e-001, 1.712208e+003,-3.361669e+003, 1.243884e+003,-2.052644e+003, 3.045878e+001, 1.412494e+001,-1.814524e+003, 0.000000e+000, 0.000000e+000, 0.000000e+000
 3.643500e-001, 1.757445e+003,-3.356447e+003, 1.183477e+003,-1.993111e+003, 3.154581e+001, 1.144610e+001,-1.751726e+003, 0.000000e+000, 0.000000e+000, 0.000000e+000
 3.644000e-001, 1.798824e+003,-3.339550e+003, 1.124071e+003,-1.932883e+003, 3.263319e+001, 8.738762e+000,-1.687751e+003, 0.000000e+000, 0.000000e+000, 0.000000e+000
 3.644500e-001, 1.842411e+003,-3.331825e+003, 1.061990e+003,-1.871955e+003, 3.371224e+001, 6.061419e+000,-1.623742e+003, 0.000000e+000, 0.000000e+000, 0.000000e+000
 3.645000e-001, 1.882903e+003,-3.312722e+003, 1.002671e+003,-1.810375e+003, 3.479361e+001, 3.356873e+000,-1.558593e+003, 0.000000e+000, 0.000000e+000, 0.000000e+000
 3.645500e-001, 1.924760e+003,-3.302409e+003, 9.390095e+002,-1.748140e+003, 3.586161e+001, 6.830654e-001,-1.493461e+003, 0.000000e+000, 0.000000e+000, 0.000000e+000
 3.646000e-001, 1.964323e+003,-3.281221e+003, 8.798455e+002,-1.685298e+003, 3.693373e+001,-2.015921e+000,-1.427228e+003, 0.000000e+000, 0.000000e+000, 0.000000e+000
 3.646500e-001, 2.004377e+003,-3.268241e+003, 8.147233e+002,-1.621844e+003, 3.798743e+001,-4.684283e+000,-1.361064e+003, 0.000000e+000, 0.000000e+000, 0.000000e+000
 3.647000e-001, 2.042965e+003,-3.245090e+003, 7.557589e+002,-1.557831e+003, 3.904685e+001,-7.375048e+000,-1.293840e+003, 0.000000e+000, 0.000000e+000, 0.000000e+000
 3.647500e-001, 2.081151e+003,-3.229369e+003, 6.893192e+002,-1.493251e+003, 4.008289e+001,-1.003614e+001,-1.226735e+003, 0.000000e+000, 0.000000e+000, 0.000000e+000
 3.648000e-001, 2.118715e+003,-3.204375e+003, 6.305768e+002,-1.428158e+003, 4.112595e+001,-1.271612e+001,-1.158614e+003, 0.000000e+000, 0.000000e+000, 0.000000e+000
 3.648500e-001, 2.154976e+003,-3.185850e+003, 5.629868e+002,-1.362545e+003, 4.214083e+001,-1.536817e+001,-1.090662e+003, 0.000000e+000, 0.000000e+000, 0.000000e+000
 3.649000e-001, 2.191461e+003,-3.159129e+003, 5.044676e+002,-1.296465e+003, 4.316372e+001,-1.803491e+001,-1.021739e+003, 0.000000e+000, 0.000000e+000, 0.000000e+000
 3.649500e-001, 2.225749e+003,-3.137750e+003, 4.359152e+002,-1.229913e+003, 4.415388e+001,-2.067616e+001,-9.530338e+002, 0.000000e+000, 0.000000e+000, 0.000000e+000
 3.650000e-001, 2.261096e+003,-3.109412e+003, 3.776014e+002,-1.162942e+003, 4.515265e+001,-2.332728e+001,-8.834041e+002, 0.000000e+000, 0.000000e+000, 0.000000e+000
 3.650500e-001, 2.293371e+003,-3.085142e+003, 3.082934e+002,-1.095547e+003, 4.611447e+001,-2.595593e+001,-8.140419e+002, 0.000000e+000, 0.000000e+000, 0.000000e+000
 3.651000e-001, 2.327518e+003,-3.055286e+003, 2.501511e+002,-1.027780e+003, 4.708505e+001,-2.858914e+001,-7.438035e+002, 0.000000e+000, 0.000000e+000, 0.000000e+000
 3.651500e-001, 2.357749e+003,-3.028105e+003, 1.803094e+002,-9.596387e+002, 4.801490e+001,-3.120337e+001,-6.738804e+002, 0.000000e+000, 0.000000e+000, 0.000000e+000
 3.652000e-001, 2.390627e+003,-2.996823e+003, 1.222920e+002,-8.911733e+002, 4.895318e+001,-3.381641e+001,-6.031317e+002, 0.000000e+000, 0.000000e+000, 0.000000e+000
 3.652500e-001, 2.418793e+003,-2.966726e+003, 5.214915e+001,-8.223829e+002, 4.984742e+001,-3.641428e+001,-5.327450e+002, 0.000000e+000, 0.000000e+000, 0.000000e+000
 3.653000e-001, 2.450332e+003,-2.934098e+003,-5.798332e+000,-7.533169e+002, 5.074929e+001,-3.900496e+001,-4.615851e+002, 0.000000e+000, 0.000000e+000, 0.000000e+000
 3.653500e-001, 2.476418e+003,-2.901100e+003,-7.600307e+001,-6.839761e+002, 5.160433e+001,-4.158444e+001,-3.908331e+002, 0.000000e+000, 0.000000e+000, 0.000000e+000
 3.654000e-001, 2.506544e+003,-2.867193e+003,-1.339399e+002,-6.144079e+002, 5.246571e+001,-4.415058e+001,-3.193619e+002, 0.000000e+000, 0.000000e+000, 0.000000e+000
 3.654500e-001, 2.530543e+003,-2.831328e+003,-2.039656e+002,-5.446157e+002, 5.327803e+001,-4.670948e+001,-2.483433e+002, 0.000000e+000, 0.000000e+000, 0.000000e+000
 3.655000e-001, 2.559179e+003,-2.796196e+003,-2.619504e+002,-4.746446e+002, 5.409489e+001,-4.924892e+001,-1.766613e+002, 0.000000e+000, 0.000000e+000, 0.000000e+000
 3.655500e-001, 2.581093e+003,-2.757516e+003,-3.315594e+002,-4.045006e+002, 5.486111e+001,-5.178490e+001,-1.054756e+002, 0.000000e+000, 0.000000e+000, 0.000000e+000
 3.656000e-001, 2.608161e+003,-2.721200e+003,-3.896459e+002,-3.342262e+002, 5.562956e+001,-5.429547e+001,-3.368359e+001, 0.000000e+000, 0.000000e+000, 0.000000e+000
 3.656500e-001, 2.627995e+003,-2.679778e+003,-4.586085e+002,-2.638304e+002, 5.634642e+001,-5.680600e+001, 3.756928e+001, 0.000000e+000, 0.000000e+000, 0.000000e+000
 3.657000e-001, 2.653417e+003,-2.642305e+003,-5.168406e+002,-1.933526e+002, 5.706274e+001,-5.928549e+001, 1.093702e+002, 0.000000e+000, 0.000000e+000, 0.000000e+000
 3.657500e-001, 2.671185e+003,-2.598234e+003,-5.849397e+002,-1.228050e+002, 5.772717e+001,-6.176786e+001, 1.805901e+002, 0.000000e+000, 0.000000e+000, 0.000000e+000
 3.658000e-001, 2.694881e+003,-2.559617e+003,-6.433478e+002,-5.222400e+001, 5.838785e+001,-6.421402e+001, 2.522987e+002, 0.000000e+000, 0.000000e+000, 0.000000e+000
 3.658500e-001, 2.710600e+003,-2.513006e+003,-7.103828e+002, 1.837505e+001, 5.899700e+001,-6.666534e+001, 3.233851e+002, 0.000000e+000, 0.000000e+000, 0.000000e+000
 3.659000e-001, 2.732493e+003,-2.473246e+003,-7.689799e+002, 8.895912e+001, 5.959879e+001,-6.907585e+001, 3.949000e+002, 0.000000e+000, 0.000000e+000, 0.000000e+000
 3.659500e-001, 2.746183e+003,-2.424226e+003,-8.347706e+002, 1.595095e+002, 6.015004e+001,-7.149306e+001, 4.657525e+002, 0.000000e+000, 0.000000e+000, 0.000000e+000
 3.660000e-001, 2.766198e+003,-2.383311e+003,-8.935495e+002, 2.299966e+002, 6.068998e+001,-7.386550e+001, 5.369725e+002, 0.000000e+000, 0.000000e+000, 0.000000e+000
 3.660500e-001, 2.777883e+003,-2.332027e+003,-9.579388e+002, 3.003984e+002, 6.118101e+001,-7.624534e+001, 6.074907e+002, 0.000000e+000, 0.000000e+000, 0.000000e+000
 3.661000e-001, 2.795949e+003,-2.289935e+003,-1.016870e+003, 3.706886e+002, 6.165651e+001,-7.857720e+001, 6.783150e+002, 0.000000e+000, 0.000000e+000, 0.000000e+000
 3.661500e-001, 2.805653e+003,-2.236548e+003,-1.079725e+003, 4.408423e+002, 6.208527e+001,-8.091626e+001, 7.483987e+002, 0.000000e+000, 0.000000e+000, 0.000000e+000
 3.662000e-001, 2.821702e+003,-2.193247e+003,-1.138754e+003, 5.108362e+002, 6.249407e+001,-8.320491e+001, 8.187267e+002, 0.000000e+000, 0.000000e+000, 0.000000e+000
 3.662500e-001, 2.829452e+003,-2.137931e+003,-1.199971e+003, 5.806425e+002, 6.285886e+001,-8.549963e+001, 8.882759e+002, 0.000000e+000, 0.000000e+000, 0.000000e+000
 3.663000e-001, 2.843423e+003,-2.093383e+003,-1.259019e+003, 6.502412e+002, 6.319914e+001,-8.774231e+001, 9.580077e+002, 0.000000e+000, 0.000000e+000, 0.000000e+000
 3.663500e-001, 2.849245e+003,-2.036323e+003,-1.318518e+003, 7.196017e+002, 6.349860e+001,-8.998900e+001, 1.026923e+003, 0.000000e+000, 0.000000e+000, 0.000000e+000
 3.664000e-001, 2.861080e+003,-1.990482e+003,-1.377483e+003, 7.887068e+002, 6.376894e+001,-9.218282e+001, 1.095959e+003, 0.000000e+000, 0.000000e+000, 0.000000e+000
 3.664500e-001, 2.864999e+003,-1.931872e+003,-1.435212e+003, 8.575236e+002, 6.400207e+001,-9.437770e+001, 1.164142e+003, 0.000000e+000, 0.000000e+000, 0.000000e+000
 3.665000e-001, 2.874650e+003,-1.884691e+003,-1.493968e+003, 9.260377e+002, 6.420152e+001,-9.651962e+001, 1.232385e+003, 0.000000e+000, 0.000000e+000, 0.000000e+000
 3.665500e-001, 2.876692e+003,-1.824733e+003,-1.549898e+003, 9.942139e+002, 6.436768e+001,-9.865882e+001, 1.299737e+003, 0.000000e+000, 0.000000e+000, 0.000000e+000
 3.666000e-001, 2.884115e+003,-1.776162e+003,-1.608299e+003, 1.062040e+003, 6.449573e+001,-1.007457e+002, 1.367088e+003, 0.000000e+000, 0.000000e+000, 0.000000e+000
 3.666500e-001, 2.884302e+003,-1.715059e+003,-1.662425e+003, 1.129480e+003, 6.459470e+001,-1.028253e+002, 1.433513e+003, 0.000000e+000, 0.000000e+000, 0.000000e+000
 3.667000e-001, 2.889464e+003,-1.665052e+003,-1.720306e+003, 1.196523e+003, 6.465131e+001,-1.048537e+002, 1.499876e+003, 0.000000e+000, 0.000000e+000, 0.000000e+000
 3.667500e-001, 2.887818e+003,-1.603009e+003,-1.772643e+003, 1.263131e+003, 6.468321e+001,-1.068698e+002, 1.565278e+003, 0.000000e+000, 0.000000e+000, 0.000000e+000
 3.668000e-001, 2.890689e+003,-1.551520e+003,-1.829824e+003, 1.329297e+003, 6.466883e+001,-1.088364e+002, 1.630558e+003, 0.000000e+000, 0.000000e+000, 0.000000e+000
 3.668500e-001, 2.887232e+003,-1.488743e+003,-1.880401e+003, 1.394980e+003, 6.463419e+001,-1.107851e+002, 1.694842e+003, 0.000000e+000, 0.000000e+000, 0.000000e+000
 3.669000e-001, 2.887792e+003,-1.435734e+003,-1.936692e+003, 1.460175e+003, 6.454971e+001,-1.126863e+002, 1.758946e+003, 0.000000e+000, 0.000000e+000, 0.000000e+000
 3.669500e-001, 2.882541e+003,-1.372423e+003,-1.985554e+003, 1.524841e+003, 6.444942e+001,-1.145636e+002, 1.822018e+003, 0.000000e+000, 0.000000e+000, 0.000000e+000
 3.670000e-001, 2.880778e+003,-1.317864e+003,-2.040755e+003, 1.588973e+003, 6.429618e+001,-1.163958e+002, 1.884853e+003, 0.000000e+000, 0.000000e+000, 0.000000e+000
 3.670500e-001, 2.873751e+003,-1.254212e+003,-2.087954e+003, 1.652531e+003, 6.413151e+001,-1.181979e+002, 1.946622e+003, 0.000000e+000, 0.000000e+000, 0.000000e+000
 3.671000e-001, 2.869659e+003,-1.198084e+003,-2.141865e+003, 1.715511e+003, 6.391130e+001,-1.199574e+002, 2.008098e+003, 0.000000e+000, 0.000000e+000, 0.000000e+000
 3.671500e-001, 2.860871e+003,-1.134277e+003,-2.187457e+003, 1.777872e+003, 6.368385e+001,-1.216805e+002, 2.068474e+003, 0.000000e+000, 0.000000e+000, 0.000000e+000
 3.672000e-001, 2.854453e+003,-1.076571e+003,-2.239880e+003, 1.839611e+003, 6.339885e+001,-1.233634e+002, 2.128502e+003, 0.000000e+000, 0.000000e+000, 0.000000e+000
 3.672500e-001, 2.843918e+003,-1.012782e+003,-2.283922e+003, 1.900687e+003, 6.311056e+001,-1.250039e+002, 2.187396e+003, 0.000000e+000, 0.000000e+000, 0.000000e+000
 3.673000e-001, 2.835183e+003,-9.535057e+002,-2.334664e+003, 1.961098e+003, 6.276332e+001,-1.266064e+002, 2.245890e+003, 0.000000e+000, 0.000000e+000, 0.000000e+000
 3.673500e-001, 2.822914e+003,-8.898978e+002,-2.377208e+003, 2.020804e+003, 6.241645e+001,-1.281607e+002, 2.303217e+003, 0.000000e+000, 0.000000e+000, 0.000000e+000
 3.674000e-001, 2.811878e+003,-8.290721e+002,-2.426085e+003, 2.079802e+003, 6.200988e+001,-1.296791e+002, 2.360091e+003, 0.000000e+000, 0.000000e+000, 0.000000e+000
 3.674500e-001, 2.797888e+003,-7.657915e+002,-2.467177e+003, 2.138054e+003, 6.160691e+001,-1.311438e+002, 2.415768e+003, 0.000000e+000, 0.000000e+000, 0.000000e+000
 3.675000e-001, 2.784572e+003,-7.034559e+002,-2.514020e+003, 2.195557e+003, 6.114421e+001,-1.325742e+002, 2.470940e+003, 0.000000e+000, 0.000000e+000, 0.000000e+000
 3.675500e-001, 2.768874e+003,-6.406334e+002,-2.553697e+003, 2.252273e+003, 6.068792e+001,-1.339461e+002, 2.524884e+003, 0.000000e+000, 0.000000e+000, 0.000000e+000
 3.676000e-001, 2.753305e+003,-5.768448e+002,-2.598352e+003, 2.308201e+003, 6.017255e+001,-1.352849e+002, 2.578274e+003, 0.000000e+000, 0.000000e+000, 0.000000e+000
 3.676500e-001, 2.735913e+003,-5.145942e+002,-2.636635e+003, 2.363301e+003, 5.966589e+001,-1.365607e+002, 2.630406e+003, 0.000000e+000, 0.000000e+000, 0.000000e+000
 3.677000e-001, 2.718124e+003,-4.494280e+002,-2.678969e+003, 2.417574e+003, 5.910151e+001,-1.378043e+002, 2.681938e+003, 0.000000e+000, 0.000000e+000, 0.000000e+000
 3.677500e-001, 2.699050e+003,-3.878451e+002,-2.715866e+003, 2.470982e+003, 5.854761e+001,-1.389812e+002, 2.732180e+003, 0.000000e+000, 0.000000e+000, 0.000000e+000
 3.678000e-001, 2.679078e+003,-3.213960e+002,-2.755765e+003, 2.523525e+003, 5.793806e+001,-1.401261e+002, 2.781778e+003, 0.000000e+000, 0.000000e+000, 0.000000e+000
 3.678500e-001, 2.658338e+003,-2.605580e+002,-2.791269e+003, 2.575166e+003, 5.734018e+001,-1.412013e+002, 2.830059e+003, 0.000000e+000, 0.000000e+000, 0.000000e+000
 3.679000e-001, 2.636226e+003,-1.929397e+002,-2.828640e+003, 2.625903e+003, 5.668940e+001,-1.422441e+002, 2.877651e+003, 0.000000e+000, 0.000000e+000, 0.000000e+000
 3.679500e-001, 2.613835e+003,-1.329053e+002,-2.862724e+003, 2.675704e+003, 5.605089e+001,-1.432151e+002, 2.923898e+003, 0.000000e+000, 0.000000e+000, 0.000000e+000
 3.680000e-001, 2.589628e+003,-6.425033e+001,-2.897499e+003, 2.724566e+003, 5.536287e+001,-1.441527e+002, 2.969415e+003, 0.000000e+000, 0.000000e+000, 0.000000e+000
 3.680500e-001, 2.565604e+003,-5.059704e+000,-2.930123e+003, 2.772458e+003, 5.468713e+001,-1.450171e+002, 3.013561e+003, 0.000000e+000, 0.000000e+000, 0.000000e+000
 3.681000e-001, 2.539352e+003, 6.448112e+001,-2.962254e+003, 2.819375e+003, 5.396590e+001,-1.458465e+002, 3.056937e+003, 0.000000e+000, 0.000000e+000, 0.000000e+000
 3.681500e-001, 2.513713e+003, 1.228058e+002,-2.993358e+003, 2.865290e+003, 5.325631e+001,-1.466021e+002, 3.098917e+003, 0.000000e+000, 0.000000e+000, 0.000000e+000
 3.682000e-001, 2.485470e+003, 1.930643e+002,-3.022821e+003, 2.910197e+003, 5.250583e+001,-1.473208e+002, 3.140088e+003, 0.000000e+000, 0.000000e+000, 0.000000e+000
 3.682500e-001, 2.458237e+003, 2.505181e+002,-3.052333e+003, 2.954070e+003, 5.176580e+001,-1.479656e+002, 3.179840e+003, 0.000000e+000, 0.000000e+000, 0.000000e+000
 3.683000e-001, 2.428060e+003, 3.213098e+002,-3.079120e+003, 2.996904e+003, 5.098994e+001,-1.485711e+002, 3.218748e+003, 0.000000e+000, 0.000000e+000, 0.000000e+000
 3.683500e-001, 2.399256e+003, 3.779037e+002,-3.106955e+003, 3.038673e+003, 5.022276e+001,-1.491034e+002, 3.256214e+003, 0.000000e+000, 0.000000e+000, 0.000000e+000
 3.684000e-001, 2.367204e+003, 4.490296e+002,-3.131079e+003, 3.079373e+003, 4.942528e+001,-1.495936e+002, 3.292802e+003, 0.000000e+000, 0.000000e+000, 0.000000e+000
 3.684500e-001, 2.336854e+003, 5.047893e+002,-3.157138e+003, 3.118979e+003, 4.863416e+001,-1.500118e+002, 3.327927e+003, 0.000000e+000, 0.000000e+000, 0.000000e+000
 3.685000e-001, 2.302989e+003, 5.760377e+002,-3.178628e+003, 3.157489e+003, 4.781860e+001,-1.503848e+002, 3.362143e+003, 0.000000e+000, 0.000000e+000, 0.000000e+000
 3.685500e-001, 2.271120e+003, 6.310016e+002,-3.202807e+003, 3.194877e+003, 4.700662e+001,-1.506876e+002, 3.394875e+003, 0.000000e+000, 0.000000e+000, 0.000000e+000
 3.686000e-001, 2.235507e+003, 7.021501e+002,-3.221703e+003, 3.231140e+003, 4.617634e+001,-1.509420e+002, 3.426669e+003, 0.000000e+000, 0.000000e+000, 0.000000e+000
 3.686500e-001, 2.202150e+003, 7.563676e+002,-3.243891e+003, 3.266257e+003, 4.534641e+001,-1.511283e+002, 3.456961e+003, 0.000000e+000, 0.000000e+000, 0.000000e+000
 3.687000e-001, 2.164855e+003, 8.271854e+002,-3.260246e+003, 3.300223e+003, 4.450449e+001,-1.512629e+002, 3.486288e+003, 0.000000e+000, 0.000000e+000, 0.000000e+000
 3.687500e-001, 2.130042e+003, 8.807144e+002,-3.280329e+003, 3.333019e+003, 4.365934e+001,-1.513318e+002, 3.514096e+003, 0.000000e+000, 0.000000e+000, 0.000000e+000
 3.688000e-001, 2.091134e+003, 9.509649e+002,-3.294202e+003, 3.364639e+003, 4.280859e+001,-1.513458e+002, 3.540913e+003, 0.000000e+000, 0.000000e+000, 0.000000e+000
 3.688500e-001, 2.054901e+003, 1.003869e+003,-3.312067e+003, 3.395068e+003, 4.195074e+001,-1.512967e+002, 3.566198e+003, 0.000000e+000, 0.000000e+000, 0.000000e+000
 3.689000e-001, 2.014449e+003, 1.073313e+003,-3.323524e+003, 3.424298e+003, 4.109366e+001,-1.511895e+002, 3.590467e+003, 0.000000e+000, 0.000000e+000, 0.000000e+000
 3.689500e-001, 1.976835e+003, 1.125661e+003,-3.339059e+003, 3.452315e+003, 4.022541e+001,-1.510222e+002, 3.613191e+003, 0.000000e+000, 0.000000e+000, 0.000000e+000
 3.690000e-001, 1.934911e+003, 1.194058e+003,-3.348167e+003, 3.479113e+003, 3.936417e+001,-1.507936e+002, 3.634879e+003, 0.000000e+000, 0.000000e+000, 0.000000e+000
 3.690500e-001, 1.895955e+003, 1.245918e+003,-3.361267e+003, 3.504678e+003, 3.848759e+001,-1.505078e+002, 3.655009e+003, 0.000000e+000, 0.000000e+000, 0.000000e+000
 3.691000e-001, 1.852632e+003, 1.313031e+003,-3.368093e+003, 3.529005e+003, 3.762401e+001,-1.501581e+002, 3.674086e+003, 0.000000e+000, 0.000000e+000, 0.000000e+000
 3.691500e-001, 1.812379e+003, 1.364469e+003,-3.378661e+003, 3.552083e+003, 3.674091e+001,-1.497541e+002, 3.691594e+003, 0.000000e+000, 0.000000e+000, 0.000000e+000
 3.692000e-001, 1.767730e+003, 1.430069e+003,-3.383271e+003, 3.573904e+003, 3.587650e+001,-1.492838e+002, 3.708034e+003, 0.000000e+000, 0.000000e+000, 0.000000e+000
 3.692500e-001, 1.726227e+003, 1.481147e+003,-3.391218e+003, 3.594460e+003, 3.498845e+001,-1.487619e+002, 3.722895e+003, 0.000000e+000, 0.000000e+000, 0.000000e+000
 3.693000e-001, 1.680326e+003, 1.545009e+003,-3.393673e+003, 3.613744e+003, 3.412435e+001,-1.481718e+002, 3.736675e+003, 0.000000e+000, 0.000000e+000, 0.000000e+000
 3.693500e-001, 1.637622e+003, 1.595782e+003,-3.398925e+003, 3.631748e+003, 3.323267e+001,-1.475329e+002, 3.748869e+003, 0.000000e+000, 0.000000e+000, 0.000000e+000
 3.694000e-001, 1.590545e+003, 1.657698e+003,-3.399280e+003, 3.648466e+003, 3.236967e+001,-1.468243e+002, 3.759970e+003, 0.000000e+000, 0.000000e+000, 0.000000e+000
 3.694500e-001, 1.546694e+003, 1.708208e+003,-3.401773e+003, 3.663892e+003, 3.147544e+001,-1.460693e+002, 3.769480e+003, 0.000000e+000, 0.000000e+000, 0.000000e+000
 3.695000e-001, 1.498513e+003, 1.767981e+003,-3.400078e+003, 3.678020e+003, 3.061402e+001,-1.452437e+002, 3.777890e+003, 0.000000e+000, 0.000000e+000, 0.000000e+000
 3.695500e-001, 1.453572e+003, 1.818261e+003,-3.399763e+003, 3.690844e+003, 2.971807e+001,-1.443739e+002, 3.784703e+003, 0.000000e+000, 0.000000e+000, 0.000000e+000
 3.696000e-001, 1.404363e+003, 1.875714e+003,-3.396059e+003, 3.702361e+003, 2.885838e+001,-1.434331e+002, 3.790410e+003, 0.000000e+000, 0.000000e+000, 0.000000e+000
 3.696500e-001, 1.358390e+003, 1.925778e+003,-3.392902e+003, 3.712565e+003, 2.796132e+001,-1.424502e+002, 3.794517e+003, 0.000000e+000, 0.000000e+000, 0.000000e+000
 3.697000e-001, 1.308227e+003, 1.980752e+003,-3.387222e+003, 3.721453e+003, 2.710321e+001,-1.413963e+002, 3.797516e+003, 0.000000e+000, 0.000000e+000, 0.000000e+000
 3.697500e-001, 1.261285e+003, 2.030600e+003,-3.381205e+003, 3.729021e+003, 2.620544e+001,-1.403021e+002, 3.798913e+003, 0.000000e+000, 0.000000e+000, 0.000000e+000
 3.698000e-001, 1.210242e+003, 2.082957e+003,-3.373573e+003, 3.735266e+003, 2.534851e+001,-1.391376e+002, 3.799202e+003, 0.000000e+000, 0.000000e+000, 0.000000e+000
 3.698500e-001, 1.162397e+003, 2.132569e+003,-3.364691e+003, 3.740186e+003, 2.445021e+001,-1.379344e+002, 3.797888e+003, 0.000000e+000, 0.000000e+000, 0.000000e+000
 3.699000e-001, 1.110547e+003, 2.182197e+003,-3.355126e+003, 3.743778e+003, 2.359379e+001,-1.366619e+002, 3.795468e+003, 0.000000e+000, 0.000000e+000, 0.000000e+000
 3.699500e-001, 1.061867e+003, 2.231532e+003,-3.343390e+003, 3.746042e+003, 2.269497e+001,-1.353521e+002, 3.791447e+003, 0.000000e+000, 0.000000e+000, 0.000000e+000
 3.700000e-001, 1.009283e+003, 2.278342e+003,-3.331901e+003, 3.746974e+003, 2.183820e+001,-1.339747e+002, 3.786324e+003, 0.000000e+000, 0.000000e+000, 0.000000e+000
 3.700500e-001, 9.598397e+002, 2.327338e+003,-3.317336e+003, 3.746577e+003, 2.093869e+001,-1.325610e+002, 3.779604e+003, 0.000000e+000, 0.000000e+000, 0.000000e+000
 3.701000e-001, 9.065936e+002, 2.371267e+003,-3.303924e+003, 3.744847e+003, 2.008052e+001,-1.310819e+002, 3.771788e+003, 0.000000e+000, 0.000000e+000, 0.000000e+000
 3.701500e-001, 8.564595e+002, 2.419842e+003,-3.286569e+003, 3.741788e+003, 1.918002e+001,-1.295673e+002, 3.762378e+003, 0.000000e+000, 0.000000e+000, 0.000000e+000
 3.702000e-001, 8.026251e+002, 2.460854e+003,-3.271231e+003, 3.737398e+003, 1.831927e+001,-1.279900e+002, 3.751883e+003, 0.000000e+000, 0.000000e+000, 0.000000e+000
 3.702500e-001, 7.518741e+002, 2.508902e+003,-3.251136e+003, 3.731679e+003, 1.741733e+001,-1.263779e+002, 3.739799e+003, 0.000000e+000, 0.000000e+000, 0.000000e+000
 3.703000e-001, 6.975246e+002, 2.546985e+003,-3.233863e+003, 3.724633e+003, 1.655272e+001,-1.247059e+002, 3.726643e+003, 0.000000e+000, 0.000000e+000, 0.000000e+000
 3.703500e-001, 6.462321e+002, 2.594380e+003,-3.211092e+003, 3.716263e+003, 1.564879e+001,-1.229998e+002, 3.711904e+003, 0.000000e+000, 0.000000e+000, 0.000000e+000
 3.704000e-001, 5.914412e+002, 2.629552e+003,-3.191870e+003, 3.706569e+003, 1.477895e+001,-1.212372e+002, 3.696108e+003, 0.000000e+000, 0.000000e+000, 0.000000e+000
 3.704500e-001, 5.396831e+002, 2.676146e+003,-3.166495e+003, 3.695557e+003, 1.387240e+001,-1.194407e+002, 3.678736e+003, 0.000000e+000, 0.000000e+000, 0.000000e+000
 3.705000e-001, 4.845255e+002, 2.708445e+003,-3.145307e+003, 3.683228e+003, 1.299595e+001,-1.175914e+002, 3.660325e+003, 0.000000e+000, 0.000000e+000, 0.000000e+000
 3.705500e-001, 4.323777e+002, 2.754075e+003,-3.117411e+003, 3.669589e+003, 1.208608e+001,-1.157086e+002, 3.640347e+003, 0.000000e+000, 0.000000e+000, 0.000000e+000
 3.706000e-001, 3.769295e+002, 2.783563e+003,-3.094238e+003, 3.654642e+003, 1.120165e+001,-1.137768e+002, 3.619349e+003, 0.000000e+000, 0.000000e+000, 0.000000e+000
 3.706500e-001, 3.244673e+002, 2.828046e+003,-3.063913e+003, 3.638394e+003, 1.028771e+001,-1.118117e+002, 3.596795e+003, 0.000000e+000, 0.000000e+000, 0.000000e+000
 3.707000e-001, 2.688062e+002, 2.854808e+003,-3.038733e+003, 3.620848e+003, 9.393959e+000,-1.098018e+002, 3.573243e+003, 0.000000e+000, 0.000000e+000, 0.000000e+000
 3.707500e-001, 2.161034e+002, 2.897948e+003,-3.006078e+003, 3.602012e+003, 8.475189e+000,-1.077587e+002, 3.548146e+003, 0.000000e+000, 0.000000e+000, 0.000000e+000
 3.708000e-001, 1.603092e+002, 2.922084e+003,-2.978870e+003, 3.581892e+003, 7.570868e+000,-1.056751e+002, 3.522076e+003, 0.000000e+000, 0.000000e+000, 0.000000e+000
 3.708500e-001, 1.074382e+002, 2.963673e+003,-2.943989e+003, 3.560496e+003, 6.646489e+000,-1.035584e+002, 3.494474e+003, 0.000000e+000, 0.000000e+000, 0.000000e+000
 3.709000e-001, 5.159307e+001, 2.985301e+003,-2.914732e+003, 3.537828e+003, 5.730461e+000,-1.014056e+002, 3.465925e+003, 0.000000e+000, 0.000000e+000, 0.000000e+000
 3.709500e-001,-1.376067e+000, 3.025125e+003,-2.877736e+003, 3.513900e+003, 4.799716e+000,-9.921972e+001, 3.435857e+003, 0.000000e+000, 0.000000e+000, 0.000000e+000
 3.710000e-001,-5.718756e+001, 3.044374e+003,-2.846411e+003, 3.488717e+003, 3.870986e+000,-9.700227e+001, 3.404871e+003, 0.000000e+000, 0.000000e+000, 0.000000e+000
 3.710500e-001,-1.101872e+002, 3.082210e+003,-2.807412e+003, 3.462291e+003, 2.933154e+000,-9.475186e+001, 3.372382e+003, 0.000000e+000, 0.000000e+000, 0.000000e+000
 3.711000e-001,-1.658779e+002, 3.099219e+003,-2.774004e+003, 3.434628e+003, 1.990897e+000,-9.247433e+001, 3.339005e+003, 0.000000e+000, 0.000000e+000, 0.000000e+000
 3.711500e-001,-2.188430e+002, 3.134848e+003,-2.733119e+003, 3.405740e+003, 1.045317e+000,-9.016399e+001, 3.304142e+003, 0.000000e+000, 0.000000e+000, 0.000000e+000
 3.712000e-001,-2.743233e+002, 3.149757e+003,-2.697616e+003, 3.375635e+003, 8.890276e-002,-8.783097e+001, 3.268424e+003, 0.000000e+000, 0.000000e+000, 0.000000e+000
 3.712500e-001,-3.271917e+002, 3.182961e+003,-2.654961e+003, 3.344328e+003,-8.650109e-001,-8.546531e+001, 3.231236e+003, 0.000000e+000, 0.000000e+000, 0.000000e+000
 3.713000e-001,-3.823698e+002, 3.195917e+003,-2.617356e+003, 3.311823e+003,-1.835995e+000,-8.308134e+001, 3.193228e+003, 0.000000e+000, 0.000000e+000, 0.000000e+000
 3.713500e-001,-4.350818e+002, 3.226483e+003,-2.573049e+003, 3.278140e+003,-2.798730e+000,-8.066499e+001, 3.153769e+003, 0.000000e+000, 0.000000e+000, 0.000000e+000
 3.714000e-001,-4.898637e+002, 3.237626e+003,-2.533341e+003, 3.243282e+003,-3.784462e+000,-7.823454e+001, 3.113527e+003, 0.000000e+000, 0.000000e+000, 0.000000e+000
 3.714500e-001,-5.423623e+002, 3.265354e+003,-2.487498e+003, 3.207270e+003,-4.756387e+000,-7.577210e+001, 3.071854e+003, 0.000000e+000, 0.000000e+000, 0.000000e+000
 3.715000e-001,-5.966528e+002, 3.274820e+003,-2.445694e+003, 3.170109e+003,-5.756793e+000,-7.329956e+001, 3.029434e+003, 0.000000e+000, 0.000000e+000, 0.000000e+000
 3.715500e-001,-6.488829e+002, 3.299524e+003,-2.398429e+003, 3.131820e+003,-6.738142e+000,-7.079558e+001, 2.985607e+003, 0.000000e+000, 0.000000e+000, 0.000000e+000
 3.716000e-001,-7.025859e+002, 3.307438e+003,-2.354544e+003, 3.092408e+003,-7.752884e+000,-6.828523e+001, 2.941071e+003, 0.000000e+000, 0.000000e+000, 0.000000e+000
 3.716500e-001,-7.544938e+002, 3.328949e+003,-2.305965e+003, 3.051898e+003,-8.743732e+000,-6.574415e+001, 2.895151e+003, 0.000000e+000, 0.000000e+000, 0.000000e+000
 3.717000e-001,-8.075135e+002, 3.335426e+003,-2.260025e+003, 3.010292e+003,-9.772204e+000,-6.320016e+001, 2.848563e+003, 0.000000e+000, 0.000000e+000, 0.000000e+000
 3.717500e-001,-8.590464e+002, 3.353596e+003,-2.210236e+003, 2.967617e+003,-1.077245e+001,-6.062634e+001, 2.800615e+003, 0.000000e+000, 0.000000e+000, 0.000000e+000
 3.718000e-001,-9.112875e+002, 3.358730e+003,-2.162275e+003, 2.923876e+003,-1.181377e+001,-5.805269e+001, 2.752040e+003, 0.000000e+000, 0.000000e+000, 0.000000e+000
 3.718500e-001,-9.623929e+002, 3.373437e+003,-2.111375e+003, 2.879098e+003,-1.282313e+001,-5.545037e+001, 2.702132e+003, 0.000000e+000, 0.000000e+000, 0.000000e+000
 3.719000e-001,-1.013762e+003, 3.377308e+003,-2.061441e+003, 2.833286e+003,-1.387612e+001,-5.285091e+001, 2.651640e+003, 0.000000e+000, 0.000000e+000, 0.000000e+000
 3.719500e-001,-1.064387e+003, 3.388453e+003,-2.009520e+003, 2.786470e+003,-1.489409e+001,-5.022418e+001, 2.599842e+003, 0.000000e+000, 0.000000e+000, 0.000000e+000
 3.720000e-001,-1.114794e+003, 3.391118e+003,-1.957672e+003, 2.738652e+003,-1.595732e+001,-4.760258e+001, 2.547503e+003, 0.000000e+000, 0.000000e+000, 0.000000e+000
 3.720500e-001,-1.164883e+003, 3.398633e+003,-1.904811e+003, 2.689865e+003,-1.698317e+001,-4.495538e+001, 2.493888e+003, 0.000000e+000, 0.000000e+000, 0.000000e+000
 3.721000e-001,-1.214241e+003, 3.400129e+003,-1.851121e+003, 2.640110e+003,-1.805492e+001,-4.231512e+001, 2.439777e+003, 0.000000e+000, 0.000000e+000, 0.000000e+000
 3.721500e-001,-1.263738e+003, 3.403972e+003,-1.797394e+003, 2.589422e+003,-1.908768e+001,-3.965123e+001, 2.384420e+003, 0.000000e+000, 0.000000e+000, 0.000000e+000
 3.722000e-001,-1.311965e+003, 3.404312e+003,-1.741948e+003, 2.537802e+003,-2.016598e+001,-3.699560e+001, 2.328611e+003, 0.000000e+000, 0.000000e+000, 0.000000e+000
 3.722500e-001,-1.360810e+003, 3.404474e+003,-1.687417e+003, 2.485287e+003,-2.120442e+001,-3.431860e+001, 2.271590e+003, 0.000000e+000, 0.000000e+000, 0.000000e+000
 3.723000e-001,-1.407830e+003, 3.403648e+003,-1.630313e+003, 2.431877e+003,-2.228702e+001,-3.165073e+001, 2.214162e+003, 0.000000e+000, 0.000000e+000, 0.000000e+000
 3.723500e-001,-1.455960e+003, 3.400147e+003,-1.575033e+003, 2.377610e+003,-2.332967e+001,-2.896404e+001, 2.155556e+003, 0.000000e+000, 0.000000e+000, 0.000000e+000
 3.724000e-001,-1.501701e+003, 3.398125e+003,-1.516384e+003, 2.322486e+003,-2.441410e+001,-2.628687e+001, 2.096589e+003, 0.000000e+000, 0.000000e+000, 0.000000e+000
 3.724500e-001,-1.549049e+003, 3.391010e+003,-1.460398e+003, 2.266545e+003,-2.545920e+001,-2.359371e+001, 2.036480e+003, 0.000000e+000, 0.000000e+000, 0.000000e+000
 3.725000e-001,-1.593449e+003, 3.387736e+003,-1.400327e+003, 2.209789e+003,-2.654276e+001,-2.091001e+001, 1.976057e+003, 0.000000e+000, 0.000000e+000, 0.000000e+000
 3.725500e-001,-1.639945e+003, 3.377082e+003,-1.343671e+003, 2.152254e+003,-2.758829e+001,-1.821342e+001, 1.914529e+003, 0.000000e+000, 0.000000e+000, 0.000000e+000
 3.726000e-001,-1.682946e+003, 3.372484e+003,-1.282314e+003, 2.093946e+003,-2.866806e+001,-1.552580e+001, 1.852733e+003, 0.000000e+000, 0.000000e+000, 0.000000e+000
 3.726500e-001,-1.728514e+003, 3.358393e+003,-1.225015e+003, 2.034902e+003,-2.971173e+001,-1.282862e+001, 1.789871e+003, 0.000000e+000, 0.000000e+000, 0.000000e+000
 3.727000e-001,-1.770068e+003, 3.352379e+003,-1.162518e+003, 1.975127e+003,-3.078461e+001,-1.013958e+001, 1.726789e+003, 0.000000e+000, 0.000000e+000, 0.000000e+000
 3.727500e-001,-1.814629e+003, 3.334976e+003,-1.104596e+003, 1.914658e+003,-3.182386e+001,-7.444481e+000, 1.662681e+003, 0.000000e+000, 0.000000e+000, 0.000000e+000
 3.728000e-001,-1.854692e+003, 3.327440e+003,-1.041114e+003, 1.853501e+003,-3.288657e+001,-4.756383e+000, 1.598400e+003, 0.000000e+000, 0.000000e+000, 0.000000e+000
 3.728500e-001,-1.898164e+003, 3.306872e+003,-9.825830e+002, 1.791694e+003,-3.391859e+001,-2.065867e+000, 1.533136e+003, 0.000000e+000, 0.000000e+000, 0.000000e+000
 3.729000e-001,-1.936701e+003, 3.297694e+003,-9.182764e+002, 1.729245e+003,-3.496774e+001, 6.190183e-001, 1.467746e+003, 0.000000e+000, 0.000000e+000, 0.000000e+000
 3.729500e-001,-1.978999e+003, 3.274123e+003,-8.591488e+002, 1.666190e+003,-3.598947e+001, 3.302604e+000, 1.401415e+003, 0.000000e+000, 0.000000e+000, 0.000000e+000
 3.730000e-001,-2.015980e+003, 3.263177e+003,-7.941830e+002, 1.602538e+003,-3.702152e+001, 5.982078e+000, 1.335007e+003, 0.000000e+000, 0.000000e+000, 0.000000e+000
 3.730500e-001,-2.057015e+003, 3.236780e+003,-7.344685e+002, 1.538324e+003,-3.802969e+001, 8.656527e+000, 1.267703e+003, 0.000000e+000, 0.000000e+000, 0.000000e+000
 3.731000e-001,-2.092418e+003, 3.223932e+003,-6.690106e+002, 1.473561e+003,-3.904103e+001, 1.132844e+001, 1.200368e+003, 0.000000e+000, 0.000000e+000, 0.000000e+000
 3.731500e-001,-2.132101e+003, 3.194898e+003,-6.087202e+002, 1.408281e+003,-4.003215e+001, 1.399166e+001, 1.132185e+003, 0.000000e+000, 0.000000e+000, 0.000000e+000
 3.732000e-001,-2.165906e+003, 3.180013e+003,-5.429365e+002, 1.342500e+003,-4.101912e+001, 1.665388e+001, 1.064018e+003, 0.000000e+000, 0.000000e+000, 0.000000e+000
 3.732500e-001,-2.204147e+003, 3.148535e+003,-4.820844e+002, 1.276248e+003,-4.198954e+001, 1.930388e+001, 9.950494e+002, 0.000000e+000, 0.000000e+000, 0.000000e+000
 3.733000e-001,-2.236340e+003, 3.131482e+003,-4.161380e+002, 1.209544e+003,-4.294845e+001, 2.195429e+001, 9.261451e+002, 0.000000e+000, 0.000000e+000, 0.000000e+000
 3.733500e-001,-2.273051e+003, 3.097756e+003,-3.547437e+002, 1.142415e+003,-4.389439e+001, 2.458914e+001, 8.564885e+002, 0.000000e+000, 0.000000e+000, 0.000000e+000
 3.734000e-001,-2.303620e+003, 3.078408e+003,-2.887920e+002, 1.074883e+003,-4.482153e+001, 2.722559e+001, 7.869430e+002, 0.000000e+000, 0.000000e+000, 0.000000e+000
 3.734500e-001,-2.338713e+003, 3.042630e+003,-2.268829e+002, 1.006973e+003,-4.573910e+001, 2.984342e+001, 7.166951e+002, 0.000000e+000, 0.000000e+000, 0.000000e+000
 3.735000e-001,-2.367649e+003, 3.020870e+003,-1.610749e+002, 9.387094e+002,-4.663082e+001, 3.246372e+001, 6.466055e+002, 0.000000e+000, 0.000000e+000, 0.000000e+000
 3.735500e-001,-2.401040e+003, 2.983230e+003,-9.868797e+001, 8.701154e+002,-4.751607e+001, 3.506266e+001, 5.758645e+002, 0.000000e+000, 0.000000e+000, 0.000000e+000
 3.736000e-001,-2.428334e+003, 2.958955e+003,-3.316257e+001, 8.012185e+002,-4.836879e+001, 3.766456e+001, 5.053289e+002, 0.000000e+000, 0.000000e+000, 0.000000e+000
 3.736500e-001,-2.459942e+003, 2.919635e+003, 2.965368e+001, 7.320389e+002,-4.921774e+001, 4.024274e+001, 4.341938e+002, 0.000000e+000, 0.000000e+000, 0.000000e+000
 3.737000e-001,-2.485588e+003, 2.892756e+003, 9.476967e+001, 6.626068e+002,-5.002797e+001, 4.282393e+001, 3.633109e+002, 0.000000e+000, 0.000000e+000, 0.000000e+000
 3.737500e-001,-2.515338e+003, 2.851929e+003, 1.579541e+002, 5.929403e+002,-5.083669e+001, 4.537942e+001, 2.918815e+002, 0.000000e+000, 0.000000e+000, 0.000000e+000
 3.738000e-001,-2.539325e+003, 2.822376e+003, 2.225473e+002, 5.230720e+002,-5.160107e+001, 4.793747e+001, 2.207507e+002, 0.000000e+000, 0.000000e+000, 0.000000e+000
 3.738500e-001,-2.567149e+003, 2.780199e+003, 2.860253e+002, 4.530179e+002,-5.236570e+001, 5.046830e+001, 1.491271e+002, 0.000000e+000, 0.000000e+000, 0.000000e+000
 3.739000e-001,-2.589468e+003, 2.747924e+003, 3.499966e+002, 3.828129e+002,-5.308104e+001, 5.300071e+001, 7.784842e+001, 0.000000e+000, 0.000000e+000, 0.000000e+000
 3.739500e-001,-2.615303e+003, 2.704541e+003, 4.136792e+002, 3.124711e+002,-5.379784e+001, 5.550480e+001, 6.131398e+000, 0.000000e+000, 0.000000e+000, 0.000000e+000
 3.740000e-001,-2.635940e+003, 2.669516e+003, 4.769444e+002, 2.420290e+002,-5.446114e+001, 5.800894e+001,-6.519482e+001, 0.000000e+000, 0.000000e+000, 0.000000e+000
 3.740500e-001,-2.659732e+003, 2.625052e+003, 5.407286e+002, 1.714997e+002,-5.512654e+001, 6.048409e+001,-1.369044e+002, 0.000000e+000, 0.000000e+000, 0.000000e+000
 3.741000e-001,-2.678675e+003, 2.587273e+003, 6.032183e+002, 1.009206e+002,-5.573503e+001, 6.295723e+001,-2.081775e+002, 0.000000e+000, 0.000000e+000, 0.000000e+000
 3.741500e-001,-2.700375e+003, 2.541837e+003, 6.669878e+002, 3.030391e+001,-5.634567e+001, 6.540111e+001,-2.797785e+002, 0.000000e+000, 0.000000e+000, 0.000000e+000
 3.742000e-001,-2.717606e+003, 2.501324e+003, 7.286464e+002,-4.031200e+001,-5.689684e+001, 6.784042e+001,-3.508976e+002, 0.000000e+000, 0.000000e+000, 0.000000e+000
 3.742500e-001,-2.737176e+003, 2.455007e+003, 7.922724e+002,-1.109158e+002,-5.744964e+001, 7.025054e+001,-4.222889e+002, 0.000000e+000, 0.000000e+000, 0.000000e+000
 3.743000e-001,-2.752676e+003, 2.411802e+003, 8.530577e+002,-1.814686e+002,-5.794124e+001, 7.265305e+001,-4.931534e+002, 0.000000e+000, 0.000000e+000, 0.000000e+000
 3.743500e-001,-2.770085e+003, 2.364675e+003, 9.164005e+002,-2.519594e+002,-5.843342e+001, 7.502678e+001,-5.642339e+002, 0.000000e+000, 0.000000e+000, 0.000000e+000
 3.744000e-001,-2.783831e+003, 2.318845e+003, 9.762817e+002,-3.223491e+002,-5.886351e+001, 7.738941e+001,-6.347430e+002, 0.000000e+000, 0.000000e+000, 0.000000e+000
 3.744500e-001,-2.799055e+003, 2.270964e+003, 1.039193e+003,-3.926270e+002,-5.929263e+001, 7.972392e+001,-7.054122e+002, 0.000000e+000, 0.000000e+000, 0.000000e+000
 3.745000e-001,-2.811025e+003, 2.222597e+003, 1.098149e+003,-4.627542e+002,-5.965960e+001, 8.204353e+001,-7.754654e+002, 0.000000e+000, 0.000000e+000, 0.000000e+000
 3.745500e-001,-2.824048e+003, 2.174000e+003, 1.160472e+003,-5.327198e+002,-6.002358e+001, 8.433582e+001,-8.456227e+002, 0.000000e+000, 0.000000e+000, 0.000000e+000
 3.746000e-001,-2.834215e+003, 2.123204e+003, 1.218490e+003,-6.024855e+002,-6.032616e+001, 8.660912e+001,-9.151202e+002, 0.000000e+000, 0.000000e+000, 0.000000e+000
 3.746500e-001,-2.845028e+003, 2.073914e+003, 1.280066e+003,-6.720399e+002,-6.062336e+001, 8.885602e+001,-9.846660e+002, 0.000000e+000, 0.000000e+000, 0.000000e+000
 3.747000e-001,-2.853368e+003, 2.020818e+003, 1.337138e+003,-7.413455e+002,-6.086063e+001, 9.107966e+001,-1.053508e+003, 0.000000e+000, 0.000000e+000, 0.000000e+000
 3.747500e-001,-2.861968e+003, 1.970844e+003, 1.397804e+003,-8.103904e+002,-6.108980e+001, 9.327784e+001,-1.122343e+003, 0.000000e+000, 0.000000e+000, 0.000000e+000
 3.748000e-001,-2.868452e+003, 1.915594e+003, 1.453925e+003,-8.791382e+002,-6.126121e+001, 9.544839e+001,-1.190432e+003, 0.000000e+000, 0.000000e+000, 0.000000e+000
 3.748500e-001,-2.874843e+003, 1.864933e+003, 1.513522e+003,-9.475763e+002,-6.142157e+001, 9.759436e+001,-1.258458e+003, 0.000000e+000, 0.000000e+000, 0.000000e+000
 3.749000e-001,-2.879447e+003, 1.807688e+003, 1.568687e+003,-1.015669e+003,-6.152696e+001, 9.970834e+001,-1.325694e+003, 0.000000e+000, 0.000000e+000, 0.000000e+000
 3.749500e-001,-2.883635e+003, 1.756329e+003, 1.627056e+003,-1.083404e+003,-6.161818e+001, 1.017984e+002,-1.392814e+003, 0.000000e+000, 0.000000e+000, 0.000000e+000
 3.750000e-001,-2.886335e+003, 1.697260e+003, 1.681259e+003,-1.150747e+003,-6.165773e+001, 1.038523e+002,-1.459102e+003, 0.000000e+000, 0.000000e+000, 0.000000e+000
 3.750500e-001,-2.888331e+003, 1.645184e+003, 1.738250e+003,-1.217683e+003,-6.167994e+001, 1.058828e+002,-1.525219e+003, 0.000000e+000, 0.000000e+000, 0.000000e+000
 3.751000e-001,-2.889106e+003, 1.584473e+003, 1.791479e+003,-1.284180e+003,-6.165424e+001, 1.078729e+002,-1.590463e+003, 0.000000e+000, 0.000000e+000, 0.000000e+000
 3.751500e-001,-2.888926e+003, 1.531656e+003, 1.846950e+003,-1.350223e+003,-6.160802e+001, 1.098400e+002,-1.655482e+003, 0.000000e+000, 0.000000e+000, 0.000000e+000
 3.752000e-001,-2.887755e+003, 1.469493e+003, 1.899189e+003,-1.415781e+003,-6.151802e+001, 1.117628e+002,-1.719588e+003, 0.000000e+000, 0.000000e+000, 0.000000e+000
 3.752500e-001,-2.885416e+003, 1.415908e+003, 1.953007e+003,-1.480838e+003,-6.140439e+001, 1.136624e+002,-1.783416e+003, 0.000000e+000, 0.000000e+000, 0.000000e+000
 3.753000e-001,-2.882286e+003, 1.352485e+003, 2.004231e+003,-1.545365e+003,-6.125140e+001, 1.155143e+002,-1.846290e+003, 0.000000e+000, 0.000000e+000, 0.000000e+000
 3.753500e-001,-2.877806e+003, 1.298105e+003, 2.056275e+003,-1.609345e+003,-6.107183e+001, 1.173426e+002,-1.908835e+003, 0.000000e+000, 0.000000e+000, 0.000000e+000
 3.754000e-001,-2.872707e+003, 1.233618e+003, 2.106452e+003,-1.672750e+003,-6.085750e+001, 1.191200e+002,-1.970386e+003, 0.000000e+000, 0.000000e+000, 0.000000e+000
 3.754500e-001,-2.866105e+003, 1.178418e+003, 2.156616e+003,-1.735563e+003,-6.061383e+001, 1.208729e+002,-2.031558e+003, 0.000000e+000, 0.000000e+000, 0.000000e+000
 3.755000e-001,-2.859031e+003, 1.113062e+003, 2.205700e+003,-1.797757e+003,-6.034014e+001, 1.225722e+002,-2.091697e+003, 0.000000e+000, 0.000000e+000, 0.000000e+000
 3.755500e-001,-2.850329e+003, 1.057019e+003, 2.253892e+003,-1.859315e+003,-6.003464e+001, 1.242457e+002,-2.151407e+003, 0.000000e+000, 0.000000e+000, 0.000000e+000
 3.756000e-001,-2.841281e+003, 9.909877e+002, 2.301831e+003,-1.920210e+003,-5.970385e+001, 1.258634e+002,-2.210046e+003, 0.000000e+000, 0.000000e+000, 0.000000e+000
 3.756500e-001,-2.830499e+003, 9.340869e+002, 2.347972e+003,-1.980426e+003,-5.933912e+001, 1.274536e+002,-2.268208e+003, 0.000000e+000, 0.000000e+000, 0.000000e+000
 3.757000e-001,-2.819484e+003, 8.675676e+002, 2.394701e+003,-2.039938e+003,-5.895378e+001, 1.289862e+002,-2.325261e+003, 0.000000e+000, 0.000000e+000, 0.000000e+000
 3.757500e-001,-2.806640e+003, 8.097994e+002, 2.438729e+003,-2.098727e+003,-5.853270e+001, 1.304893e+002,-2.381792e+003, 0.000000e+000, 0.000000e+000, 0.000000e+000
 3.758000e-001,-2.793670e+003, 7.429749e+002, 2.484172e+003,-2.156771e+003,-5.809560e+001, 1.319333e+002,-2.437175e+003, 0.000000e+000, 0.000000e+000, 0.000000e+000
 3.758500e-001,-2.778786e+003, 6.843387e+002, 2.526039e+003,-2.214052e+003,-5.762136e+001, 1.333455e+002,-2.491991e+003, 0.000000e+000, 0.000000e+000, 0.000000e+000
 3.759000e-001,-2.763881e+003, 6.173836e+002, 2.570114e+003,-2.270547e+003,-5.713549e+001, 1.346977e+002,-2.545625e+003, 0.000000e+000, 0.000000e+000, 0.000000e+000
 3.759500e-001,-2.746974e+003, 5.578886e+002, 2.609784e+003,-2.326239e+003,-5.661149e+001, 1.360153e+002,-2.598647e+003, 0.000000e+000, 0.000000e+000, 0.000000e+000
 3.760000e-001,-2.730158e+003, 4.909683e+002, 2.652397e+003,-2.381105e+003,-5.608000e+001, 1.372724e+002,-2.650453e+003, 0.000000e+000, 0.000000e+000, 0.000000e+000
 3.760500e-001,-2.711248e+003, 4.306343e+002, 2.689849e+003,-2.435130e+003,-5.550982e+001, 1.384921e+002,-2.701604e+003, 0.000000e+000, 0.000000e+000, 0.000000e+000
 3.761000e-001,-2.692553e+003, 3.639039e+002, 2.730901e+003,-2.488290e+003,-5.493599e+001, 1.396511e+002,-2.751505e+003, 0.000000e+000, 0.000000e+000, 0.000000e+000
 3.761500e-001,-2.671658e+003, 3.027623e+002, 2.766126e+003,-2.540572e+003,-5.432334e+001, 1.407694e+002,-2.800712e+003, 0.000000e+000, 0.000000e+000, 0.000000e+000
 3.762000e-001,-2.651120e+003, 2.363659e+002, 2.805510e+003,-2.591952e+003,-5.371053e+001, 1.418273e+002,-2.848635e+003, 0.000000e+000, 0.000000e+000, 0.000000e+000
 3.762500e-001,-2.628260e+003, 1.744601e+002, 2.838509e+003,-2.642418e+003,-5.305922e+001, 1.428412e+002,-2.895825e+003, 0.000000e+000, 0.000000e+000, 0.000000e+000
 3.763000e-001,-2.605920e+003, 1.085298e+002, 2.876115e+003,-2.691945e+003,-5.241084e+001, 1.437953e+002,-2.941701e+003, 0.000000e+000, 0.000000e+000, 0.000000e+000
 3.763500e-001,-2.581115e+003, 4.591541e+001, 2.906896e+003,-2.740523e+003,-5.172470e+001, 1.447019e+002,-2.986805e+003, 0.000000e+000, 0.000000e+000, 0.000000e+000
 3.764000e-001,-2.557018e+003,-1.942902e+001, 2.942613e+003,-2.788128e+003,-5.104417e+001, 1.455495e+002,-3.030567e+003, 0.000000e+000, 0.000000e+000, 0.000000e+000
 3.764500e-001,-2.530288e+003,-8.268360e+001, 2.971194e+003,-2.834751e+003,-5.032702e+001, 1.463461e+002,-3.073520e+003, 0.000000e+000, 0.000000e+000, 0.000000e+000
 3.765000e-001,-2.504486e+003,-1.473351e+002, 3.004906e+003,-2.880367e+003,-4.961770e+001, 1.470849e+002,-3.115103e+003, 0.000000e+000, 0.000000e+000, 0.000000e+000
 3.765500e-001,-2.475854e+003,-2.111492e+002, 3.031311e+003,-2.924968e+003,-4.887330e+001, 1.477692e+002,-3.155843e+003, 0.000000e+000, 0.000000e+000, 0.000000e+000
 3.766000e-001,-2.448398e+003,-2.750135e+002, 3.062906e+003,-2.968531e+003,-4.813850e+001, 1.483969e+002,-3.195187e+003, 0.000000e+000, 0.000000e+000, 0.000000e+000
 3.766500e-001,-2.417890e+003,-3.392939e+002, 3.087160e+003,-3.011048e+003,-4.737052e+001, 1.489668e+002,-3.233654e+003, 0.000000e+000, 0.000000e+000, 0.000000e+000
 3.767000e-001,-2.388835e+003,-4.022896e+002, 3.116529e+003,-3.052495e+003,-4.661341e+001, 1.494814e+002,-3.270701e+003, 0.000000e+000, 0.000000e+000, 0.000000e+000
 3.767500e-001,-2.356479e+003,-4.669315e+002, 3.138663e+003,-3.092868e+003,-4.582536e+001, 1.499350e+002,-3.306840e+003, 0.000000e+000, 0.000000e+000, 0.000000e+000
 3.768000e-001,-2.325881e+003,-5.289894e+002, 3.165699e+003,-3.132142e+003,-4.504898e+001, 1.503348e+002,-3.341537e+003, 0.000000e+000, 0.000000e+000, 0.000000e+000
 3.768500e-001,-2.291710e+003,-5.938765e+002, 3.185743e+003,-3.170314e+003,-4.424421e+001, 1.506706e+002,-3.375295e+003, 0.000000e+000, 0.000000e+000, 0.000000e+000
 3.769000e-001,-2.259627e+003,-6.549399e+002, 3.210346e+003,-3.207359e+003,-4.345141e+001, 1.509541e+002,-3.407592e+003, 0.000000e+000, 0.000000e+000, 0.000000e+000
 3.769500e-001,-2.223677e+003,-7.199453e+002, 3.228332e+003,-3.243275e+003,-4.263303e+001, 1.511708e+002,-3.438921e+003, 0.000000e+000, 0.000000e+000, 0.000000e+000
 3.770000e-001,-2.190167e+003,-7.799688e+002, 3.250409e+003,-3.278039e+003,-4.182647e+001, 1.513367e+002,-3.468770e+003, 0.000000e+000, 0.000000e+000, 0.000000e+000
 3.770500e-001,-2.152480e+003,-8.449557e+002, 3.266366e+003,-3.311649e+003,-4.099736e+001, 1.514334e+002,-3.497625e+003, 0.000000e+000, 0.000000e+000, 0.000000e+000
 3.771000e-001,-2.117598e+003,-9.039047e+002, 3.285831e+003,-3.344082e+003,-4.017945e+001, 1.514808e+002,-3.524984e+003, 0.000000e+000, 0.000000e+000, 0.000000e+000
 3.771500e-001,-2.078221e+003,-9.687280e+002, 3.299788e+003,-3.375338e+003,-3.934223e+001, 1.514568e+002,-3.551324e+003, 0.000000e+000, 0.000000e+000, 0.000000e+000
 3.772000e-001,-2.042022e+003,-1.026578e+003, 3.316565e+003,-3.405394e+003,-3.851517e+001, 1.513849e+002,-3.576152e+003, 0.000000e+000, 0.000000e+000, 0.000000e+000
 3.772500e-001,-2.001009e+003,-1.091084e+003, 3.328545e+003,-3.434251e+003,-3.767214e+001, 1.512400e+002,-3.599940e+003, 0.000000e+000, 0.000000e+000, 0.000000e+000
 3.773000e-001,-1.963547e+003,-1.147819e+003, 3.342569e+003,-3.461887e+003,-3.683784e+001, 1.510485e+002,-3.622203e+003, 0.000000e+000, 0.000000e+000, 0.000000e+000
 3.773500e-001,-1.920957e+003,-1.211850e+003, 3.352593e+003,-3.488303e+003,-3.599103e+001, 1.507826e+002,-3.643404e+003, 0.000000e+000, 0.000000e+000, 0.000000e+000
 3.774000e-001,-1.882282e+003,-1.267462e+003, 3.363808e+003,-3.513480e+003,-3.515115e+001, 1.504714e+002,-3.663072e+003, 0.000000e+000, 0.000000e+000, 0.000000e+000
 3.774500e-001,-1.838182e+003,-1.330853e+003, 3.371893e+003,-3.537418e+003,-3.430225e+001, 1.500848e+002,-3.681657e+003, 0.000000e+000, 0.000000e+000, 0.000000e+000
 3.775000e-001,-1.798342e+003,-1.385340e+003, 3.380254e+003,-3.560099e+003,-3.345819e+001, 1.496540e+002,-3.698700e+003, 0.000000e+000, 0.000000e+000, 0.000000e+000
 3.775500e-001,-1.752805e+003,-1.447925e+003, 3.386413e+003,-3.581524e+003,-3.260859e+001, 1.491474e+002,-3.714643e+003, 0.000000e+000, 0.000000e+000, 0.000000e+000
 3.776000e-001,-1.711845e+003,-1.501291e+003, 3.391888e+003,-3.601677e+003,-3.176147e+001, 1.485977e+002,-3.729039e+003, 0.000000e+000, 0.000000e+000, 0.000000e+000
 3.776500e-001,-1.664951e+003,-1.562899e+003, 3.396126e+003,-3.620558e+003,-3.091223e+001, 1.479720e+002,-3.742319e+003, 0.000000e+000, 0.000000e+000, 0.000000e+000
 3.777000e-001,-1.622912e+003,-1.615151e+003, 3.398696e+003,-3.638153e+003,-3.006291e+001, 1.473040e+002,-3.754047e+003, 0.000000e+000, 0.000000e+000, 0.000000e+000
 3.777500e-001,-1.574746e+003,-1.675615e+003, 3.401014e+003,-3.654461e+003,-2.921479e+001, 1.465606e+002,-3.764646e+003, 0.000000e+000, 0.000000e+000, 0.000000e+000
 3.778000e-001,-1.531667e+003,-1.726762e+003, 3.400670e+003,-3.669472e+003,-2.836387e+001, 1.457755e+002,-3.773691e+003, 0.000000e+000, 0.000000e+000, 0.000000e+000
 3.778500e-001,-1.482324e+003,-1.785915e+003, 3.401066e+003,-3.683185e+003,-2.751732e+001, 1.449159e+002,-3.781596e+003, 0.000000e+000, 0.000000e+000, 0.000000e+000
 3.779000e-001,-1.438240e+003,-1.835965e+003, 3.397812e+003,-3.695590e+003,-2.666519e+001, 1.440152e+002,-3.787946e+003, 0.000000e+000, 0.000000e+000, 0.000000e+000
 3.779500e-001,-1.387818e+003,-1.893645e+003, 3.396275e+003,-3.706686e+003,-2.582035e+001, 1.430412e+002,-3.793147e+003, 0.000000e+000, 0.000000e+000, 0.000000e+000
 3.780000e-001,-1.342762e+003,-1.942607e+003, 3.390128e+003,-3.716467e+003,-2.496716e+001, 1.420267e+002,-3.796795e+003, 0.000000e+000, 0.000000e+000, 0.000000e+000
 3.780500e-001,-1.291364e+003,-1.998656e+003, 3.386644e+003,-3.724929e+003,-2.412394e+001, 1.409406e+002,-3.799286e+003, 0.000000e+000, 0.000000e+000, 0.000000e+000
 3.781000e-001,-1.245367e+003,-2.046534e+003, 3.377632e+003,-3.732070e+003,-2.326963e+001, 1.398142e+002,-3.800227e+003, 0.000000e+000, 0.000000e+000, 0.000000e+000
 3.781500e-001,-1.193102e+003,-2.100802e+003, 3.372180e+003,-3.737885e+003,-2.242767e+001, 1.386185e+002,-3.800008e+003, 0.000000e+000, 0.000000e+000, 0.000000e+000
 3.782000e-001,-1.146193e+003,-2.147598e+003, 3.360345e+003,-3.742376e+003,-2.157200e+001, 1.373827e+002,-3.798242e+003, 0.000000e+000, 0.000000e+000, 0.000000e+000
 3.782500e-001,-1.093173e+003,-2.199944e+003, 3.352901e+003,-3.745534e+003,-2.073072e+001, 1.360802e+002,-3.795314e+003, 0.000000e+000, 0.000000e+000, 0.000000e+000
 3.783000e-001,-1.045380e+003,-2.245653e+003, 3.338294e+003,-3.747366e+003,-1.987331e+001, 1.347375e+002,-3.790847e+003, 0.000000e+000, 0.000000e+000, 0.000000e+000
 3.783500e-001,-9.917209e+002,-2.295945e+003, 3.328828e+003,-3.747862e+003,-1.903193e+001, 1.333312e+002,-3.785217e+003, 0.000000e+000, 0.000000e+000, 0.000000e+000
 3.784000e-001,-9.430700e+002,-2.340556e+003, 3.311513e+003,-3.747031e+003,-1.817224e+001, 1.318846e+002,-3.778055e+003, 0.000000e+000, 0.000000e+000, 0.000000e+000
 3.784500e-001,-8.888899e+002,-2.388676e+003, 3.299991e+003,-3.744863e+003,-1.732984e+001, 1.303777e+002,-3.769734e+003, 0.000000e+000, 0.000000e+000, 0.000000e+000
 3.785000e-001,-8.394092e+002,-2.432168e+003, 3.280043e+003,-3.741370e+003,-1.646722e+001, 1.288304e+002,-3.759890e+003, 0.000000e+000, 0.000000e+000, 0.000000e+000
 3.785500e-001,-7.848261e+002,-2.478011e+003, 3.266429e+003,-3.736539e+003,-1.562272e+001, 1.272266e+002,-3.748892e+003, 0.000000e+000, 0.000000e+000, 0.000000e+000
 3.786000e-001,-7.345449e+002,-2.520355e+003, 3.243930e+003,-3.730387e+003,-1.475645e+001, 1.255820e+002,-3.736380e+003, 0.000000e+000, 0.000000e+000, 0.000000e+000
 3.786500e-001,-6.796770e+002,-2.563828e+003, 3.228185e+003,-3.722899e+003,-1.390868e+001, 1.238849e+002,-3.722724e+003, 0.000000e+000, 0.000000e+000, 0.000000e+000
 3.787000e-001,-6.286265e+002,-2.604986e+003, 3.203228e+003,-3.714096e+003,-1.303796e+001, 1.221466e+002,-3.707565e+003, 0.000000e+000, 0.000000e+000, 0.000000e+000
 3.787500e-001,-5.735906e+002,-2.646011e+003, 3.185310e+003,-3.703960e+003,-1.218570e+001, 1.203603e+002,-3.691272e+003, 0.000000e+000, 0.000000e+000, 0.000000e+000
 3.788000e-001,-5.218053e+002,-2.685935e+003, 3.157996e+003,-3.692516e+003,-1.130970e+001, 1.185323e+002,-3.673488e+003, 0.000000e+000, 0.000000e+000, 0.000000e+000
 3.788500e-001,-4.667158e+002,-2.724451e+003, 3.137863e+003,-3.679746e+003,-1.045167e+001, 1.166607e+002,-3.654584e+003, 0.000000e+000, 0.000000e+000, 0.000000e+000
 3.789000e-001,-4.142344e+002,-2.763083e+003, 3.108299e+003,-3.665677e+003,-9.569536e+000, 1.147471e+002,-3.634202e+003, 0.000000e+000, 0.000000e+000, 0.000000e+000
 3.789500e-001,-3.592020e+002,-2.799042e+003, 3.085911e+003,-3.650290e+003,-8.704484e+000, 1.127945e+002,-3.612717e+003, 0.000000e+000, 0.000000e+000, 0.000000e+000
 3.790000e-001,-3.060681e+002,-2.836313e+003, 3.054210e+003,-3.633615e+003,-7.815380e+000, 1.107995e+002,-3.589768e+003, 0.000000e+000, 0.000000e+000, 0.000000e+000
 3.790500e-001,-2.511988e+002,-2.869682e+003, 3.029525e+003,-3.615631e+003,-6.942070e+000, 1.087703e+002,-3.565734e+003, 0.000000e+000, 0.000000e+000, 0.000000e+000
 3.791000e-001,-1.974621e+002,-2.905515e+003, 2.995804e+003,-3.596372e+003,-6.045186e+000, 1.066983e+002,-3.540250e+003, 0.000000e+000, 0.000000e+000, 0.000000e+000
 3.791500e-001,-1.428560e+002,-2.936278e+003, 2.968788e+003,-3.575816e+003,-5.162455e+000, 1.045969e+002,-3.513706e+003, 0.000000e+000, 0.000000e+000, 0.000000e+000
 3.792000e-001,-8.857272e+001,-2.970587e+003, 2.933166e+003,-3.554000e+003,-4.257031e+000, 1.024524e+002,-3.485725e+003, 0.000000e+000, 0.000000e+000, 0.000000e+000
 3.792500e-001,-3.432343e+001,-2.998737e+003, 2.903785e+003,-3.530902e+003,-3.363808e+000, 1.002834e+002,-3.456708e+003, 0.000000e+000, 0.000000e+000, 0.000000e+000
 3.793000e-001, 2.044287e+001,-3.031429e+003, 2.866381e+003,-3.506558e+003,-2.449156e+000, 9.807109e+001,-3.426272e+003, 0.000000e+000, 0.000000e+000, 0.000000e+000
 3.793500e-001, 7.424923e+001,-3.056975e+003, 2.834611e+003,-3.480949e+003,-1.544497e+000, 9.583897e+001,-3.394826e+003, 0.000000e+000, 0.000000e+000, 0.000000e+000
 3.794000e-001, 1.294272e+002,-3.087953e+003, 2.795544e+003,-3.454112e+003,-6.200184e-001, 9.356349e+001,-3.361978e+003, 0.000000e+000, 0.000000e+000, 0.000000e+000
 3.794500e-001, 1.827126e+002,-3.110913e+003, 2.761368e+003,-3.426028e+003, 2.968752e-001, 9.127277e+001,-3.328150e+003, 0.000000e+000, 0.000000e+000, 0.000000e+000
 3.795000e-001, 2.382227e+002,-3.140071e+003, 2.720753e+003,-3.396736e+003, 1.231669e+000, 8.893890e+001,-3.292937e+003, 0.000000e+000, 0.000000e+000, 0.000000e+000
 3.795500e-001, 2.909176e+002,-3.160475e+003, 2.684163e+003,-3.366216e+003, 2.161419e+000, 8.659408e+001,-3.256777e+003, 0.000000e+000, 0.000000e+000, 0.000000e+000
 3.796000e-001, 3.466720e+002,-3.187708e+003, 2.642112e+003,-3.334510e+003, 3.106893e+000, 8.420657e+001,-3.219249e+003, 0.000000e+000, 0.000000e+000, 0.000000e+000
 3.796500e-001, 3.987157e+002,-3.205592e+003, 2.603111e+003,-3.301598e+003, 4.049928e+000, 8.181210e+001,-3.180809e+003, 0.000000e+000, 0.000000e+000, 0.000000e+000
 3.797000e-001, 4.546183e+002,-3.230793e+003, 2.559729e+003,-3.267522e+003, 5.006302e+000, 7.937572e+001,-3.141020e+003, 0.000000e+000, 0.000000e+000, 0.000000e+000
 3.797500e-001, 5.059589e+002,-3.246200e+003, 2.518333e+003,-3.232266e+003, 5.962838e+000, 7.693596e+001,-3.100356e+003, 0.000000e+000, 0.000000e+000, 0.000000e+000
 3.798000e-001, 5.619055e+002,-3.269263e+003, 2.473715e+003,-3.195868e+003, 6.930174e+000, 7.445539e+001,-3.058363e+003, 0.000000e+000, 0.000000e+000, 0.000000e+000
 3.798500e-001, 6.124999e+002,-3.282239e+003, 2.429956e+003,-3.158317e+003, 7.900195e+000, 7.197463e+001,-3.015534e+003, 0.000000e+000, 0.000000e+000, 0.000000e+000
 3.799000e-001, 6.683785e+002,-3.303061e+003, 2.384190e+003,-3.119650e+003, 8.878384e+000, 6.945451e+001,-2.971396e+003, 0.000000e+000, 0.000000e+000, 0.000000e+000
 3.799500e-001, 7.181920e+002,-3.313657e+003, 2.338112e+003,-3.079859e+003, 9.861631e+000, 6.693689e+001,-2.926462e+003, 0.000000e+000, 0.000000e+000, 0.000000e+000
 3.800000e-001, 7.738840e+002,-3.332140e+003, 2.291276e+003,-3.038978e+003, 1.085037e+001, 6.438175e+001,-2.880241e+003, 0.000000e+000, 0.000000e+000, 0.000000e+000
 3.800500e-001, 8.228893e+002,-3.340405e+003, 2.242940e+003,-2.997002e+003, 1.184634e+001, 6.183128e+001,-2.833269e+003, 0.000000e+000, 0.000000e+000, 0.000000e+000
 3.801000e-001, 8.782700e+002,-3.356458e+003, 2.195099e+003,-2.953966e+003, 1.284514e+001, 5.924555e+001,-2.785030e+003, 0.000000e+000, 0.000000e+000, 0.000000e+000
 3.801500e-001, 9.264472e+002,-3.362443e+003, 2.144583e+003,-2.909867e+003, 1.385305e+001, 5.666610e+001,-2.736084e+003, 0.000000e+000, 0.000000e+000, 0.000000e+000
 3.802000e-001, 9.813867e+002,-3.375982e+003, 2.095792e+003,-2.864736e+003, 1.486119e+001, 5.405403e+001,-2.685896e+003, 0.000000e+000, 0.000000e+000, 0.000000e+000
 3.802500e-001, 1.028722e+003,-3.379733e+003, 2.043188e+003,-2.818578e+003, 1.588000e+001, 5.144931e+001,-2.635046e+003, 0.000000e+000, 0.000000e+000, 0.000000e+000
 3.803000e-001, 1.083087e+003,-3.390685e+003, 1.993489e+003,-2.771418e+003, 1.689655e+001, 4.881499e+001,-2.582978e+003, 0.000000e+000, 0.000000e+000, 0.000000e+000
 3.803500e-001, 1.129570e+003,-3.392247e+003, 1.938909e+003,-2.723267e+003, 1.792497e+001, 4.618855e+001,-2.530296e+003, 0.000000e+000, 0.000000e+000, 0.000000e+000
 3.804000e-001, 1.183225e+003,-3.400549e+003, 1.888332e+003,-2.674146e+003, 1.894876e+001, 4.353592e+001,-2.476421e+003, 0.000000e+000, 0.000000e+000, 0.000000e+000
 3.804500e-001, 1.228850e+003,-3.399960e+003, 1.831900e+003,-2.624071e+003, 1.998522e+001, 4.089113e+001,-2.421981e+003, 0.000000e+000, 0.000000e+000, 0.000000e+000
 3.805000e-001, 1.281659e+003,-3.405563e+003, 1.780466e+003,-2.573060e+003, 2.101484e+001, 3.822388e+001,-2.366376e+003, 0.000000e+000, 0.000000e+000, 0.000000e+000
 3.805500e-001, 1.326423e+003,-3.402856e+003, 1.722321e+003,-2.521133e+003, 2.205751e+001, 3.556396e+001,-2.310254e+003, 0.000000e+000, 0.000000e+000, 0.000000e+000
 3.806000e-001, 1.378249e+003,-3.405720e+003, 1.670040e+003,-2.468305e+003, 2.309132e+001, 3.288560e+001,-2.252995e+003, 0.000000e+000, 0.000000e+000, 0.000000e+000
 3.806500e-001, 1.422149e+003,-3.400924e+003, 1.610335e+003,-2.414601e+003, 2.413810e+001, 3.021363e+001,-2.195270e+003, 0.000000e+000, 0.000000e+000, 0.000000e+000
 3.807000e-001, 1.472860e+003,-3.401024e+003, 1.557208e+003,-2.360033e+003, 2.517420e+001, 2.752745e+001,-2.136437e+003, 0.000000e+000, 0.000000e+000, 0.000000e+000
 3.807500e-001, 1.515892e+003,-3.394161e+003, 1.496106e+003,-2.304630e+003, 2.622276e+001, 2.484631e+001,-2.077190e+003, 0.000000e+000, 0.000000e+000, 0.000000e+000
 3.808000e-001, 1.565360e+003,-3.391485e+003, 1.442129e+003,-2.248400e+003, 2.725901e+001, 2.215538e+001,-2.016864e+003, 0.000000e+000, 0.000000e+000, 0.000000e+000
 3.808500e-001, 1.607517e+003,-3.382571e+003, 1.379801e+003,-2.191378e+003, 2.830680e+001, 1.946784e+001,-1.956178e+003, 0.000000e+000, 0.000000e+000, 0.000000e+000
 3.809000e-001, 1.655618e+003,-3.377117e+003, 1.324963e+003,-2.133568e+003, 2.934082e+001, 1.677504e+001,-1.894444e+003, 0.000000e+000, 0.000000e+000, 0.000000e+000
 3.809500e-001, 1.696891e+003,-3.366163e+003, 1.261588e+003,-2.075009e+003, 3.038505e+001, 1.408374e+001,-1.832403e+003, 0.000000e+000, 0.000000e+000, 0.000000e+000
 3.810000e-001, 1.743510e+003,-3.357944e+003, 1.205879e+003,-2.015702e+003, 3.141422e+001, 1.139170e+001,-1.769346e+003, 0.000000e+000, 0.000000e+000, 0.000000e+000
 3.810500e-001, 1.783884e+003,-3.344957e+003, 1.141638e+003,-1.955690e+003, 3.245192e+001, 8.699161e+000,-1.706037e+003, 0.000000e+000, 0.000000e+000, 0.000000e+000
 3.811000e-001, 1.828915e+003,-3.333994e+003, 1.085046e+003,-1.894972e+003, 3.347339e+001, 6.010349e+000,-1.641746e+003, 0.000000e+000, 0.000000e+000, 0.000000e+000
 3.811500e-001, 1.868369e+003,-3.318978e+003, 1.020121e+003,-1.833594e+003, 3.450139e+001, 3.319004e+000,-1.577256e+003, 0.000000e+000, 0.000000e+000, 0.000000e+000
 3.812000e-001, 1.911714e+003,-3.305303e+003, 9.626378e+002,-1.771552e+003, 3.551213e+001, 6.356998e-001,-1.511820e+003, 0.000000e+000, 0.000000e+000, 0.000000e+000
 3.812500e-001, 1.950220e+003,-3.288259e+003, 8.972087e+002,-1.708895e+003, 3.652711e+001,-2.052104e+000,-1.446239e+003, 0.000000e+000, 0.000000e+000, 0.000000e+000
 3.813000e-001, 1.991794e+003,-3.271913e+003, 8.388320e+002,-1.645619e+003, 3.752387e+001,-4.727778e+000,-1.379749e+003, 0.000000e+000, 0.000000e+000, 0.000000e+000
 3.813500e-001, 2.029317e+003,-3.252840e+003, 7.730739e+002,-1.581775e+003, 3.852240e+001,-7.409749e+000,-1.313169e+003, 0.000000e+000, 0.000000e+000, 0.000000e+000
 3.814000e-001, 2.069044e+003,-3.233871e+003, 7.138087e+002,-1.517356e+003, 3.950177e+001,-1.007581e+001,-1.245717e+003, 0.000000e+000, 0.000000e+000, 0.000000e+000
 3.814500e-001, 2.105542e+003,-3.212770e+003, 6.478890e+002,-1.452415e+003, 4.048029e+001,-1.274969e+001,-1.178231e+003, 0.000000e+000, 0.000000e+000, 0.000000e+000
 3.815000e-001, 2.143361e+003,-3.191230e+003, 5.877507e+002,-1.386945e+003, 4.143873e+001,-1.540425e+001,-1.109911e+003, 0.000000e+000, 0.000000e+000, 0.000000e+000
 3.815500e-001, 2.178781e+003,-3.168104e+003, 5.218270e+002,-1.321001e+003, 4.239360e+001,-1.806783e+001,-1.041613e+003, 0.000000e+000, 0.000000e+000, 0.000000e+000
 3.816000e-001, 2.214641e+003,-3.144051e+003, 4.608431e+002,-1.254576e+003, 4.332747e+001,-2.070909e+001,-9.725202e+002, 0.000000e+000, 0.000000e+000, 0.000000e+000
 3.816500e-001, 2.248926e+003,-3.118905e+003, 3.950609e+002,-1.187722e+003, 4.425502e+001,-2.336013e+001,-9.035052e+002, 0.000000e+000, 0.000000e+000, 0.000000e+000
 3.817000e-001, 2.282787e+003,-3.092399e+003, 3.332729e+002,-1.120436e+003, 4.516058e+001,-2.598634e+001,-8.337361e+002, 0.000000e+000, 0.000000e+000, 0.000000e+000
 3.817500e-001, 2.315871e+003,-3.065244e+003, 2.677639e+002,-1.052769e+003, 4.605712e+001,-2.862259e+001,-7.641008e+002, 0.000000e+000, 0.000000e+000, 0.000000e+000
 3.818000e-001, 2.347706e+003,-3.036347e+003, 2.052284e+002,-9.847186e+002, 4.693061e+001,-3.123201e+001,-6.937526e+002, 0.000000e+000, 0.000000e+000, 0.000000e+000
 3.818500e-001, 2.379517e+003,-3.007197e+003, 1.401092e+002,-9.163350e+002, 4.779247e+001,-3.385122e+001,-6.235944e+002, 0.000000e+000, 0.000000e+000, 0.000000e+000
 3.819000e-001, 2.409308e+003,-2.975971e+003, 7.689848e+001,-8.476177e+002, 4.863013e+001,-3.644210e+001,-5.527654e+002, 0.000000e+000, 0.000000e+000, 0.000000e+000
 3.819500e-001, 2.439768e+003,-2.944850e+003, 1.227015e+001,-7.786150e+002, 4.945368e+001,-3.904195e+001,-4.821826e+002, 0.000000e+000, 0.000000e+000, 0.000000e+000
 3.820000e-001, 2.467508e+003,-2.911356e+003,-5.152722e+001,-7.093291e+002, 5.025179e+001,-4.161247e+001,-4.109719e+002, 0.000000e+000, 0.000000e+000, 0.000000e+000
 3.820500e-001, 2.496536e+003,-2.878293e+003,-1.155799e+002,-6.398057e+002, 5.103349e+001,-4.419058e+001,-3.400636e+002, 0.000000e+000, 0.000000e+000, 0.000000e+000
 3.821000e-001, 2.522226e+003,-2.842592e+003,-1.798594e+002,-5.700500e+002, 5.178842e+001,-4.673889e+001,-2.685709e+002, 0.000000e+000, 0.000000e+000, 0.000000e+000
 3.821500e-001, 2.549736e+003,-2.807623e+003,-2.432676e+002,-5.001049e+002, 5.252488e+001,-4.929281e+001,-1.974368e+002, 0.000000e+000, 0.000000e+000, 0.000000e+000
 3.822000e-001, 2.573384e+003,-2.769774e+003,-3.079094e+002,-4.299790e+002, 5.323312e+001,-5.181692e+001,-1.257624e+002, 0.000000e+000, 0.000000e+000, 0.000000e+000
 3.822500e-001, 2.599290e+003,-2.732945e+003,-3.706196e+002,-3.597118e+002, 5.392106e+001,-5.434412e+001,-5.450274e+001, 0.000000e+000, 0.000000e+000, 0.000000e+000
 3.823000e-001, 2.620909e+003,-2.693004e+003,-4.354895e+002,-2.893153e+002, 5.457928e+001,-5.684193e+001, 1.725264e+001, 0.000000e+000, 0.000000e+000, 0.000000e+000
 3.823500e-001, 2.645127e+003,-2.654367e+003,-4.974622e+002,-2.188258e+002, 5.521564e+001,-5.933981e+001, 8.853732e+001, 0.000000e+000, 0.000000e+000, 0.000000e+000
 3.824000e-001, 2.664735e+003,-2.612390e+003,-5.624137e+002,-1.482589e+002, 5.582074e+001,-6.180905e+001, 1.602727e+002, 0.000000e+000, 0.000000e+000, 0.000000e+000
 3.824500e-001, 2.687180e+003,-2.572005e+003,-6.236221e+002,-7.764732e+001, 5.640266e+001,-6.427489e+001, 2.314816e+002, 0.000000e+000, 0.000000e+000, 0.000000e+000
 3.825000e-001, 2.704798e+003,-2.528046e+003,-6.884978e+002,-7.010136e+000, 5.695178e+001,-6.671316e+001, 3.030957e+002, 0.000000e+000, 0.000000e+000, 0.000000e+000
 3.825500e-001, 2.725389e+003,-2.485979e+003,-7.489258e+002, 6.362340e+001, 5.747666e+001,-6.914414e+001, 3.741280e+002, 0.000000e+000, 0.000000e+000, 0.000000e+000
 3.826000e-001, 2.741040e+003,-2.440091e+003,-8.135599e+002, 1.342307e+002, 5.796722e+001,-7.154884e+001, 4.455198e+002, 0.000000e+000, 0.000000e+000, 0.000000e+000
 3.826500e-001, 2.759699e+003,-2.396414e+003,-8.732003e+002, 2.047861e+002, 5.843275e+001,-7.394206e+001, 5.162745e+002, 0.000000e+000, 0.000000e+000, 0.000000e+000
 3.827000e-001, 2.773406e+003,-2.348651e+003,-9.374209e+002, 2.752636e+002, 5.886253e+001,-7.631042e+001, 5.873429e+002, 0.000000e+000, 0.000000e+000, 0.000000e+000
 3.827500e-001, 2.790064e+003,-2.303441e+003,-9.962726e+002, 3.456407e+002, 5.926669e+001,-7.866286e+001, 6.577195e+002, 0.000000e+000, 0.000000e+000, 0.000000e+000
 3.828000e-001, 2.801848e+003,-2.253856e+003,-1.059905e+003, 4.158889e+002, 5.963379e+001,-8.099193e+001, 7.283636e+002, 0.000000e+000, 0.000000e+000, 0.000000e+000
 3.828500e-001, 2.816442e+003,-2.207194e+003,-1.117970e+003, 4.859882e+002, 5.997491e+001,-8.330049e+001, 7.982617e+002, 0.000000e+000, 0.000000e+000, 0.000000e+000
 3.829000e-001, 2.826323e+003,-2.155844e+003,-1.180838e+003, 5.559076e+002, 6.027784e+001,-8.558710e+001, 8.683811e+002, 0.000000e+000, 0.000000e+000, 0.000000e+000
 3.829500e-001, 2.838796e+003,-2.107811e+003,-1.238122e+003, 6.256300e+002, 6.055458e+001,-8.784857e+001, 9.377010e+002, 0.000000e+000, 0.000000e+000, 0.000000e+000
 3.830000e-001, 2.846793e+003,-2.054757e+003,-1.300051e+003, 6.951220e+002, 6.079224e+001,-9.008942e+001, 1.007196e+003, 0.000000e+000, 0.000000e+000, 0.000000e+000
 3.830500e-001, 2.857097e+003,-2.005436e+003,-1.356557e+003, 7.643689e+002, 6.100365e+001,-9.230052e+001, 1.075838e+003, 0.000000e+000, 0.000000e+000, 0.000000e+000
 3.831000e-001, 2.863225e+003,-1.950740e+003,-1.417377e+003, 8.333356e+002, 6.117535e+001,-9.449212e+001, 1.144609e+003, 0.000000e+000, 0.000000e+000, 0.000000e+000
 3.831500e-001, 2.871322e+003,-1.900215e+003,-1.473105e+003, 9.020092e+002, 6.132084e+001,-9.664948e+001, 1.212476e+003, 0.000000e+000, 0.000000e+000, 0.000000e+000
 3.832000e-001, 2.875592e+003,-1.843947e+003,-1.532656e+003, 9.703533e+002, 6.142633e+001,-9.878819e+001, 1.280425e+003, 0.000000e+000, 0.000000e+000, 0.000000e+000
 3.832500e-001, 2.881451e+003,-1.792299e+003,-1.587600e+003, 1.038357e+003, 6.150573e+001,-1.008884e+002, 1.347418e+003, 0.000000e+000, 0.000000e+000, 0.000000e+000
 3.833000e-001, 2.883875e+003,-1.734532e+003,-1.645727e+003, 1.105982e+003, 6.154518e+001,-1.029704e+002, 1.414447e+003, 0.000000e+000, 0.000000e+000, 0.000000e+000
 3.833500e-001, 2.887475e+003,-1.681839e+003,-1.699875e+003, 1.173219e+003, 6.155868e+001,-1.050099e+002, 1.480470e+003, 0.000000e+000, 0.000000e+000, 0.000000e+000
 3.834000e-001, 2.888058e+003,-1.622658e+003,-1.756436e+003, 1.240031e+003, 6.153268e+001,-1.070315e+002, 1.546484e+003, 0.000000e+000, 0.000000e+000, 0.000000e+000
 3.834500e-001, 2.889385e+003,-1.568993e+003,-1.809767e+003, 1.306407e+003, 6.148088e+001,-1.090067e+002, 1.611442e+003, 0.000000e+000, 0.000000e+000, 0.000000e+000
 3.835000e-001, 2.888132e+003,-1.508487e+003,-1.864632e+003, 1.372311e+003, 6.139044e+001,-1.109638e+002, 1.676344e+003, 0.000000e+000, 0.000000e+000, 0.000000e+000
 3.835500e-001, 2.887181e+003,-1.453921e+003,-1.917114e+003, 1.437733e+003, 6.127433e+001,-1.128713e+002, 1.740144e+003, 0.000000e+000, 0.000000e+000, 0.000000e+000
 3.836000e-001, 2.884094e+003,-1.392187e+003,-1.970168e+003, 1.502636e+003, 6.112085e+001,-1.147599e+002, 1.803842e+003, 0.000000e+000, 0.000000e+000, 0.000000e+000
 3.836500e-001, 2.880869e+003,-1.336785e+003,-2.021760e+003, 1.567012e+003, 6.094180e+001,-1.165960e+002, 1.866390e+003, 0.000000e+000, 0.000000e+000, 0.000000e+000
 3.837000e-001, 2.875949e+003,-1.273930e+003,-2.072903e+003, 1.630823e+003, 6.072705e+001,-1.184120e+002, 1.928791e+003, 0.000000e+000, 0.000000e+000, 0.000000e+000
 3.837500e-001, 2.870458e+003,-1.217749e+003,-2.123550e+003, 1.694062e+003, 6.048677e+001,-1.201731e+002, 1.989998e+003, 0.000000e+000, 0.000000e+000, 0.000000e+000
 3.838000e-001, 2.863707e+003,-1.153888e+003,-2.172696e+003, 1.756692e+003, 6.021290e+001,-1.219126e+002, 2.051012e+003, 0.000000e+000, 0.000000e+000, 0.000000e+000
 3.838500e-001, 2.855965e+003,-1.096983e+003,-2.222333e+003, 1.818705e+003, 5.991347e+001,-1.235952e+002, 2.110789e+003, 0.000000e+000, 0.000000e+000, 0.000000e+000
 3.839000e-001, 2.847384e+003,-1.032237e+003,-2.269413e+003, 1.880065e+003, 5.958290e+001,-1.252541e+002, 2.170328e+003, 0.000000e+000, 0.000000e+000, 0.000000e+000
 3.839500e-001, 2.837411e+003,-9.746547e+002,-2.317963e+003, 1.940765e+003, 5.922670e+001,-1.268546e+002, 2.228587e+003, 0.000000e+000, 0.000000e+000, 0.000000e+000
 3.840000e-001, 2.827001e+003,-9.091547e+002,-2.362923e+003, 2.000770e+003, 5.884217e+001,-1.284289e+002, 2.286564e+003, 0.000000e+000, 0.000000e+000, 0.000000e+000
 3.840500e-001, 2.814823e+003,-8.509382e+002,-2.410298e+003, 2.060071e+003, 5.843185e+001,-1.299438e+002, 2.343221e+003, 0.000000e+000, 0.000000e+000, 0.000000e+000
 3.841000e-001, 2.802588e+003,-7.848192e+002,-2.453101e+003, 2.118636e+003, 5.799633e+001,-1.314298e+002, 2.399552e+003, 0.000000e+000, 0.000000e+000, 0.000000e+000
 3.841500e-001, 2.788233e+003,-7.260078e+002,-2.499202e+003, 2.176456e+003, 5.753483e+001,-1.328557e+002, 2.454525e+003, 0.000000e+000, 0.000000e+000, 0.000000e+000
 3.842000e-001, 2.774179e+003,-6.594107e+002,-2.539824e+003, 2.233499e+003, 5.705148e+001,-1.342495e+002, 2.509127e+003, 0.000000e+000, 0.000000e+000, 0.000000e+000
 3.842500e-001, 2.757681e+003,-6.000399e+002,-2.584543e+003, 2.289756e+003, 5.654193e+001,-1.355831e+002, 2.562336e+003, 0.000000e+000, 0.000000e+000, 0.000000e+000
 3.843000e-001, 2.741815e+003,-5.331097e+002,-2.622973e+003, 2.345196e+003, 5.601407e+001,-1.368811e+002, 2.615130e+003, 0.000000e+000, 0.000000e+000, 0.000000e+000
 3.843500e-001, 2.723208e+003,-4.732131e+002,-2.666194e+003, 2.399811e+003, 5.545980e+001,-1.381193e+002, 2.666497e+003, 0.000000e+000, 0.000000e+000, 0.000000e+000
 3.844000e-001, 2.705542e+003,-4.060973e+002,-2.702436e+003, 2.453572e+003, 5.489087e+001,-1.393180e+002, 2.717407e+003, 0.000000e+000, 0.000000e+000, 0.000000e+000
 3.844500e-001, 2.684866e+003,-3.457072e+002,-2.744035e+003, 2.506468e+003, 5.429532e+001,-1.404575e+002, 2.766857e+003, 0.000000e+000, 0.000000e+000, 0.000000e+000
 3.845000e-001, 2.665412e+003,-2.785542e+002,-2.778103e+003, 2.558473e+003, 5.368882e+001,-1.415537e+002, 2.815808e+003, 0.000000e+000, 0.000000e+000, 0.000000e+000
 3.845500e-001, 2.642707e+003,-2.177038e+002,-2.817952e+003, 2.609577e+003, 5.305554e+001,-1.425917e+002, 2.863269e+003, 0.000000e+000, 0.000000e+000, 0.000000e+000
 3.846000e-001, 2.621483e+003,-1.506611e+002,-2.849869e+003, 2.659753e+003, 5.241499e+001,-1.435823e+002, 2.910190e+003, 0.000000e+000, 0.000000e+000, 0.000000e+000
 3.846500e-001, 2.596793e+003,-8.938535e+001,-2.887837e+003, 2.708991e+003, 5.174758e+001,-1.445160e+002, 2.955593e+003, 0.000000e+000, 0.000000e+000, 0.000000e+000
 3.847000e-001, 2.573818e+003,-2.259824e+001,-2.917634e+003, 2.757268e+003, 5.107648e+001,-1.453981e+002, 3.000415e+003, 0.000000e+000, 0.000000e+000, 0.000000e+000
 3.847500e-001, 2.547188e+003, 3.906480e+001,-2.953588e+003, 2.804573e+003, 5.037854e+001,-1.462250e+002, 3.043693e+003, 0.000000e+000, 0.000000e+000, 0.000000e+000
 3.848000e-001, 2.522485e+003, 1.054551e+002,-2.981304e+003, 2.850882e+003, 4.968032e+001,-1.469960e+002, 3.086352e+003, 0.000000e+000, 0.000000e+000, 0.000000e+000
 3.848500e-001, 2.493965e+003, 1.674626e+002,-3.015110e+003, 2.896186e+003, 4.895541e+001,-1.477136e+002, 3.127443e+003, 0.000000e+000, 0.000000e+000, 0.000000e+000
 3.849000e-001, 2.467558e+003, 2.333203e+002,-3.040787e+003, 2.940462e+003, 4.823339e+001,-1.483713e+002, 3.167876e+003, 0.000000e+000, 0.000000e+000, 0.000000e+000
 3.849500e-001, 2.437200e+003, 2.956236e+002,-3.072315e+003, 2.983702e+003, 4.748501e+001,-1.489774e+002, 3.206720e+003, 0.000000e+000, 0.000000e+000, 0.000000e+000
 3.850000e-001, 2.409115e+003, 3.608204e+002,-3.095999e+003, 3.025883e+003, 4.674237e+001,-1.495196e+002, 3.244868e+003, 0.000000e+000, 0.000000e+000, 0.000000e+000
 3.850500e-001, 2.376974e+003, 4.233634e+002,-3.125121e+003, 3.066997e+003, 4.597388e+001,-1.500122e+002, 3.281409e+003, 0.000000e+000, 0.000000e+000, 0.000000e+000
 3.851000e-001, 2.347240e+003, 4.877792e+002,-3.146859e+003, 3.107024e+003, 4.521363e+001,-1.504373e+002, 3.317217e+003, 0.000000e+000, 0.000000e+000, 0.000000e+000
 3.851500e-001, 2.313374e+003, 5.504980e+002,-3.173455e+003, 3.145954e+003, 4.442825e+001,-1.508147e+002, 3.351401e+003, 0.000000e+000, 0.000000e+000, 0.000000e+000
 3.852000e-001, 2.282020e+003, 6.140223e+002,-3.193292e+003, 3.183770e+003, 4.365318e+001,-1.511210e+002, 3.384819e+003, 0.000000e+000, 0.000000e+000, 0.000000e+000
 3.852500e-001, 2.246492e+003, 6.768440e+002,-3.217249e+003, 3.220461e+003, 4.285393e+001,-1.513817e+002, 3.416596e+003, 0.000000e+000, 0.000000e+000, 0.000000e+000
 3.853000e-001, 2.213549e+003, 7.393766e+002,-3.235227e+003, 3.256013e+003, 4.206662e+001,-1.515683e+002, 3.447575e+003, 0.000000e+000, 0.000000e+000, 0.000000e+000
 3.853500e-001, 2.176426e+003, 8.022187e+002,-3.256444e+003, 3.290413e+003, 4.125630e+001,-1.517110e+002, 3.476901e+003, 0.000000e+000, 0.000000e+000, 0.000000e+000
 3.854000e-001, 2.141923e+003, 8.636711e+002,-3.272602e+003, 3.323649e+003, 4.045908e+001,-1.517769e+002, 3.505396e+003, 0.000000e+000, 0.000000e+000, 0.000000e+000
 3.854500e-001, 2.103276e+003, 9.264410e+002,-3.290987e+003, 3.355709e+003, 3.964024e+001,-1.518007e+002, 3.532227e+003, 0.000000e+000, 0.000000e+000, 0.000000e+000
 3.855000e-001, 2.067246e+003, 9.867360e+002,-3.305358e+003, 3.386583e+003, 3.883516e+001,-1.517455e+002, 3.558198e+003, 0.000000e+000, 0.000000e+000, 0.000000e+000
 3.855500e-001, 2.027148e+003, 1.049332e+003,-3.320831e+003, 3.416257e+003, 3.801010e+001,-1.516496e+002, 3.582497e+003, 0.000000e+000, 0.000000e+000, 0.000000e+000
 3.856000e-001, 1.989622e+003, 1.108404e+003,-3.333442e+003, 3.444724e+003, 3.719895e+001,-1.514731e+002, 3.605907e+003, 0.000000e+000, 0.000000e+000, 0.000000e+000
 3.856500e-001, 1.948152e+003, 1.170713e+003,-3.345940e+003, 3.471970e+003, 3.636967e+001,-1.512571e+002, 3.627638e+003, 0.000000e+000, 0.000000e+000, 0.000000e+000
 3.857000e-001, 1.909163e+003, 1.228508e+003,-3.356807e+003, 3.497990e+003, 3.555397e+001,-1.509594e+002, 3.648455e+003, 0.000000e+000, 0.000000e+000, 0.000000e+000
 3.857500e-001, 1.866402e+003, 1.290409e+003,-3.366283e+003, 3.522769e+003, 3.472219e+001,-1.506233e+002, 3.667588e+003, 0.000000e+000, 0.000000e+000, 0.000000e+000
 3.858000e-001, 1.825983e+003, 1.346886e+003,-3.375414e+003, 3.546304e+003, 3.390314e+001,-1.502049e+002, 3.685783e+003, 0.000000e+000, 0.000000e+000, 0.000000e+000
 3.858500e-001, 1.782015e+003, 1.408249e+003,-3.381835e+003, 3.568580e+003, 3.307027e+001,-1.497488e+002, 3.702291e+003, 0.000000e+000, 0.000000e+000, 0.000000e+000
 3.859000e-001, 1.740201e+003, 1.463375e+003,-3.389229e+003, 3.589596e+003, 3.224885e+001,-1.492106e+002, 3.717839e+003, 0.000000e+000, 0.000000e+000, 0.000000e+000
 3.859500e-001, 1.695114e+003, 1.524062e+003,-3.392579e+003, 3.609336e+003, 3.141598e+001,-1.486350e+002, 3.731699e+003, 0.000000e+000, 0.000000e+000, 0.000000e+000
 3.860000e-001, 1.651940e+003, 1.577816e+003,-3.398224e+003, 3.627803e+003, 3.059288e+001,-1.479780e+002, 3.744580e+003, 0.000000e+000, 0.000000e+000, 0.000000e+000
 3.860500e-001, 1.605821e+003, 1.637683e+003,-3.398507e+003, 3.644979e+003, 2.976082e+001,-1.472837e+002, 3.755771e+003, 0.000000e+000, 0.000000e+000, 0.000000e+000
 3.861000e-001, 1.561325e+003, 1.690051e+003,-3.402379e+003, 3.660869e+003, 2.893648e+001,-1.465094e+002, 3.765968e+003, 0.000000e+000, 0.000000e+000, 0.000000e+000
 3.861500e-001, 1.514266e+003, 1.748950e+003,-3.399614e+003, 3.675455e+003, 2.810575e+001,-1.456976e+002, 3.774477e+003, 0.000000e+000, 0.000000e+000, 0.000000e+000
 3.862000e-001, 1.468487e+003, 1.799926e+003,-3.401680e+003, 3.688745e+003, 2.728035e+001,-1.448077e+002, 3.781977e+003, 0.000000e+000, 0.000000e+000, 0.000000e+000
 3.862500e-001, 1.420576e+003, 1.857703e+003,-3.395906e+003, 3.700720e+003, 2.645118e+001,-1.438799e+002, 3.787792e+003, 0.000000e+000, 0.000000e+000, 0.000000e+000
 3.863000e-001, 1.373559e+003, 1.907287e+003,-3.396121e+003, 3.711391e+003, 2.562471e+001,-1.428766e+002, 3.792586e+003, 0.000000e+000, 0.000000e+000, 0.000000e+000
 3.863500e-001, 1.324887e+003, 1.963789e+003,-3.387391e+003, 3.720736e+003, 2.479707e+001,-1.418345e+002, 3.795701e+003, 0.000000e+000, 0.000000e+000, 0.000000e+000
 3.864000e-001, 1.276678e+003, 2.011986e+003,-3.385702e+003, 3.728770e+003, 2.396932e+001,-1.407200e+002, 3.797785e+003, 0.000000e+000, 0.000000e+000, 0.000000e+000
 3.864500e-001, 1.227331e+003, 2.067057e+003,-3.374087e+003, 3.735472e+003, 2.314292e+001,-1.395657e+002, 3.798196e+003, 0.000000e+000, 0.000000e+000, 0.000000e+000
 3.865000e-001, 1.177984e+003, 2.113874e+003,-3.370433e+003, 3.740857e+003, 2.231351e+001,-1.383427e+002, 3.797568e+003, 0.000000e+000, 0.000000e+000, 0.000000e+000
 3.865500e-001, 1.128048e+003, 2.167364e+003,-3.356017e+003, 3.744905e+003, 2.148786e+001,-1.370786e+002, 3.795275e+003, 0.000000e+000, 0.000000e+000, 0.000000e+000
 3.866000e-001, 1.077619e+003, 2.212809e+003,-3.350329e+003, 3.747631e+003, 2.065624e+001,-1.357500e+002, 3.791940e+003, 0.000000e+000, 0.000000e+000, 0.000000e+000
 3.866500e-001, 1.027176e+003, 2.264568e+003,-3.333209e+003, 3.749018e+003, 1.983064e+001,-1.343789e+002, 3.786949e+003, 0.000000e+000, 0.000000e+000, 0.000000e+000
 3.867000e-001, 9.757291e+002, 2.308647e+003,-3.325414e+003, 3.749081e+003, 1.899615e+001,-1.329478e+002, 3.780913e+003, 0.000000e+000, 0.000000e+000, 0.000000e+000
 3.867500e-001, 9.248556e+002, 2.358534e+003,-3.305700e+003, 3.747803e+003, 1.816975e+001,-1.314727e+002, 3.773232e+003, 0.000000e+000, 0.000000e+000, 0.000000e+000
 3.868000e-001, 8.724605e+002, 2.401254e+003,-3.295719e+003, 3.745202e+003, 1.733164e+001,-1.299425e+002, 3.764506e+003, 0.000000e+000, 0.000000e+000, 0.000000e+000
 3.868500e-001, 8.212308e+002, 2.449133e+003,-3.273529e+003, 3.741260e+003, 1.650342e+001,-1.283667e+002, 3.754148e+003, 0.000000e+000, 0.000000e+000, 0.000000e+000
 3.869000e-001, 7.679628e+002, 2.490493e+003,-3.261284e+003, 3.735997e+003, 1.566087e+001,-1.267410e+002, 3.742748e+003, 0.000000e+000, 0.000000e+000, 0.000000e+000
 3.869500e-001, 7.164458e+002, 2.536239e+003,-3.236742e+003, 3.729396e+003, 1.482972e+001,-1.250680e+002, 3.729728e+003, 0.000000e+000, 0.000000e+000, 0.000000e+000
 3.870000e-001, 6.623870e+002, 2.576236e+003,-3.222157e+003, 3.721476e+003, 1.398185e+001,-1.233505e+002, 3.715672e+003, 0.000000e+000, 0.000000e+000, 0.000000e+000
 3.870500e-001, 6.106465e+002, 2.619734e+003,-3.195394e+003, 3.712223e+003, 1.314659e+001,-1.215843e+002, 3.700011e+003, 0.000000e+000, 0.000000e+000, 0.000000e+000
 3.871000e-001, 5.558852e+002, 2.658356e+003,-3.178392e+003, 3.701658e+003, 1.229252e+001,-1.197789e+002, 3.683322e+003, 0.000000e+000, 0.000000e+000, 0.000000e+000
 3.871500e-001, 5.039804e+002, 2.699504e+003,-3.149539e+003, 3.689766e+003, 1.145191e+001,-1.179234e+002, 3.665044e+003, 0.000000e+000, 0.000000e+000, 0.000000e+000
 3.872000e-001, 4.486109e+002, 2.736732e+003,-3.130053e+003, 3.676568e+003, 1.059075e+001,-1.160343e+002, 3.645748e+003, 0.000000e+000, 0.000000e+000, 0.000000e+000
 3.872500e-001, 3.965962e+002, 2.775440e+003,-3.099242e+003, 3.662053e+003, 9.743541e+000,-1.140939e+002, 3.624880e+003, 0.000000e+000, 0.000000e+000, 0.000000e+000
 3.873000e-001, 3.407182e+002, 2.811246e+003,-3.077211e+003, 3.646240e+003, 8.874451e+000,-1.121251e+002, 3.603006e+003, 0.000000e+000, 0.000000e+000, 0.000000e+000
 3.873500e-001, 2.886436e+002, 2.847441e+003,-3.044570e+003, 3.629122e+003, 8.019412e+000,-1.101042e+002, 3.579579e+003, 0.000000e+000, 0.000000e+000, 0.000000e+000
 3.874000e-001, 2.323614e+002, 2.881788e+003,-3.019945e+003, 3.610716e+003, 7.141591e+000,-1.080601e+002, 3.555161e+003, 0.000000e+000, 0.000000e+000, 0.000000e+000
 3.874500e-001, 1.802734e+002, 2.915409e+003,-2.985597e+003, 3.591017e+003, 6.277539e+000,-1.059633e+002, 3.529209e+003, 0.000000e+000, 0.000000e+000, 0.000000e+000
 3.875000e-001, 1.236954e+002, 2.948250e+003,-2.958340e+003, 3.570043e+003, 5.390263e+000,-1.038482e+002, 3.502284e+003, 0.000000e+000, 0.000000e+000, 0.000000e+000
 3.875500e-001, 7.163756e+001, 2.979253e+003,-2.922403e+003, 3.547792e+003, 4.516092e+000,-1.016803e+002, 3.473846e+003, 0.000000e+000, 0.000000e+000, 0.000000e+000
 3.876000e-001, 1.487470e+001, 3.010532e+003,-2.892490e+003, 3.524279e+003, 3.618729e+000,-9.949855e+001, 3.444455e+003, 0.000000e+000, 0.000000e+000, 0.000000e+000
 3.876500e-001,-3.711161e+001, 3.038887e+003,-2.855070e+003, 3.499506e+003, 2.733437e+000,-9.726437e+001, 3.413571e+003, 0.000000e+000, 0.000000e+000, 0.000000e+000
 3.877000e-001,-9.394649e+001, 3.068539e+003,-2.822495e+003, 3.473487e+003, 1.825466e+000,-9.502035e+001, 3.381756e+003, 0.000000e+000, 0.000000e+000, 0.000000e+000
 3.877500e-001,-1.458210e+002, 3.094233e+003,-2.783690e+003, 3.446226e+003, 9.281839e-001,-9.272476e+001, 3.348472e+003, 0.000000e+000, 0.000000e+000, 0.000000e+000
 3.878000e-001,-2.026145e+002, 3.122180e+003,-2.748462e+003, 3.417737e+003, 9.211699e-003,-9.042290e+001, 3.314280e+003, 0.000000e+000, 0.000000e+000, 0.000000e+000
 3.878500e-001,-2.543371e+002, 3.145216e+003,-2.708356e+003, 3.388028e+003,-9.007722e-001,-8.807081e+001, 3.278644e+003, 0.000000e+000, 0.000000e+000, 0.000000e+000
 3.879000e-001,-3.109764e+002, 3.171375e+003,-2.670504e+003, 3.357110e+003,-1.830998e+000,-8.571548e+001, 3.242125e+003, 0.000000e+000, 0.000000e+000, 0.000000e+000
 3.879500e-001,-3.625063e+002, 3.191766e+003,-2.629169e+003, 3.324994e+003,-2.754216e+000,-8.331178e+001, 3.204187e+003, 0.000000e+000, 0.000000e+000, 0.000000e+000
 3.880000e-001,-4.188804e+002, 3.216047e+003,-2.588740e+003, 3.291691e+003,-3.695791e+000,-8.090730e+001, 3.165395e+003, 0.000000e+000, 0.000000e+000, 0.000000e+000
 3.880500e-001,-4.701750e+002, 3.233823e+003,-2.546236e+003, 3.257214e+003,-4.632574e+000,-7.845683e+001, 3.125209e+003, 0.000000e+000, 0.000000e+000, 0.000000e+000
 3.881000e-001,-5.261757e+002, 3.256127e+003,-2.503294e+003, 3.221572e+003,-5.585427e+000,-7.600750e+001, 3.084199e+003, 0.000000e+000, 0.000000e+000, 0.000000e+000
 3.881500e-001,-5.771898e+002, 3.271328e+003,-2.459667e+003, 3.184783e+003,-6.535886e+000,-7.351501e+001, 3.041823e+003, 0.000000e+000, 0.000000e+000, 0.000000e+000
 3.882000e-001,-6.327126e+002, 3.291553e+003,-2.414297e+003, 3.146854e+003,-7.499767e+000,-7.102502e+001, 2.998654e+003, 0.000000e+000, 0.000000e+000, 0.000000e+000
 3.882500e-001,-6.833978e+002, 3.304229e+003,-2.369581e+003, 3.107805e+003,-8.463778e+000,-6.849515e+001, 2.954148e+003, 0.000000e+000, 0.000000e+000, 0.000000e+000
 3.883000e-001,-7.383433e+002, 3.322270e+003,-2.321883e+003, 3.067644e+003,-9.438248e+000,-6.596859e+001, 2.908881e+003, 0.000000e+000, 0.000000e+000, 0.000000e+000
 3.883500e-001,-7.886471e+002, 3.332483e+003,-2.276099e+003, 3.026392e+003,-1.041543e+001,-6.340586e+001, 2.862308e+003, 0.000000e+000, 0.000000e+000, 0.000000e+000
 3.884000e-001,-8.429208e+002, 3.348231e+003,-2.226190e+003, 2.984055e+003,-1.139986e+001,-6.084671e+001, 2.815008e+003, 0.000000e+000, 0.000000e+000, 0.000000e+000
 3.884500e-001,-8.927867e+002, 3.356047e+003,-2.179351e+003, 2.940658e+003,-1.238958e+001,-5.825546e+001, 2.766433e+003, 0.000000e+000, 0.000000e+000, 0.000000e+000
 3.885000e-001,-9.463003e+002, 3.369397e+003,-2.127363e+003, 2.896207e+003,-1.338312e+001,-5.566759e+001, 2.717167e+003, 0.000000e+000, 0.000000e+000, 0.000000e+000
 3.885500e-001,-9.956669e+002, 3.374887e+003,-2.079469e+003, 2.850728e+003,-1.438447e+001,-5.305196e+001, 2.666659e+003, 0.000000e+000, 0.000000e+000, 0.000000e+000
 3.886000e-001,-1.048338e+003, 3.385735e+003,-2.025547e+003, 2.804226e+003,-1.538608e+001,-5.043912e+001, 2.615497e+003, 0.000000e+000, 0.000000e+000, 0.000000e+000
 3.886500e-001,-1.097140e+003, 3.388976e+003,-1.976594e+003, 2.756730e+003,-1.639787e+001,-4.780306e+001, 2.563125e+003, 0.000000e+000, 0.000000e+000, 0.000000e+000
 3.887000e-001,-1.148893e+003, 3.397221e+003,-1.920892e+003, 2.708246e+003,-1.740630e+001,-4.516883e+001, 2.510139e+003, 0.000000e+000, 0.000000e+000, 0.000000e+000
 3.887500e-001,-1.197060e+003, 3.398289e+003,-1.870871e+003, 2.658801e+003,-1.842706e+001,-4.251607e+001, 2.455977e+003, 0.000000e+000, 0.000000e+000, 0.000000e+000
 3.888000e-001,-1.247825e+003, 3.403838e+003,-1.813550e+003, 2.608404e+003,-1.944082e+001,-3.986392e+001, 2.401242e+003, 0.000000e+000, 0.000000e+000, 0.000000e+000
 3.888500e-001,-1.295284e+003, 3.402811e+003,-1.762449e+003, 2.557082e+003,-2.046881e+001,-3.719796e+001, 2.345365e+003, 0.000000e+000, 0.000000e+000, 0.000000e+000
 3.889000e-001,-1.344996e+003, 3.405579e+003,-1.703678e+003, 2.504844e+003,-2.148622e+001,-3.453119e+001, 2.288958e+003, 0.000000e+000, 0.000000e+000, 0.000000e+000
 3.889500e-001,-1.391670e+003, 3.402529e+003,-1.651483e+003, 2.451719e+003,-2.251940e+001,-3.185529e+001, 2.231444e+003, 0.000000e+000, 0.000000e+000, 0.000000e+000
 3.890000e-001,-1.440270e+003, 3.402442e+003,-1.591433e+003, 2.397716e+003,-2.353857e+001,-2.917707e+001, 2.173444e+003, 0.000000e+000, 0.000000e+000, 0.000000e+000
 3.890500e-001,-1.486080e+003, 3.397439e+003,-1.538133e+003, 2.342864e+003,-2.457465e+001,-2.649428e+001, 2.114373e+003, 0.000000e+000, 0.000000e+000, 0.000000e+000
 3.891000e-001,-1.533514e+003, 3.394434e+003,-1.476975e+003, 2.287175e+003,-2.559346e+001,-2.380763e+001, 2.054860e+003, 0.000000e+000, 0.000000e+000, 0.000000e+000
 3.891500e-001,-1.578380e+003, 3.387542e+003,-1.422563e+003, 2.230675e+003,-2.662988e+001,-2.112078e+001, 1.994315e+003, 0.000000e+000, 0.000000e+000, 0.000000e+000
 3.892000e-001,-1.624596e+003, 3.381569e+003,-1.360465e+003, 2.173379e+003,-2.764601e+001,-1.842857e+001, 1.933373e+003, 0.000000e+000, 0.000000e+000, 0.000000e+000
 3.892500e-001,-1.668437e+003, 3.372844e+003,-1.304941e+003, 2.115314e+003,-2.867998e+001,-1.574026e+001, 1.871437e+003, 0.000000e+000, 0.000000e+000, 0.000000e+000
 3.893000e-001,-1.713388e+003, 3.363869e+003,-1.242068e+003, 2.056493e+003,-2.969090e+001,-1.304526e+001, 1.809152e+003, 0.000000e+000, 0.000000e+000, 0.000000e+000
 3.893500e-001,-1.756122e+003, 3.353360e+003,-1.185440e+003, 1.996946e+003,-3.071939e+001,-1.035791e+001, 1.745911e+003, 0.000000e+000, 0.000000e+000, 0.000000e+000
 3.894000e-001,-1.799762e+003, 3.341365e+003,-1.121948e+003, 1.936686e+003,-3.172241e+001,-7.662743e+000, 1.682368e+003, 0.000000e+000, 0.000000e+000, 0.000000e+000
 3.894500e-001,-1.841313e+003, 3.329109e+003,-1.064235e+003, 1.875742e+003,-3.274216e+001,-4.978599e+000, 1.617910e+003, 0.000000e+000, 0.000000e+000, 0.000000e+000
 3.895000e-001,-1.883596e+003, 3.314093e+003,-1.000273e+003, 1.814130e+003,-3.373442e+001,-2.285774e+000, 1.553200e+003, 0.000000e+000, 0.000000e+000, 0.000000e+000
 3.895500e-001,-1.923888e+003, 3.300119e+003,-9.415037e+002, 1.751878e+003,-3.474201e+001, 3.930714e-001, 1.487614e+003, 0.000000e+000, 0.000000e+000, 0.000000e+000
 3.896000e-001,-1.964769e+003, 3.282097e+003,-8.772104e+002, 1.689002e+003,-3.572047e+001, 3.081131e+000, 1.421826e+003, 0.000000e+000, 0.000000e+000, 0.000000e+000
 3.896500e-001,-2.003730e+003, 3.266421e+003,-8.174274e+002, 1.625530e+003,-3.671231e+001, 5.752709e+000, 1.355203e+003, 0.000000e+000, 0.000000e+000, 0.000000e+000
 3.897000e-001,-2.043165e+003, 3.245428e+003,-7.529302e+002, 1.561482e+003,-3.767380e+001, 8.433666e+000, 1.288430e+003, 0.000000e+000, 0.000000e+000, 0.000000e+000
 3.897500e-001,-2.080727e+003, 3.228057e+003,-6.921890e+002, 1.496882e+003,-3.864619e+001, 1.109611e+001, 1.220863e+003, 0.000000e+000, 0.000000e+000, 0.000000e+000
 3.898000e-001,-2.118668e+003, 3.204145e+003,-6.276034e+002, 1.431752e+003,-3.958743e+001, 1.376769e+001, 1.153197e+003, 0.000000e+000, 0.000000e+000, 0.000000e+000
 3.898500e-001,-2.154771e+003, 3.185073e+003,-5.659730e+002, 1.366117e+003,-4.053656e+001, 1.641919e+001, 1.084779e+003, 0.000000e+000, 0.000000e+000, 0.000000e+000
 3.899000e-001,-2.191170e+003, 3.158310e+003,-5.014020e+002, 1.299999e+003,-4.145415e+001, 1.907918e+001, 1.016316e+003, 0.000000e+000, 0.000000e+000, 0.000000e+000
 3.899500e-001,-2.225758e+003, 3.137523e+003,-4.389649e+002, 1.233424e+003,-4.237616e+001, 2.171796e+001, 9.471425e+002, 0.000000e+000, 0.000000e+000, 0.000000e+000
 3.900000e-001,-2.260564e+003, 3.107995e+003,-3.744995e+002, 1.166413e+003,-4.326668e+001, 2.436417e+001, 8.779778e+002, 0.000000e+000, 0.000000e+000, 0.000000e+000
 3.900500e-001,-2.293589e+003, 3.085469e+003,-3.113512e+002, 1.098992e+003,-4.415768e+001, 2.698847e+001, 8.081450e+002, 0.000000e+000, 0.000000e+000, 0.000000e+000
 3.901000e-001,-2.326750e+003, 3.053276e+003,-2.470703e+002, 1.031183e+003,-4.501765e+001, 2.961873e+001, 7.383755e+002, 0.000000e+000, 0.000000e+000, 0.000000e+000
 3.901500e-001,-2.358167e+003, 3.028978e+003,-1.833185e+002, 9.630139e+002,-4.587378e+001, 3.222675e+001, 6.679808e+002, 0.000000e+000, 0.000000e+000, 0.000000e+000
 3.902000e-001,-2.389629e+003, 2.994237e+003,-1.192897e+002, 8.945050e+002,-4.669971e+001, 3.483887e+001, 5.977045e+002, 0.000000e+000, 0.000000e+000, 0.000000e+000
 3.902500e-001,-2.419404e+003, 2.968125e+003,-5.505337e+001, 8.256841e+002,-4.751717e+001, 3.742878e+001, 5.268460e+002, 0.000000e+000, 0.000000e+000, 0.000000e+000
 3.903000e-001,-2.449111e+003, 2.930966e+003, 8.665902e+000, 7.565726e+002,-4.830560e+001, 4.002055e+001, 4.561615e+002, 0.000000e+000, 0.000000e+000, 0.000000e+000
 3.903500e-001,-2.477213e+003, 2.902995e+003, 7.325819e+001, 6.871987e+002,-4.908068e+001, 4.259041e+001, 3.849383e+002, 0.000000e+000, 0.000000e+000, 0.000000e+000
 3.904000e-001,-2.505107e+003, 2.863555e+003, 1.366195e+002, 6.175829e+002,-4.982822e+001, 4.515959e+001, 3.139452e+002, 0.000000e+000, 0.000000e+000, 0.000000e+000
 3.904500e-001,-2.531512e+003, 2.833676e+003, 2.014309e+002, 5.477551e+002,-5.055738e+001, 4.770739e+001, 2.424570e+002, 0.000000e+000, 0.000000e+000, 0.000000e+000
 3.905000e-001,-2.557536e+003, 2.792106e+003, 2.643934e+002, 4.777343e+002,-5.126072e+001, 5.025166e+001, 1.712551e+002, 0.000000e+000, 0.000000e+000, 0.000000e+000
 3.905500e-001,-2.582225e+003, 2.760266e+003, 3.292807e+002, 4.075518e+002,-5.194058e+001, 5.277524e+001, 9.960217e+001, 0.000000e+000, 0.000000e+000, 0.000000e+000
 3.906000e-001,-2.606321e+003, 2.716720e+003, 3.918096e+002, 3.372257e+002,-5.259657e+001, 5.529221e+001, 2.829214e+001, 0.000000e+000, 0.000000e+000, 0.000000e+000
 3.906500e-001,-2.629280e+003, 2.682868e+003, 4.566249e+002, 2.667885e+002,-5.322398e+001, 5.778928e+001,-4.342492e+001, 0.000000e+000, 0.000000e+000, 0.000000e+000
 3.907000e-001,-2.651392e+003, 2.637508e+003, 5.186898e+002, 1.962569e+002,-5.382961e+001, 6.027649e+001,-1.147423e+002, 0.000000e+000, 0.000000e+000, 0.000000e+000
 3.907500e-001,-2.672609e+003, 2.601593e+003, 5.832825e+002, 1.256650e+002,-5.440169e+001, 6.274461e+001,-1.864225e+002, 0.000000e+000, 0.000000e+000, 0.000000e+000
 3.908000e-001,-2.692683e+003, 2.554583e+003, 6.448560e+002, 5.502803e+001,-5.495417e+001, 6.519947e+001,-2.576463e+002, 0.000000e+000, 0.000000e+000, 0.000000e+000
 3.908500e-001,-2.712151e+003, 2.516560e+003, 7.090745e+002,-1.561833e+001,-5.546832e+001, 6.763602e+001,-3.291886e+002, 0.000000e+000, 0.000000e+000, 0.000000e+000
 3.909000e-001,-2.730135e+003, 2.468062e+003, 7.701302e+002,-8.626041e+001,-5.596510e+001, 7.005586e+001,-4.002177e+002, 0.000000e+000, 0.000000e+000, 0.000000e+000
 3.909500e-001,-2.747847e+003, 2.427892e+003, 8.338236e+002,-1.568611e+002,-5.641906e+001, 7.245808e+001,-4.715210e+002, 0.000000e+000, 0.000000e+000, 0.000000e+000
 3.910000e-001,-2.763695e+003, 2.378067e+003, 8.943351e+002,-2.274082e+002,-5.685784e+001, 7.484009e+001,-5.422545e+002, 0.000000e+000, 0.000000e+000, 0.000000e+000
 3.910500e-001,-2.779646e+003, 2.335721e+003, 9.573552e+002,-2.978633e+002,-5.724969e+001, 7.720502e+001,-6.132177e+002, 0.000000e+000, 0.000000e+000, 0.000000e+000
 3.911000e-001,-2.793315e+003, 2.284726e+003, 1.017294e+003,-3.682155e+002,-5.762848e+001, 7.954627e+001,-6.835548e+002, 0.000000e+000, 0.000000e+000, 0.000000e+000
 3.911500e-001,-2.807500e+003, 2.240182e+003, 1.079497e+003,-4.384254e+002,-5.795671e+001, 8.187081e+001,-7.540773e+002, 0.000000e+000, 0.000000e+000, 0.000000e+000
 3.912000e-001,-2.818955e+003, 2.188168e+003, 1.138832e+003,-5.084832e+002,-5.827383e+001, 8.416827e+001,-8.239177e+002, 0.000000e+000, 0.000000e+000, 0.000000e+000
 3.912500e-001,-2.831367e+003, 2.141420e+003, 1.200079e+003,-5.783487e+002,-5.853729e+001, 8.644914e+001,-8.938992e+002, 0.000000e+000, 0.000000e+000, 0.000000e+000
 3.913000e-001,-2.840579e+003, 2.088527e+003, 1.258776e+003,-6.480129e+002,-5.879143e+001, 8.869965e+001,-9.631431e+002, 0.000000e+000, 0.000000e+000, 0.000000e+000
 3.913500e-001,-2.851211e+003, 2.039581e+003, 1.318934e+003,-7.174354e+002,-5.898940e+001, 9.093343e+001,-1.032484e+003, 0.000000e+000, 0.000000e+000, 0.000000e+000
 3.914000e-001,-2.858158e+003, 1.985942e+003, 1.376952e+003,-7.866077e+002,-5.917960e+001, 9.313371e+001,-1.101032e+003, 0.000000e+000, 0.000000e+000, 0.000000e+000
 3.914500e-001,-2.867001e+003, 1.934820e+003, 1.435898e+003,-8.554892e+002,-5.931176e+001, 9.531686e+001,-1.169633e+003, 0.000000e+000, 0.000000e+000, 0.000000e+000
 3.915000e-001,-2.871669e+003, 1.880554e+003, 1.493192e+003,-9.240720e+002,-5.943744e+001, 9.746353e+001,-1.237387e+003, 0.000000e+000, 0.000000e+000, 0.000000e+000
 3.915500e-001,-2.878712e+003, 1.827293e+003, 1.550810e+003,-9.923155e+002,-5.950391e+001, 9.959235e+001,-1.305150e+003, 0.000000e+000, 0.000000e+000, 0.000000e+000
 3.916000e-001,-2.881094e+003, 1.772507e+003, 1.607328e+003,-1.060212e+003,-5.956487e+001, 1.016819e+002,-1.372012e+003, 0.000000e+000, 0.000000e+000, 0.000000e+000
 3.916500e-001,-2.886323e+003, 1.717164e+003, 1.663510e+003,-1.127721e+003,-5.956618e+001, 1.037527e+002,-1.438840e+003, 0.000000e+000, 0.000000e+000, 0.000000e+000
 3.917000e-001,-2.886423e+003, 1.661952e+003, 1.719195e+003,-1.194835e+003,-5.956263e+001, 1.057816e+002,-1.504715e+003, 0.000000e+000, 0.000000e+000, 0.000000e+000
 3.917500e-001,-2.889822e+003, 1.604598e+003, 1.773844e+003,-1.261516e+003,-5.949972e+001, 1.077904e+002,-1.570511e+003, 0.000000e+000, 0.000000e+000, 0.000000e+000
 3.918000e-001,-2.887649e+003, 1.549039e+003, 1.828632e+003,-1.327753e+003,-5.943226e+001, 1.097551e+002,-1.635303e+003, 0.000000e+000, 0.000000e+000, 0.000000e+000
 3.918500e-001,-2.889199e+003, 1.489765e+003, 1.881660e+003,-1.393511e+003,-5.930645e+001, 1.116980e+002,-1.699974e+003, 0.000000e+000, 0.000000e+000, 0.000000e+000
 3.919000e-001,-2.884774e+003, 1.433924e+003, 1.935480e+003,-1.458778e+003,-5.917605e+001, 1.135948e+002,-1.763589e+003, 0.000000e+000, 0.000000e+000, 0.000000e+000
 3.919500e-001,-2.884455e+003, 1.372837e+003, 1.986810e+003,-1.523520e+003,-5.898905e+001, 1.154679e+002,-1.827040e+003, 0.000000e+000, 0.000000e+000, 0.000000e+000
 3.920000e-001,-2.877804e+003, 1.316765e+003, 2.039585e+003,-1.587726e+003,-5.879708e+001, 1.172931e+002,-1.889388e+003, 0.000000e+000, 0.000000e+000, 0.000000e+000
 3.920500e-001,-2.875593e+003, 1.253990e+003, 2.089147e+003,-1.651362e+003,-5.855093e+001, 1.190924e+002,-1.951527e+003, 0.000000e+000, 0.000000e+000, 0.000000e+000
 3.921000e-001,-2.866750e+003, 1.197724e+003, 2.140796e+003,-1.714415e+003,-5.829910e+001, 1.208422e+002,-2.012516e+003, 0.000000e+000, 0.000000e+000, 0.000000e+000
 3.921500e-001,-2.862624e+003, 1.133402e+003, 2.188533e+003,-1.776855e+003,-5.799617e+001, 1.225638e+002,-2.073255e+003, 0.000000e+000, 0.000000e+000, 0.000000e+000
 3.922000e-001,-2.851629e+003, 1.076965e+003, 2.238966e+003,-1.838667e+003,-5.768654e+001, 1.242347e+002,-2.132797e+003, 0.000000e+000, 0.000000e+000, 0.000000e+000
 3.922500e-001,-2.845564e+003, 1.011251e+003, 2.284828e+003,-1.899824e+003,-5.732948e+001, 1.258746e+002,-2.192046e+003, 0.000000e+000, 0.000000e+000, 0.000000e+000
 3.923000e-001,-2.832465e+003, 9.546562e+002, 2.333952e+003,-1.960308e+003,-5.696442e+001, 1.274628e+002,-2.250054e+003, 0.000000e+000, 0.000000e+000, 0.000000e+000
 3.923500e-001,-2.824438e+003, 8.877186e+002, 2.377900e+003,-2.020095e+003,-5.655613e+001, 1.290172e+002,-2.307728e+003, 0.000000e+000, 0.000000e+000, 0.000000e+000
 3.924000e-001,-2.809285e+003, 8.309665e+002, 2.425618e+003,-2.079167e+003,-5.613828e+001, 1.305192e+002,-2.364118e+003, 0.000000e+000, 0.000000e+000, 0.000000e+000
 3.924500e-001,-2.799273e+003, 7.629852e+002, 2.467620e+003,-2.137500e+003,-5.568187e+001, 1.319844e+002,-2.420133e+003, 0.000000e+000, 0.000000e+000, 0.000000e+000
 3.925000e-001,-2.782123e+003, 7.060689e+002, 2.513831e+003,-2.195076e+003,-5.521413e+001, 1.333966e+002,-2.474823e+003, 0.000000e+000, 0.000000e+000, 0.000000e+000
 3.925500e-001,-2.770106e+003, 6.372332e+002, 2.553863e+003,-2.251875e+003,-5.471286e+001, 1.347689e+002,-2.529098e+003, 0.000000e+000, 0.000000e+000, 0.000000e+000
 3.926000e-001,-2.751019e+003, 5.801384e+002, 2.598462e+003,-2.307873e+003,-5.419835e+001, 1.360880e+002,-2.582008e+003, 0.000000e+000, 0.000000e+000, 0.000000e+000
 3.926500e-001,-2.736978e+003, 5.106447e+002, 2.636509e+003,-2.363057e+003,-5.365561e+001, 1.373639e+002,-2.634463e+003, 0.000000e+000, 0.000000e+000, 0.000000e+000
 3.927000e-001,-2.716016e+003, 4.533520e+002, 2.679390e+003,-2.417400e+003,-5.309760e+001, 1.385865e+002,-2.685517e+003, 0.000000e+000, 0.000000e+000, 0.000000e+000
 3.927500e-001,-2.699938e+003, 3.834019e+002, 2.715443e+003,-2.470890e+003,-5.251685e+001, 1.397626e+002,-2.736076e+003, 0.000000e+000, 0.000000e+000, 0.000000e+000
 3.928000e-001,-2.677163e+003, 3.258890e+002, 2.756497e+003,-2.523502e+003,-5.191875e+001, 1.408857e+002,-2.785198e+003, 0.000000e+000, 0.000000e+000, 0.000000e+000
 3.928500e-001,-2.659038e+003, 2.556862e+002, 2.790552e+003,-2.575225e+003,-5.130349e+001, 1.419589e+002,-2.833788e+003, 0.000000e+000, 0.000000e+000, 0.000000e+000
 3.929000e-001,-2.634516e+003, 1.979302e+002, 2.829672e+003,-2.626030e+003,-5.066882e+001, 1.429793e+002,-2.880908e+003, 0.000000e+000, 0.000000e+000, 0.000000e+000
 3.929500e-001,-2.614338e+003, 1.276787e+002, 2.861733e+003,-2.675912e+003,-5.002252e+001, 1.439466e+002,-2.927457e+003, 0.000000e+000, 0.000000e+000, 0.000000e+000
 3.930000e-001,-2.588135e+003, 6.965798e+001, 2.898810e+003,-2.724841e+003,-4.935480e+001, 1.448617e+002,-2.972505e+003, 0.000000e+000, 0.000000e+000, 0.000000e+000
 3.930500e-001,-2.565905e+003,-4.406907e-001, 2.928883e+003,-2.772812e+003,-4.868089e+001, 1.457204e+002,-3.016946e+003, 0.000000e+000, 0.000000e+000, 0.000000e+000
 3.931000e-001,-2.538083e+003,-5.874404e+001, 2.963812e+003,-2.819794e+003,-4.798367e+001, 1.465274e+002,-3.059857e+003, 0.000000e+000, 0.000000e+000, 0.000000e+000
 3.931500e-001,-2.513809e+003,-1.284931e+002, 2.991908e+003,-2.865787e+003,-4.728548e+001, 1.472749e+002,-3.102125e+003, 0.000000e+000, 0.000000e+000, 0.000000e+000
 3.932000e-001,-2.484431e+003,-1.870913e+002, 3.024585e+003,-2.910757e+003,-4.656225e+001, 1.479716e+002,-3.142837e+003, 0.000000e+000, 0.000000e+000, 0.000000e+000
 3.932500e-001,-2.458127e+003,-2.563012e+002, 3.050716e+003,-2.954706e+003,-4.584298e+001, 1.486056e+002,-3.182871e+003, 0.000000e+000, 0.000000e+000, 0.000000e+000
 3.933000e-001,-2.427254e+003,-3.151987e+002, 3.081043e+003,-2.997601e+003,-4.509716e+001, 1.491897e+002,-3.221325e+003, 0.000000e+000, 0.000000e+000, 0.000000e+000
 3.933500e-001,-2.398940e+003,-3.836888e+002, 3.105223e+003,-3.039444e+003,-4.435983e+001, 1.497083e+002,-3.259066e+003, 0.000000e+000, 0.000000e+000, 0.000000e+000
 3.934000e-001,-2.366632e+003,-4.428807e+002, 3.133105e+003,-3.080203e+003,-4.359471e+001, 1.501779e+002,-3.295206e+003, 0.000000e+000, 0.000000e+000, 0.000000e+000
 3.934500e-001,-2.336336e+003,-5.104815e+002, 3.155348e+003,-3.119882e+003,-4.284216e+001, 1.505794e+002,-3.330601e+003, 0.000000e+000, 0.000000e+000, 0.000000e+000
 3.935000e-001,-2.302650e+003,-5.699520e+002, 3.180700e+003,-3.158447e+003,-4.206087e+001, 1.509327e+002,-3.364373e+003, 0.000000e+000, 0.000000e+000, 0.000000e+000
 3.935500e-001,-2.270407e+003,-6.365068e+002, 3.201019e+003,-3.195905e+003,-4.129569e+001, 1.512157e+002,-3.397370e+003, 0.000000e+000, 0.000000e+000, 0.000000e+000
 3.936000e-001,-2.235396e+003,-6.962274e+002, 3.223760e+003,-3.232222e+003,-4.050118e+001, 1.514513e+002,-3.428727e+003, 0.000000e+000, 0.000000e+000, 0.000000e+000
 3.936500e-001,-2.201250e+003,-7.615938e+002, 3.242166e+003,-3.267406e+003,-3.972575e+001, 1.516146e+002,-3.459280e+003, 0.000000e+000, 0.000000e+000, 0.000000e+000
 3.937000e-001,-2.164966e+003,-8.215230e+002, 3.262226e+003,-3.301423e+003,-3.892074e+001, 1.517314e+002,-3.488176e+003, 0.000000e+000, 0.000000e+000, 0.000000e+000
 3.937500e-001,-2.128965e+003,-8.855735e+002, 3.278726e+003,-3.334282e+003,-3.813714e+001, 1.517743e+002,-3.516240e+003, 0.000000e+000, 0.000000e+000, 0.000000e+000
 3.938000e-001,-2.091457e+003,-9.456556e+002, 3.296047e+003,-3.365952e+003,-3.732410e+001, 1.517713e+002,-3.542634e+003, 0.000000e+000, 0.000000e+000, 0.000000e+000
 3.938500e-001,-2.053659e+003,-1.008279e+003, 3.310645e+003,-3.396440e+003,-3.653418e+001, 1.516933e+002,-3.568169e+003, 0.000000e+000, 0.000000e+000, 0.000000e+000
 3.939000e-001,-2.014974e+003,-1.068444e+003, 3.325176e+003,-3.425717e+003,-3.571533e+001, 1.515700e+002,-3.592023e+003, 0.000000e+000, 0.000000e+000, 0.000000e+000
 3.939500e-001,-1.975441e+003,-1.129545e+003, 3.337871e+003,-3.453791e+003,-3.492063e+001, 1.513709e+002,-3.614994e+003, 0.000000e+000, 0.000000e+000, 0.000000e+000
 3.940000e-001,-1.935625e+003,-1.189708e+003, 3.349576e+003,-3.480632e+003,-3.409790e+001, 1.511269e+002,-3.636274e+003, 0.000000e+000, 0.000000e+000, 0.000000e+000
 3.940500e-001,-1.894425e+003,-1.249209e+003, 3.360359e+003,-3.506250e+003,-3.329968e+001, 1.508069e+002,-3.656648e+003, 0.000000e+000, 0.000000e+000, 0.000000e+000
 3.941000e-001,-1.853521e+003,-1.309271e+003, 3.369215e+003,-3.530618e+003,-3.247470e+001, 1.504424e+002,-3.675324e+003, 0.000000e+000, 0.000000e+000, 0.000000e+000
 3.941500e-001,-1.810729e+003,-1.367109e+003, 3.378073e+003,-3.553745e+003,-3.167397e+001, 1.500020e+002,-3.693074e+003, 0.000000e+000, 0.000000e+000, 0.000000e+000
 3.942000e-001,-1.768779e+003,-1.426958e+003, 3.384070e+003,-3.575604e+003,-3.084810e+001, 1.495170e+002,-3.709120e+003, 0.000000e+000, 0.000000e+000, 0.000000e+000
 3.942500e-001,-1.724474e+003,-1.483087e+003, 3.390982e+003,-3.596205e+003,-3.004557e+001, 1.489571e+002,-3.724221e+003, 0.000000e+000, 0.000000e+000, 0.000000e+000
 3.943000e-001,-1.681519e+003,-1.542597e+003, 3.394122e+003,-3.615524e+003,-2.921984e+001, 1.483525e+002,-3.737615e+003, 0.000000e+000, 0.000000e+000, 0.000000e+000
 3.943500e-001,-1.635783e+003,-1.596987e+003, 3.399060e+003,-3.633569e+003,-2.841598e+001, 1.476741e+002,-3.750047e+003, 0.000000e+000, 0.000000e+000, 0.000000e+000
 3.944000e-001,-1.591865e+003,-1.656021e+003, 3.399361e+003,-3.650320e+003,-2.759116e+001, 1.469507e+002,-3.760770e+003, 0.000000e+000, 0.000000e+000, 0.000000e+000
 3.944500e-001,-1.544785e+003,-1.708653e+003, 3.402291e+003,-3.665783e+003,-2.678618e+001, 1.461553e+002,-3.770517e+003, 0.000000e+000, 0.000000e+000, 0.000000e+000
 3.945000e-001,-1.499945e+003,-1.767066e+003, 3.399783e+003,-3.679940e+003,-2.596272e+001, 1.453146e+002,-3.778554e+003, 0.000000e+000, 0.000000e+000, 0.000000e+000
 3.945500e-001,-1.451610e+003,-1.817934e+003, 3.400665e+003,-3.692798e+003,-2.515663e+001, 1.444040e+002,-3.785605e+003, 0.000000e+000, 0.000000e+000, 0.000000e+000
 3.946000e-001,-1.405890e+003,-1.875570e+003, 3.395391e+003,-3.704341e+003,-2.433473e+001, 1.434474e+002,-3.790947e+003, 0.000000e+000, 0.000000e+000, 0.000000e+000
 3.946500e-001,-1.356391e+003,-1.924680e+003, 3.394178e+003,-3.714575e+003,-2.352732e+001, 1.424236e+002,-3.795292e+003, 0.000000e+000, 0.000000e+000, 0.000000e+000
 3.947000e-001,-1.309834e+003,-1.981378e+003, 3.386193e+003,-3.723486e+003,-2.270691e+001, 1.413531e+002,-3.797932e+003, 0.000000e+000, 0.000000e+000, 0.000000e+000
 3.947500e-001,-1.259263e+003,-2.028743e+003, 3.382836e+003,-3.731079e+003,-2.189779e+001, 1.402185e+002,-3.799568e+003, 0.000000e+000, 0.000000e+000, 0.000000e+000
 3.948000e-001,-1.211915e+003,-2.084339e+003, 3.372205e+003,-3.737345e+003,-2.107858e+001, 1.390364e+002,-3.799504e+003, 0.000000e+000, 0.000000e+000, 0.000000e+000
 3.948500e-001,-1.160365e+003,-2.129980e+003, 3.366650e+003,-3.742286e+003,-2.026721e+001, 1.377937e+002,-3.798431e+003, 0.000000e+000, 0.000000e+000, 0.000000e+000
 3.949000e-001,-1.112273e+003,-2.184306e+003, 3.353448e+003,-3.745896e+003,-1.944867e+001, 1.365025e+002,-3.795663e+003, 0.000000e+000, 0.000000e+000, 0.000000e+000
 3.949500e-001,-1.059836e+003,-2.228249e+003, 3.345640e+003,-3.748177e+003,-1.863437e+001, 1.351544e+002,-3.791885e+003, 0.000000e+000, 0.000000e+000, 0.000000e+000
 3.950000e-001,-1.011049e+003,-2.281138e+003, 3.329951e+003,-3.749125e+003,-1.781581e+001, 1.337571e+002,-3.786420e+003, 0.000000e+000, 0.000000e+000, 0.000000e+000
 3.950500e-001,-9.578201e+002,-2.323411e+003, 3.319834e+003,-3.748741e+003,-1.699781e+001, 1.323069e+002,-3.779944e+003, 0.000000e+000, 0.000000e+000, 0.000000e+000
 3.951000e-001,-9.083903e+002,-2.374698e+003, 3.301745e+003,-3.747024e+003,-1.617836e+001, 1.308066e+002,-3.771791e+003, 0.000000e+000, 0.000000e+000, 0.000000e+000
 3.951500e-001,-8.544600e+002,-2.415331e+003, 3.289268e+003,-3.743976e+003,-1.535582e+001, 1.292575e+002,-3.762629e+003, 0.000000e+000, 0.000000e+000, 0.000000e+000
 3.952000e-001,-8.044422e+002,-2.464856e+003, 3.268871e+003,-3.739594e+003,-1.453448e+001, 1.276577e+002,-3.751801e+003, 0.000000e+000, 0.000000e+000, 0.000000e+000
 3.952500e-001,-7.499016e+002,-2.503876e+003, 3.253984e+003,-3.733884e+003,-1.370648e+001, 1.260133e+002,-3.739968e+003, 0.000000e+000, 0.000000e+000, 0.000000e+000
 3.953000e-001,-6.993537e+002,-2.551487e+003, 3.231373e+003,-3.726844e+003,-1.288216e+001, 1.243177e+002,-3.726482e+003, 0.000000e+000, 0.000000e+000, 0.000000e+000
 3.953500e-001,-6.442924e+002,-2.588918e+003, 3.214034e+003,-3.718478e+003,-1.204778e+001, 1.225817e+002,-3.711999e+003, 0.000000e+000, 0.000000e+000, 0.000000e+000
 3.954000e-001,-5.932750e+002,-2.634470e+003, 3.189303e+003,-3.708789e+003,-1.121931e+001, 1.207944e+002,-3.695875e+003, 0.000000e+000, 0.000000e+000, 0.000000e+000
 3.954500e-001,-5.377808e+002,-2.670334e+003, 3.169476e+003,-3.697778e+003,-1.037763e+001, 1.189707e+002,-3.678763e+003, 0.000000e+000, 0.000000e+000, 0.000000e+000
 3.955000e-001,-4.863575e+002,-2.713693e+003, 3.142716e+003,-3.685451e+003,-9.543793e+000, 1.170958e+002,-3.660027e+003, 0.000000e+000, 0.000000e+000, 0.000000e+000
 3.955500e-001,-4.305167e+002,-2.748004e+003, 3.120376e+003,-3.671811e+003,-8.693910e+000, 1.151885e+002,-3.640313e+003, 0.000000e+000, 0.000000e+000, 0.000000e+000
 3.956000e-001,-3.787536e+002,-2.789047e+003, 3.091676e+003,-3.656863e+003,-7.853503e+000, 1.132304e+002,-3.618993e+003, 0.000000e+000, 0.000000e+000, 0.000000e+000
 3.956500e-001,-3.226507e+002,-2.821812e+003, 3.066809e+003,-3.640612e+003,-6.994566e+000, 1.112437e+002,-3.596708e+003, 0.000000e+000, 0.000000e+000, 0.000000e+000
 3.957000e-001,-2.706165e+002,-2.860431e+003, 3.036249e+003,-3.623063e+003,-6.146394e+000, 1.092069e+002,-3.572834e+003, 0.000000e+000, 0.000000e+000, 0.000000e+000
 3.957500e-001,-2.143346e+002,-2.891646e+003, 3.008854e+003,-3.604222e+003,-5.277620e+000, 1.071450e+002,-3.548011e+003, 0.000000e+000, 0.000000e+000, 0.000000e+000
 3.958000e-001,-1.620999e+002,-2.927747e+003, 2.976511e+003,-3.584097e+003,-4.420542e+000, 1.050341e+002,-3.521620e+003, 0.000000e+000, 0.000000e+000, 0.000000e+000
 3.958500e-001,-1.057205e+002,-2.957403e+003, 2.946599e+003,-3.562693e+003,-3.541236e+000, 1.029014e+002,-3.494297e+003, 0.000000e+000, 0.000000e+000, 0.000000e+000
 3.959000e-001,-5.335783e+001,-2.990905e+003, 2.912541e+003,-3.540020e+003,-2.674195e+000, 1.007213e+002,-3.465427e+003, 0.000000e+000, 0.000000e+000, 0.000000e+000
 3.959500e-001, 3.038735e+000,-3.018982e+003, 2.880139e+003,-3.516082e+003,-1.783770e+000, 9.852219e+001,-3.435643e+003, 0.000000e+000, 0.000000e+000, 0.000000e+000
 3.960000e-001, 5.545572e+001,-3.049821e+003, 2.844424e+003,-3.490891e+003,-9.058182e-001, 9.627773e+001,-3.404336e+003, 0.000000e+000, 0.000000e+000, 0.000000e+000
 3.960500e-001, 1.117901e+002,-3.076290e+003, 2.809574e+003,-3.464453e+003,-3.807514e-003, 9.401660e+001,-3.372136e+003, 0.000000e+000, 0.000000e+000, 0.000000e+000
 3.961000e-001, 1.641868e+002,-3.104416e+003, 2.772251e+003,-3.436781e+003, 8.858676e-001, 9.171258e+001,-3.338437e+003, 0.000000e+000, 0.000000e+000, 0.000000e+000
 3.961500e-001, 2.203805e+002,-3.129237e+003, 2.735010e+003,-3.407881e+003, 1.799790e+000, 8.939394e+001,-3.303868e+003, 0.000000e+000, 0.000000e+000, 0.000000e+000
 3.962000e-001, 2.726819e+002,-3.154617e+003, 2.696122e+003,-3.377765e+003, 2.701842e+000, 8.703519e+001,-3.267827e+003, 0.000000e+000, 0.000000e+000, 0.000000e+000
 3.962500e-001, 3.286569e+002,-3.177742e+003, 2.656561e+003,-3.346443e+003, 3.627850e+000, 8.466348e+001,-3.230939e+003, 0.000000e+000, 0.000000e+000, 0.000000e+000
 3.963000e-001, 3.807878e+002,-3.200357e+003, 2.616139e+003,-3.313928e+003, 4.542752e+000, 8.225482e+001,-3.192606e+003, 0.000000e+000, 0.000000e+000, 0.000000e+000
 3.963500e-001, 4.364665e+002,-3.221730e+003, 2.574342e+003,-3.280228e+003, 5.480854e+000, 7.983445e+001,-3.153452e+003, 0.000000e+000, 0.000000e+000, 0.000000e+000
 3.964000e-001, 4.883525e+002,-3.241574e+003, 2.532412e+003,-3.245359e+003, 6.408877e+000, 7.738059e+001,-3.112883e+003, 0.000000e+000, 0.000000e+000, 0.000000e+000
 3.964500e-001, 5.436570e+002,-3.261133e+003, 2.488477e+003,-3.209330e+003, 7.358907e+000, 7.491592e+001,-3.071520e+003, 0.000000e+000, 0.000000e+000, 0.000000e+000
 3.965000e-001, 5.952244e+002,-3.278213e+003, 2.445058e+003,-3.172157e+003, 8.300102e+000, 7.242150e+001,-3.028771e+003, 0.000000e+000, 0.000000e+000, 0.000000e+000
 3.965500e-001, 6.500770e+002,-3.295888e+003, 2.399093e+003,-3.133850e+003, 9.261706e+000, 6.991682e+001,-2.985258e+003, 0.000000e+000, 0.000000e+000, 0.000000e+000
 3.966000e-001, 7.012532e+002,-3.310224e+003, 2.354197e+003,-3.094426e+003, 1.021589e+001, 6.738631e+001,-2.940391e+003, 0.000000e+000, 0.000000e+000, 0.000000e+000
 3.966500e-001, 7.555758e+002,-3.325942e+003, 2.306321e+003,-3.053896e+003, 1.118852e+001, 6.484584e+001,-2.894790e+003, 0.000000e+000, 0.000000e+000, 0.000000e+000
 3.967000e-001, 8.062900e+002,-3.337564e+003, 2.259958e+003,-3.012277e+003, 1.215527e+001, 6.228357e+001,-2.847868e+003, 0.000000e+000, 0.000000e+000, 0.000000e+000
 3.967500e-001, 8.600041e+002,-3.351247e+003, 2.210297e+003,-2.969582e+003, 1.313817e+001, 5.971139e+001,-2.800243e+003, 0.000000e+000, 0.000000e+000, 0.000000e+000
 3.968000e-001, 9.101872e+002,-3.360195e+003, 2.162475e+003,-2.925829e+003, 1.411679e+001, 5.712150e+001,-2.751333e+003, 0.000000e+000, 0.000000e+000, 0.000000e+000
 3.968500e-001, 9.632137e+002,-3.371763e+003, 2.111159e+003,-2.881030e+003, 1.510901e+001, 5.452160e+001,-2.701751e+003, 0.000000e+000, 0.000000e+000, 0.000000e+000
 3.969000e-001, 1.012799e+003,-3.378083e+003, 2.061886e+003,-2.835205e+003, 1.609855e+001, 5.190805e+001,-2.650920e+003, 0.000000e+000, 0.000000e+000, 0.000000e+000
 3.969500e-001, 1.065058e+003,-3.387460e+003, 2.009050e+003,-2.788367e+003, 1.709891e+001, 4.928427e+001,-2.599452e+003, 0.000000e+000, 0.000000e+000, 0.000000e+000
 3.970000e-001, 1.113980e+003,-3.391204e+003, 1.958337e+003,-2.740537e+003, 1.809815e+001, 4.665079e+001,-2.546773e+003, 0.000000e+000, 0.000000e+000, 0.000000e+000
 3.970500e-001, 1.165393e+003,-3.398311e+003, 1.904117e+003,-2.691727e+003, 1.910526e+001, 4.400684e+001,-2.493491e+003, 0.000000e+000, 0.000000e+000, 0.000000e+000
 3.971000e-001, 1.213589e+003,-3.399537e+003, 1.851978e+003,-2.641960e+003, 2.011271e+001, 4.135696e+001,-2.439037e+003, 0.000000e+000, 0.000000e+000, 0.000000e+000
 3.971500e-001, 1.264076e+003,-3.404300e+003, 1.796507e+003,-2.591249e+003, 2.112495e+001, 3.869639e+001,-2.384016e+003, 0.000000e+000, 0.000000e+000, 0.000000e+000
 3.972000e-001, 1.311485e+003,-3.403068e+003, 1.742963e+003,-2.539617e+003, 2.213885e+001, 3.603341e+001,-2.327862e+003, 0.000000e+000, 0.000000e+000, 0.000000e+000
 3.972500e-001, 1.360967e+003,-3.405417e+003, 1.686374e+003,-2.487077e+003, 2.315440e+001, 3.335962e+001,-2.271179e+003, 0.000000e+000, 0.000000e+000, 0.000000e+000
 3.973000e-001, 1.407531e+003,-3.401788e+003, 1.631452e+003,-2.433655e+003, 2.417271e+001, 3.068664e+001,-2.213403e+003, 0.000000e+000, 0.000000e+000, 0.000000e+000
 3.973500e-001, 1.455927e+003,-3.401662e+003, 1.573871e+003,-2.379363e+003, 2.518952e+001, 2.800285e+001,-2.155138e+003, 0.000000e+000, 0.000000e+000, 0.000000e+000
 3.974000e-001, 1.501589e+003,-3.395697e+003, 1.517609e+003,-2.324228e+003, 2.620996e+001, 2.532273e+001,-2.095822e+003, 0.000000e+000, 0.000000e+000, 0.000000e+000
 3.974500e-001, 1.548822e+003,-3.393038e+003, 1.459156e+003,-2.268262e+003, 2.722579e+001, 2.263202e+001,-2.036056e+003, 0.000000e+000, 0.000000e+000, 0.000000e+000
 3.975000e-001, 1.593529e+003,-3.384798e+003, 1.401601e+003,-2.211493e+003, 2.824582e+001, 1.994747e+001,-1.975281e+003, 0.000000e+000, 0.000000e+000, 0.000000e+000
 3.975500e-001, 1.639519e+003,-3.379561e+003, 1.342388e+003,-2.153933e+003, 2.925819e+001, 1.725275e+001,-1.914098e+003, 0.000000e+000, 0.000000e+000, 0.000000e+000
 3.976000e-001, 1.683218e+003,-3.369103e+003, 1.283600e+003,-2.095612e+003, 3.027505e+001, 1.456624e+001,-1.851948e+003, 0.000000e+000, 0.000000e+000, 0.000000e+000
 3.976500e-001, 1.727891e+003,-3.361250e+003, 1.223730e+003,-2.036542e+003, 3.128131e+001, 1.187028e+001,-1.789434e+003, 0.000000e+000, 0.000000e+000, 0.000000e+000
 3.977000e-001, 1.770529e+003,-3.348629e+003, 1.163779e+003,-1.976754e+003, 3.229200e+001, 9.184137e+000,-1.725995e+003, 0.000000e+000, 0.000000e+000, 0.000000e+000
 3.977500e-001, 1.813810e+003,-3.338133e+003, 1.103346e+003,-1.916258e+003, 3.328933e+001, 6.489548e+000,-1.662237e+003, 0.000000e+000, 0.000000e+000, 0.000000e+000
 3.978000e-001, 1.855339e+003,-3.323400e+003, 1.042315e+003,-1.855088e+003, 3.429067e+001, 3.805972e+000,-1.597598e+003, 0.000000e+000, 0.000000e+000, 0.000000e+000
 3.978500e-001, 1.897155e+003,-3.310246e+003, 9.814039e+002,-1.793255e+003, 3.527604e+001, 1.115239e+000,-1.532685e+003, 0.000000e+000, 0.000000e+000, 0.000000e+000
 3.979000e-001, 1.937526e+003,-3.293448e+003, 9.193862e+002,-1.730791e+003, 3.626468e+001,-1.563709e+000,-1.466934e+003, 0.000000e+000, 0.000000e+000, 0.000000e+000
 3.979500e-001, 1.977807e+003,-3.277631e+003, 8.580717e+002,-1.667709e+003, 3.723495e+001,-4.248224e+000,-1.400958e+003, 0.000000e+000, 0.000000e+000, 0.000000e+000
 3.980000e-001, 2.016972e+003,-3.258808e+003, 7.951731e+002,-1.604042e+003, 3.820739e+001,-6.920568e+000,-1.334187e+003, 0.000000e+000, 0.000000e+000, 0.000000e+000
 3.980500e-001, 2.055651e+003,-3.240336e+003, 7.335208e+002,-1.539800e+003, 3.915928e+001,-9.596603e+000,-1.267239e+003, 0.000000e+000, 0.000000e+000, 0.000000e+000
 3.981000e-001, 2.093564e+003,-3.219526e+003, 6.698571e+002,-1.475021e+003, 4.011190e+001,-1.226044e+001,-1.199541e+003, 0.000000e+000, 0.000000e+000, 0.000000e+000
 3.981500e-001, 2.130578e+003,-3.198419e+003, 6.079244e+002,-1.409714e+003, 4.104202e+001,-1.492582e+001,-1.131714e+003, 0.000000e+000, 0.000000e+000, 0.000000e+000
 3.982000e-001, 2.167191e+003,-3.175652e+003, 5.436205e+002,-1.343915e+003, 4.197111e+001,-1.757926e+001,-1.063183e+003, 0.000000e+000, 0.000000e+000, 0.000000e+000
 3.982500e-001, 2.202479e+003,-3.151941e+003, 4.814578e+002,-1.277635e+003, 4.287599e+001,-2.023188e+001,-9.945740e+002, 0.000000e+000, 0.000000e+000, 0.000000e+000
 3.983000e-001, 2.237748e+003,-3.127245e+003, 4.166461e+002,-1.210912e+003, 4.377781e+001,-2.287307e+001,-9.253035e+002, 0.000000e+000, 0.000000e+000, 0.000000e+000
 3.983500e-001, 2.271255e+003,-3.100972e+003, 3.542976e+002,-1.143754e+003, 4.465395e+001,-2.551087e+001,-8.560086e+002, 0.000000e+000, 0.000000e+000, 0.000000e+000
 3.984000e-001, 2.305133e+003,-3.074369e+003, 2.891169e+002,-1.076201e+003, 4.552472e+001,-2.813792e+001,-7.860955e+002, 0.000000e+000, 0.000000e+000, 0.000000e+000
 3.984500e-001, 2.336805e+003,-3.045587e+003, 2.266222e+002,-1.008263e+003, 4.636860e+001,-3.075885e+001,-7.162119e+002, 0.000000e+000, 0.000000e+000, 0.000000e+000
 3.985000e-001, 2.369248e+003,-3.017096e+003, 1.612154e+002,-9.399770e+002, 4.720456e+001,-3.336984e+001,-6.457534e+002, 0.000000e+000, 0.000000e+000, 0.000000e+000
 3.985500e-001, 2.399038e+003,-2.985868e+003, 9.861134e+001,-8.713542e+002, 4.801267e+001,-3.597186e+001,-5.753793e+002, 0.000000e+000, 0.000000e+000, 0.000000e+000
 3.986000e-001, 2.430000e+003,-2.955505e+003, 3.312381e+001,-8.024332e+002, 4.881015e+001,-3.856478e+001,-5.044736e+002, 0.000000e+000, 0.000000e+000, 0.000000e+000
 3.986500e-001, 2.457865e+003,-2.921903e+003,-2.955411e+001,-7.332242e+002, 4.957903e+001,-4.114584e+001,-4.337083e+002, 0.000000e+000, 0.000000e+000, 0.000000e+000
 3.987000e-001, 2.487303e+003,-2.889680e+003,-9.497650e+001,-6.637661e+002, 5.033444e+001,-4.371859e+001,-3.624541e+002, 0.000000e+000, 0.000000e+000, 0.000000e+000
 3.987500e-001, 2.513202e+003,-2.853785e+003,-1.576924e+002,-5.940697e+002, 5.106073e+001,-4.627658e+001,-2.913975e+002, 0.000000e+000, 0.000000e+000, 0.000000e+000
 3.988000e-001, 2.541072e+003,-2.819714e+003,-2.229051e+002,-5.241736e+002, 5.177062e+001,-4.882696e+001,-2.198944e+002, 0.000000e+000, 0.000000e+000, 0.000000e+000
 3.988500e-001, 2.564970e+003,-2.781613e+003,-2.856212e+002,-4.540890e+002, 5.245107e+001,-5.135971e+001,-1.486468e+002, 0.000000e+000, 0.000000e+000, 0.000000e+000
 3.989000e-001, 2.591229e+003,-2.745706e+003,-3.504828e+002,-3.838544e+002, 5.311217e+001,-5.388540e+001,-7.699496e+001, 0.000000e+000, 0.000000e+000, 0.000000e+000
 3.989500e-001, 2.613097e+003,-2.705492e+003,-4.131577e+002,-3.134814e+002, 5.374372e+001,-5.639066e+001,-5.657261e+000, 0.000000e+000, 0.000000e+000, 0.000000e+000
 3.990000e-001, 2.637702e+003,-2.667760e+003,-4.775318e+002,-2.430080e+002, 5.435297e+001,-5.888917e+001, 6.604292e+001, 0.000000e+000, 0.000000e+000, 0.000000e+000
 3.990500e-001, 2.657513e+003,-2.625533e+003,-5.401195e+002,-1.724466e+002, 5.493272e+001,-6.136460e+001, 1.373696e+002, 0.000000e+000, 0.000000e+000, 0.000000e+000
 3.991000e-001, 2.680422e+003,-2.585987e+003,-6.038755e+002,-1.018346e+002, 5.548732e+001,-6.383332e+001, 2.090173e+002, 0.000000e+000, 0.000000e+000, 0.000000e+000
 3.991500e-001, 2.698156e+003,-2.541850e+003,-6.663241e+002,-3.118495e+001, 5.601262e+001,-6.627645e+001, 2.802317e+002, 0.000000e+000, 0.000000e+000, 0.000000e+000
 3.992000e-001, 2.719329e+003,-2.500506e+003,-7.293393e+002, 3.946553e+001, 5.651004e+001,-6.871261e+001, 3.517261e+002, 0.000000e+000, 0.000000e+000, 0.000000e+000
 3.992500e-001, 2.734968e+003,-2.454563e+003,-7.915900e+002, 1.101032e+002, 5.697851e+001,-7.112086e+001, 4.227270e+002, 0.000000e+000, 0.000000e+000, 0.000000e+000
 3.993000e-001, 2.754364e+003,-2.411439e+003,-8.537500e+002, 1.806920e+002, 5.741655e+001,-7.352152e+001, 4.939671e+002, 0.000000e+000, 0.000000e+000, 0.000000e+000
 3.993500e-001, 2.767896e+003,-2.363799e+003,-9.157367e+002, 2.512176e+002, 5.782610e+001,-7.589217e+001, 5.646532e+002, 0.000000e+000, 0.000000e+000, 0.000000e+000
 3.994000e-001, 2.785477e+003,-2.318917e+003,-9.769364e+002, 3.216449e+002, 5.820287e+001,-7.825426e+001, 6.355382e+002, 0.000000e+000, 0.000000e+000, 0.000000e+000
 3.994500e-001, 2.796893e+003,-2.269686e+003,-1.038585e+003, 3.919586e+002, 5.855173e+001,-8.058443e+001, 7.058089e+002, 0.000000e+000, 0.000000e+000, 0.000000e+000
 3.995000e-001, 2.812622e+003,-2.223073e+003,-1.098729e+003, 4.621247e+002, 5.886574e+001,-8.290472e+001, 7.762383e+002, 0.000000e+000, 0.000000e+000, 0.000000e+000
 3.995500e-001, 2.821919e+003,-2.172360e+003,-1.159958e+003, 5.321270e+002, 5.915247e+001,-8.519144e+001, 8.459930e+002, 0.000000e+000, 0.000000e+000, 0.000000e+000
 3.996000e-001, 2.835759e+003,-2.124047e+003,-1.218961e+003, 6.019328e+002, 5.940258e+001,-8.746657e+001, 9.158666e+002, 0.000000e+000, 0.000000e+000, 0.000000e+000
 3.996500e-001, 2.842937e+003,-2.071958e+003,-1.279679e+003, 6.715248e+002, 5.962614e+001,-8.970670e+001, 9.850056e+002, 0.000000e+000, 0.000000e+000, 0.000000e+000
 3.997000e-001, 2.854855e+003,-2.021985e+003,-1.337466e+003, 7.408717e+002, 5.981163e+001,-9.193315e+001, 1.054224e+003, 0.000000e+000, 0.000000e+000, 0.000000e+000
 3.997500e-001, 2.859918e+003,-1.968624e+003,-1.397577e+003, 8.099551e+002, 5.997131e+001,-9.412341e+001, 1.122648e+003, 0.000000e+000, 0.000000e+000, 0.000000e+000
 3.998000e-001, 2.869881e+003,-1.917035e+003,-1.454081e+003, 8.787453e+002, 6.009184e+001,-9.629761e+001, 1.191112e+003, 0.000000e+000, 0.000000e+000, 0.000000e+000
 3.998500e-001, 2.872839e+003,-1.862505e+003,-1.513482e+003, 9.472226e+002, 6.018737e+001,-9.843461e+001, 1.258723e+003, 0.000000e+000, 0.000000e+000, 0.000000e+000
 3.999000e-001, 2.880814e+003,-1.809352e+003,-1.568647e+003, 1.015359e+003, 6.024302e+001,-1.005528e+002, 1.326335e+003, 0.000000e+000, 0.000000e+000, 0.000000e+000
 3.999500e-001, 2.881680e+003,-1.753750e+003,-1.627226e+003, 1.083134e+003, 6.027448e+001,-1.026331e+002, 1.393036e+003, 0.000000e+000, 0.000000e+000, 0.000000e+000
 4.000000e-001, 2.887639e+003,-1.699094e+003,-1.681003e+003, 1.150520e+003, 6.026573e+001,-1.046916e+002, 1.459698e+003, 0.000000e+000, 0.000000e+000, 0.000000e+000
 4.000500e-001, 2.886429e+003,-1.642515e+003,-1.738647e+003, 1.217497e+003, 6.023363e+001,-1.067114e+002, 1.525393e+003, 0.000000e+000, 0.000000e+000, 0.000000e+000
 4.001000e-001, 2.890344e+003,-1.586421e+003,-1.790996e+003, 1.284039e+003, 6.016135e+001,-1.087063e+002, 1.591009e+003, 0.000000e+000, 0.000000e+000, 0.000000e+000
 4.001500e-001, 2.887080e+003,-1.528957e+003,-1.847584e+003, 1.350123e+003, 6.006657e+001,-1.106622e+002, 1.655603e+003, 0.000000e+000, 0.000000e+000, 0.000000e+000
 4.002000e-001, 2.888926e+003,-1.471499e+003,-1.898470e+003, 1.415727e+003, 5.993203e+001,-1.125896e+002, 1.720080e+003, 0.000000e+000, 0.000000e+000, 0.000000e+000
 4.002500e-001, 2.883632e+003,-1.413237e+003,-1.953881e+003, 1.480825e+003, 5.977581e+001,-1.144776e+002, 1.783479e+003, 0.000000e+000, 0.000000e+000, 0.000000e+000
 4.003000e-001, 2.883385e+003,-1.354496e+003,-2.003278e+003, 1.545398e+003, 5.958064e+001,-1.163338e+002, 1.846723e+003, 0.000000e+000, 0.000000e+000, 0.000000e+000
 4.003500e-001, 2.876090e+003,-1.295518e+003,-2.057388e+003, 1.609420e+003, 5.936460e+001,-1.181502e+002, 1.908837e+003, 0.000000e+000, 0.000000e+000, 0.000000e+000
 4.004000e-001, 2.873728e+003,-1.235583e+003,-2.105271e+003, 1.672872e+003, 5.911077e+001,-1.199311e+002, 1.970756e+003, 0.000000e+000, 0.000000e+000, 0.000000e+000
 4.004500e-001, 2.864466e+003,-1.175968e+003,-2.157957e+003, 1.735726e+003, 5.883688e+001,-1.216722e+002, 2.031494e+003, 0.000000e+000, 0.000000e+000, 0.000000e+000
 4.005000e-001, 2.859969e+003,-1.114933e+003,-2.204305e+003, 1.797967e+003, 5.852666e+001,-1.233740e+002, 2.091999e+003, 0.000000e+000, 0.000000e+000, 0.000000e+000
 4.005500e-001, 2.848775e+003,-1.054756e+003,-2.255445e+003, 1.859566e+003, 5.819720e+001,-1.250359e+002, 2.151273e+003, 0.000000e+000, 0.000000e+000, 0.000000e+000
 4.006000e-001, 2.842128e+003,-9.927203e+002,-2.300241e+003, 1.920508e+003, 5.783317e+001,-1.266550e+002, 2.210275e+003, 0.000000e+000, 0.000000e+000, 0.000000e+000
 4.006500e-001, 2.829040e+003,-9.320529e+002,-2.349715e+003, 1.980765e+003, 5.745068e+001,-1.282339e+002, 2.267999e+003, 0.000000e+000, 0.000000e+000, 0.000000e+000
 4.007000e-001, 2.820229e+003,-8.691225e+002,-2.392942e+003, 2.040324e+003, 5.703565e+001,-1.297664e+002, 2.325414e+003, 0.000000e+000, 0.000000e+000, 0.000000e+000
 4.007500e-001, 2.805289e+003,-8.080333e+002,-2.440633e+003, 2.099154e+003, 5.660294e+001,-1.312586e+002, 2.381504e+003, 0.000000e+000, 0.000000e+000, 0.000000e+000
 4.008000e-001, 2.794304e+003,-7.443177e+002,-2.482276e+003, 2.157246e+003, 5.613996e+001,-1.327010e+002, 2.437247e+003, 0.000000e+000, 0.000000e+000, 0.000000e+000
 4.008500e-001, 2.777557e+003,-6.828727e+002,-2.528073e+003, 2.214566e+003, 5.566005e+001,-1.341029e+002, 2.491623e+003, 0.000000e+000, 0.000000e+000, 0.000000e+000
 4.009000e-001, 2.764390e+003,-6.184854e+002,-2.568115e+003, 2.271108e+003, 5.515231e+001,-1.354517e+002, 2.545613e+003, 0.000000e+000, 0.000000e+000, 0.000000e+000
 4.009500e-001, 2.745881e+003,-5.567486e+002,-2.611910e+003, 2.326839e+003, 5.462840e+001,-1.367597e+002, 2.598194e+003, 0.000000e+000, 0.000000e+000, 0.000000e+000
 4.010000e-001, 2.730531e+003,-4.918057e+002,-2.650334e+003, 2.381752e+003, 5.407922e+001,-1.380116e+002, 2.650353e+003, 0.000000e+000, 0.000000e+000, 0.000000e+000
 4.010500e-001, 2.710307e+003,-4.298401e+002,-2.692029e+003, 2.435814e+003, 5.351464e+001,-1.392223e+002, 2.701063e+003, 0.000000e+000, 0.000000e+000, 0.000000e+000
 4.011000e-001, 2.692775e+003,-3.644594e+002,-2.728815e+003, 2.489022e+003, 5.292743e+001,-1.403741e+002, 2.751314e+003, 0.000000e+000, 0.000000e+000, 0.000000e+000
 4.011500e-001, 2.670885e+003,-3.023273e+002,-2.768318e+003, 2.541340e+003, 5.232560e+001,-1.414843e+002, 2.800080e+003, 0.000000e+000, 0.000000e+000, 0.000000e+000
 4.012000e-001, 2.651178e+003,-2.366277e+002,-2.803443e+003, 2.592768e+003, 5.170383e+001,-1.425329e+002, 2.848351e+003, 0.000000e+000, 0.000000e+000, 0.000000e+000
 4.012500e-001, 2.627669e+003,-1.743914e+002,-2.840670e+003, 2.643268e+003, 5.106821e+001,-1.435395e+002, 2.895100e+003, 0.000000e+000, 0.000000e+000, 0.000000e+000
 4.013000e-001, 2.605800e+003,-1.084916e+002,-2.874109e+003, 2.692842e+003, 5.041532e+001,-1.444822e+002, 2.941321e+003, 0.000000e+000, 0.000000e+000, 0.000000e+000
 4.013500e-001, 2.580722e+003,-4.621408e+001,-2.908986e+003, 2.741453e+003, 4.974939e+001,-1.453822e+002, 2.985986e+003, 0.000000e+000, 0.000000e+000, 0.000000e+000
 4.014000e-001, 2.556708e+003, 1.976812e+001,-2.940709e+003, 2.789105e+003, 4.906879e+001,-1.462164e+002, 3.030088e+003, 0.000000e+000, 0.000000e+000, 0.000000e+000
 4.014500e-001, 2.530107e+003, 8.202225e+001,-2.973170e+003, 2.835759e+003, 4.837598e+001,-1.470072e+002, 3.072605e+003, 0.000000e+000, 0.000000e+000, 0.000000e+000
 4.015000e-001, 2.503974e+003, 1.479709e+002,-3.003146e+003, 2.881420e+003, 4.767101e+001,-1.477305e+002, 3.114525e+003, 0.000000e+000, 0.000000e+000, 0.000000e+000
 4.015500e-001, 2.475896e+003, 2.101352e+002,-3.033135e+003, 2.926052e+003, 4.695467e+001,-1.484096e+002, 3.154832e+003, 0.000000e+000, 0.000000e+000, 0.000000e+000
 4.016000e-001, 2.447675e+003, 2.759371e+002,-3.061326e+003, 2.969658e+003, 4.622852e+001,-1.490200e+002, 3.194508e+003, 0.000000e+000, 0.000000e+000, 0.000000e+000
 4.016500e-001, 2.418165e+003, 3.379425e+002,-3.088798e+003, 3.012204e+003, 4.549189e+001,-1.495851e+002, 3.232546e+003, 0.000000e+000, 0.000000e+000, 0.000000e+000
 4.017000e-001, 2.387895e+003, 4.034876e+002,-3.115164e+003, 3.053695e+003, 4.474763e+001,-1.500806e+002, 3.269922e+003, 0.000000e+000, 0.000000e+000, 0.000000e+000
 4.017500e-001, 2.356994e+003, 4.652622e+002,-3.140081e+003, 3.094094e+003, 4.399379e+001,-1.505299e+002, 3.305635e+003, 0.000000e+000, 0.000000e+000, 0.000000e+000
 4.018000e-001, 2.324720e+003, 5.304446e+002,-3.164577e+003, 3.133410e+003, 4.323428e+001,-1.509090e+002, 3.340656e+003, 0.000000e+000, 0.000000e+000, 0.000000e+000
 4.018500e-001, 2.292468e+003, 5.919132e+002,-3.186914e+003, 3.171607e+003, 4.246613e+001,-1.512406e+002, 3.373994e+003, 0.000000e+000, 0.000000e+000, 0.000000e+000
 4.019000e-001, 2.258245e+003, 6.566312e+002,-3.209494e+003, 3.208693e+003, 4.169403e+001,-1.515019e+002, 3.406610e+003, 0.000000e+000, 0.000000e+000, 0.000000e+000
 4.019500e-001, 2.224679e+003, 7.177153e+002,-3.229233e+003, 3.244633e+003, 4.091426e+001,-1.517145e+002, 3.437523e+003, 0.000000e+000, 0.000000e+000, 0.000000e+000
 4.020000e-001, 2.188566e+003, 7.818720e+002,-3.249846e+003, 3.279435e+003, 4.013200e+001,-1.518570e+002, 3.467688e+003, 0.000000e+000, 0.000000e+000, 0.000000e+000
 4.020500e-001, 2.153720e+003, 8.424896e+002,-3.266980e+003, 3.313068e+003, 3.934304e+001,-1.519495e+002, 3.496133e+003, 0.000000e+000, 0.000000e+000, 0.000000e+000
 4.021000e-001, 2.115787e+003, 9.059930e+002,-3.285572e+003, 3.345537e+003, 3.855279e+001,-1.519724e+002, 3.523803e+003, 0.000000e+000, 0.000000e+000, 0.000000e+000
 4.021500e-001, 2.079691e+003, 9.660587e+002,-3.300103e+003, 3.376814e+003, 3.775684e+001,-1.519440e+002, 3.549738e+003, 0.000000e+000, 0.000000e+000, 0.000000e+000
 4.022000e-001, 2.040012e+003, 1.028822e+003,-3.316617e+003, 3.406904e+003, 3.696051e+001,-1.518468e+002, 3.574875e+003, 0.000000e+000, 0.000000e+000, 0.000000e+000
 4.022500e-001, 2.002697e+003, 1.088247e+003,-3.328554e+003, 3.435781e+003, 3.615947e+001,-1.516971e+002, 3.598263e+003, 0.000000e+000, 0.000000e+000, 0.000000e+000
 4.023000e-001, 1.961353e+003, 1.150188e+003,-3.342936e+003, 3.463448e+003, 3.535871e+001,-1.514797e+002, 3.620831e+003, 0.000000e+000, 0.000000e+000, 0.000000e+000
 4.023500e-001, 1.922846e+003, 1.208882e+003,-3.352296e+003, 3.489884e+003, 3.455421e+001,-1.512085e+002, 3.641640e+003, 0.000000e+000, 0.000000e+000, 0.000000e+000
 4.024000e-001, 1.879924e+003, 1.269923e+003,-3.364488e+003, 3.515090e+003, 3.375038e+001,-1.508709e+002, 3.661606e+003, 0.000000e+000, 0.000000e+000, 0.000000e+000
 4.024500e-001, 1.840252e+003, 1.327792e+003,-3.371294e+003, 3.539045e+003, 3.294374e+001,-1.504783e+002, 3.679806e+003, 0.000000e+000, 0.000000e+000, 0.000000e+000
 4.025000e-001, 1.795843e+003, 1.387860e+003,-3.381239e+003, 3.561753e+003, 3.213794e+001,-1.500211e+002, 3.697145e+003, 0.000000e+000, 0.000000e+000, 0.000000e+000
 4.025500e-001, 1.755030e+003, 1.444809e+003,-3.385522e+003, 3.583194e+003, 3.133021e+001,-1.495077e+002, 3.712710e+003, 0.000000e+000, 0.000000e+000, 0.000000e+000
 4.026000e-001, 1.709232e+003, 1.503834e+003,-3.393164e+003, 3.603371e+003, 3.052327e+001,-1.489315e+002, 3.727396e+003, 0.000000e+000, 0.000000e+000, 0.000000e+000
 4.026500e-001, 1.667303e+003, 1.559768e+003,-3.394958e+003, 3.622267e+003, 2.971519e+001,-1.482982e+002, 3.740307e+003, 0.000000e+000, 0.000000e+000, 0.000000e+000
 4.027000e-001, 1.620214e+003, 1.617684e+003,-3.400245e+003, 3.639883e+003, 2.890767e+001,-1.476041e+002, 3.752321e+003, 0.000000e+000, 0.000000e+000, 0.000000e+000
 4.027500e-001, 1.577195e+003, 1.672508e+003,-3.399589e+003, 3.656206e+003, 2.809973e+001,-1.468520e+002, 3.762559e+003, 0.000000e+000, 0.000000e+000, 0.000000e+000
 4.028000e-001, 1.528917e+003, 1.729250e+003,-3.402470e+003, 3.671235e+003, 2.729194e+001,-1.460414e+002, 3.771885e+003, 0.000000e+000, 0.000000e+000, 0.000000e+000
 4.028500e-001, 1.484836e+003, 1.782869e+003,-3.399406e+003, 3.684961e+003, 2.648434e+001,-1.451721e+002, 3.779436e+003, 0.000000e+000, 0.000000e+000, 0.000000e+000
 4.029000e-001, 1.435471e+003, 1.838376e+003,-3.399836e+003, 3.697382e+003, 2.567639e+001,-1.442466e+002, 3.786064e+003, 0.000000e+000, 0.000000e+000, 0.000000e+000
 4.029500e-001, 1.390358e+003, 1.890697e+003,-3.394407e+003, 3.708490e+003, 2.486907e+001,-1.432618e+002, 3.790919e+003, 0.000000e+000, 0.000000e+000, 0.000000e+000
 4.030000e-001, 1.340009e+003, 1.944906e+003,-3.392346e+003, 3.718283e+003, 2.406083e+001,-1.422234e+002, 3.794841e+003, 0.000000e+000, 0.000000e+000, 0.000000e+000
 4.030500e-001, 1.293897e+003, 1.995841e+003,-3.384598e+003, 3.726758e+003, 2.325353e+001,-1.411254e+002, 3.796994e+003, 0.000000e+000, 0.000000e+000, 0.000000e+000
 4.031000e-001, 1.242665e+003, 2.048691e+003,-3.380013e+003, 3.733907e+003, 2.244469e+001,-1.399762e+002, 3.798205e+003, 0.000000e+000, 0.000000e+000, 0.000000e+000
 4.031500e-001, 1.195593e+003, 2.098154e+003,-3.369989e+003, 3.739734e+003, 2.163692e+001,-1.387676e+002, 3.797656e+003, 0.000000e+000, 0.000000e+000, 0.000000e+000
 4.032000e-001, 1.143577e+003, 2.149582e+003,-3.362853e+003, 3.744230e+003, 2.082700e+001,-1.375102e+002, 3.796156e+003, 0.000000e+000, 0.000000e+000, 0.000000e+000
 4.032500e-001, 1.095586e+003, 2.197493e+003,-3.350598e+003, 3.747400e+003, 2.001809e+001,-1.361937e+002, 3.792906e+003, 0.000000e+000, 0.000000e+000, 0.000000e+000
 4.033000e-001, 1.042884e+003, 2.247437e+003,-3.340894e+003, 3.749235e+003, 1.920647e+001,-1.348308e+002, 3.788702e+003, 0.000000e+000, 0.000000e+000, 0.000000e+000
 4.033500e-001, 9.940214e+002, 2.293722e+003,-3.326449e+003, 3.749742e+003, 1.839560e+001,-1.334095e+002, 3.782757e+003, 0.000000e+000, 0.000000e+000, 0.000000e+000
 4.034000e-001, 9.407264e+002, 2.342114e+003,-3.314167e+003, 3.748912e+003, 1.758155e+001,-1.319442e+002, 3.775855e+003, 0.000000e+000, 0.000000e+000, 0.000000e+000
 4.034500e-001, 8.910464e+002, 2.386705e+003,-3.297573e+003, 3.746753e+003, 1.676777e+001,-1.304215e+002, 3.767226e+003, 0.000000e+000, 0.000000e+000, 0.000000e+000
 4.035000e-001, 8.372473e+002, 2.433478e+003,-3.282714e+003, 3.743258e+003, 1.595044e+001,-1.288571e+002, 3.757638e+003, 0.000000e+000, 0.000000e+000, 0.000000e+000
 4.035500e-001, 7.868095e+002, 2.476313e+003,-3.264006e+003, 3.738437e+003, 1.513272e+001,-1.272365e+002, 3.746340e+003, 0.000000e+000, 0.000000e+000, 0.000000e+000
 4.036000e-001, 7.325910e+002, 2.521397e+003,-3.246581e+003, 3.732280e+003, 1.431121e+001,-1.255765e+002, 3.734083e+003, 0.000000e+000, 0.000000e+000, 0.000000e+000
 4.036500e-001, 6.814613e+002, 2.562423e+003,-3.225793e+003, 3.724801e+003, 1.348843e+001,-1.238620e+002, 3.720132e+003, 0.000000e+000, 0.000000e+000, 0.000000e+000
 4.037000e-001, 6.269033e+002, 2.605743e+003,-3.205822e+003, 3.715991e+003, 1.266180e+001,-1.221101e+002, 3.705224e+003, 0.000000e+000, 0.000000e+000, 0.000000e+000
 4.037500e-001, 5.751538e+002, 2.644915e+003,-3.182985e+003, 3.705863e+003, 1.183284e+001,-1.203057e+002, 3.688643e+003, 0.000000e+000, 0.000000e+000, 0.000000e+000
 4.038000e-001, 5.203315e+002, 2.686395e+003,-3.160499e+003, 3.694411e+003, 1.100011e+001,-1.184658e+002, 3.671109e+003, 0.000000e+000, 0.000000e+000, 0.000000e+000
 4.038500e-001, 4.680401e+002, 2.723675e+003,-3.135637e+003, 3.681648e+003, 1.016381e+001,-1.165757e+002, 3.651922e+003, 0.000000e+000, 0.000000e+000, 0.000000e+000
 4.039000e-001, 4.130240e+002, 2.763236e+003,-3.110678e+003, 3.667569e+003, 9.324037e+000,-1.146519e+002, 3.631788e+003, 0.000000e+000, 0.000000e+000, 0.000000e+000
 4.039500e-001, 3.602742e+002, 2.798592e+003,-3.083815e+003, 3.652189e+003, 8.479296e+000,-1.126805e+002, 3.610025e+003, 0.000000e+000, 0.000000e+000, 0.000000e+000
 4.040000e-001, 3.051304e+002, 2.836153e+003,-3.056433e+003, 3.635502e+003, 7.631532e+000,-1.106770e+002, 3.587322e+003, 0.000000e+000, 0.000000e+000, 0.000000e+000
 4.040500e-001, 2.520105e+002, 2.869563e+003,-3.027588e+003, 3.617524e+003, 6.777292e+000,-1.086289e+002, 3.563015e+003, 0.000000e+000, 0.000000e+000, 0.000000e+000
 4.041000e-001, 1.968015e+002, 2.905040e+003,-2.997844e+003, 3.598252e+003, 5.920658e+000,-1.065501e+002, 3.537778e+003, 0.000000e+000, 0.000000e+000, 0.000000e+000
 4.041500e-001, 1.434037e+002, 2.936487e+003,-2.967035e+003, 3.577702e+003, 5.055946e+000,-1.044298e+002, 3.510963e+003, 0.000000e+000, 0.000000e+000, 0.000000e+000
 4.042000e-001, 8.818878e+001, 2.969798e+003,-2.934997e+003, 3.555872e+003, 4.189630e+000,-1.022802e+002, 3.483228e+003, 0.000000e+000, 0.000000e+000, 0.000000e+000
 4.042500e-001, 3.460863e+001, 2.999272e+003,-2.902239e+003, 3.532778e+003, 3.313585e+000,-1.000923e+002, 3.453944e+003, 0.000000e+000, 0.000000e+000, 0.000000e+000
 4.043000e-001,-2.055557e+001, 3.030332e+003,-2.867983e+003, 3.508420e+003, 2.436863e+000,-9.787650e+001, 3.423752e+003, 0.000000e+000, 0.000000e+000, 0.000000e+000
 4.043500e-001,-7.422025e+001, 3.057827e+003,-2.833290e+003, 3.482814e+003, 1.548757e+000,-9.562579e+001, 3.392042e+003, 0.000000e+000, 0.000000e+000, 0.000000e+000
 4.044000e-001,-1.292787e+002, 3.086554e+003,-2.796900e+003, 3.455963e+003, 6.610180e-001,-9.334827e+001, 3.359439e+003, 0.000000e+000, 0.000000e+000, 0.000000e+000
 4.044500e-001,-1.829289e+002, 3.112070e+003,-2.760285e+003, 3.427881e+003,-2.397202e-001,-9.103943e+001, 3.325349e+003, 0.000000e+000, 0.000000e+000, 0.000000e+000
 4.045000e-001,-2.378276e+002, 3.138384e+003,-2.721852e+003, 3.398574e+003,-1.138960e+000,-8.870482e+001, 3.290382e+003, 0.000000e+000, 0.000000e+000, 0.000000e+000
 4.045500e-001,-2.913640e+002, 3.161923e+003,-2.683329e+003, 3.368055e+003,-2.052726e+000,-8.634253e+001, 3.253960e+003, 0.000000e+000, 0.000000e+000, 0.000000e+000
 4.046000e-001,-3.460488e+002, 3.185748e+003,-2.642944e+003, 3.336334e+003,-2.963807e+000,-8.395544e+001, 3.216679e+003, 0.000000e+000, 0.000000e+000, 0.000000e+000
 4.046500e-001,-3.993730e+002, 3.207312e+003,-2.602531e+003, 3.303423e+003,-3.890801e+000,-8.154431e+001, 3.177979e+003, 0.000000e+000, 0.000000e+000, 0.000000e+000
 4.047000e-001,-4.537891e+002, 3.228576e+003,-2.560292e+003, 3.269333e+003,-4.813904e+000,-7.910933e+001, 3.138438e+003, 0.000000e+000, 0.000000e+000, 0.000000e+000
 4.047500e-001,-5.068044e+002, 3.248170e+003,-2.518008e+003, 3.234075e+003,-5.754117e+000,-7.665387e+001, 3.097514e+003, 0.000000e+000, 0.000000e+000, 0.000000e+000
 4.048000e-001,-5.608956e+002, 3.266809e+003,-2.474013e+003, 3.197664e+003,-6.689247e+000,-7.417551e+001, 3.055770e+003, 0.000000e+000, 0.000000e+000, 0.000000e+000
 4.048500e-001,-6.135080e+002, 3.284438e+003,-2.429880e+003, 3.160111e+003,-7.642449e+000,-7.168015e+001, 3.012680e+003, 0.000000e+000, 0.000000e+000, 0.000000e+000
 4.049000e-001,-6.672159e+002, 3.300393e+003,-2.384230e+003, 3.121431e+003,-8.589420e+000,-6.916286e+001, 2.968793e+003, 0.000000e+000, 0.000000e+000, 0.000000e+000
 4.049500e-001,-7.193347e+002, 3.316059e+003,-2.338277e+003, 3.081636e+003,-9.555149e+000,-6.663189e+001, 2.923598e+003, 0.000000e+000, 0.000000e+000, 0.000000e+000
 4.050000e-001,-7.725983e+002, 3.329281e+003,-2.291070e+003, 3.040742e+003,-1.051358e+001,-6.407998e+001, 2.877630e+003, 0.000000e+000, 0.000000e+000, 0.000000e+000
 4.050500e-001,-8.241370e+002, 3.342983e+003,-2.243330e+003, 2.998762e+003,-1.149113e+001,-6.151755e+001, 2.830395e+003, 0.000000e+000, 0.000000e+000, 0.000000e+000
 4.051000e-001,-8.768922e+002, 3.353434e+003,-2.194664e+003, 2.955714e+003,-1.246042e+001,-5.893524e+001, 2.782411e+003, 0.000000e+000, 0.000000e+000, 0.000000e+000
 4.051500e-001,-9.277690e+002, 3.365169e+003,-2.145180e+003, 2.911610e+003,-1.344884e+001,-5.634532e+001, 2.733201e+003, 0.000000e+000, 0.000000e+000, 0.000000e+000
 4.052000e-001,-9.799486e+002, 3.372819e+003,-2.095150e+003, 2.866469e+003,-1.442817e+001,-5.373668e+001, 2.683270e+003, 0.000000e+000, 0.000000e+000, 0.000000e+000
 4.052500e-001,-1.030086e+003, 3.382579e+003,-2.043969e+003, 2.820303e+003,-1.542626e+001,-5.112307e+001, 2.632154e+003, 0.000000e+000, 0.000000e+000, 0.000000e+000
 4.053000e-001,-1.081620e+003, 3.387411e+003,-1.992667e+003, 2.773134e+003,-1.641459e+001,-4.849202e+001, 2.580346e+003, 0.000000e+000, 0.000000e+000, 0.000000e+000
 4.053500e-001,-1.130946e+003, 3.395183e+003,-1.939845e+003, 2.724974e+003,-1.742089e+001,-4.585832e+001, 2.527395e+003, 0.000000e+000, 0.000000e+000, 0.000000e+000
 4.054000e-001,-1.181760e+003, 3.397191e+003,-1.887359e+003, 2.675845e+003,-1.841695e+001,-4.320858e+001, 2.473783e+003, 0.000000e+000, 0.000000e+000, 0.000000e+000
 4.054500e-001,-1.230208e+003, 3.402956e+003,-1.832962e+003, 2.625760e+003,-1.942976e+001,-4.055824e+001, 2.419072e+003, 0.000000e+000, 0.000000e+000, 0.000000e+000
 4.055000e-001,-1.280226e+003, 3.402148e+003,-1.779375e+003, 2.574742e+003,-2.043201e+001,-3.789338e+001, 2.363732e+003, 0.000000e+000, 0.000000e+000, 0.000000e+000
 4.055500e-001,-1.327733e+003, 3.405883e+003,-1.723476e+003, 2.522805e+003,-2.144940e+001,-3.522962e+001, 2.307336e+003, 0.000000e+000, 0.000000e+000, 0.000000e+000
 4.056000e-001,-1.376876e+003, 3.402277e+003,-1.668866e+003, 2.469970e+003,-2.245607e+001,-3.255301e+001, 2.250345e+003, 0.000000e+000, 0.000000e+000, 0.000000e+000
 4.056500e-001,-1.423385e+003, 3.403953e+003,-1.611548e+003, 2.416255e+003,-2.347585e+001,-2.987887e+001, 2.192343e+003, 0.000000e+000, 0.000000e+000, 0.000000e+000
 4.057000e-001,-1.471572e+003, 3.397581e+003,-1.555987e+003, 2.361681e+003,-2.448495e+001,-2.719370e+001, 2.133781e+003, 0.000000e+000, 0.000000e+000, 0.000000e+000
 4.057500e-001,-1.517030e+003, 3.397163e+003,-1.497342e+003, 2.306266e+003,-2.550472e+001,-2.451205e+001, 2.074254e+003, 0.000000e+000, 0.000000e+000, 0.000000e+000
 4.058000e-001,-1.564179e+003, 3.388068e+003,-1.440897e+003, 2.250031e+003,-2.651400e+001,-2.182132e+001, 2.014203e+003, 0.000000e+000, 0.000000e+000, 0.000000e+000
 4.058500e-001,-1.608535e+003, 3.385517e+003,-1.381023e+003, 2.192996e+003,-2.753114e+001,-1.913485e+001, 1.953233e+003, 0.000000e+000, 0.000000e+000, 0.000000e+000
 4.059000e-001,-1.654564e+003, 3.373754e+003,-1.323757e+003, 2.135181e+003,-2.853814e+001,-1.644139e+001, 1.891777e+003, 0.000000e+000, 0.000000e+000, 0.000000e+000
 4.059500e-001,-1.697771e+003, 3.369027e+003,-1.262763e+003, 2.076608e+003,-2.954982e+001,-1.375262e+001, 1.829449e+003, 0.000000e+000, 0.000000e+000, 0.000000e+000
 4.060000e-001,-1.742599e+003, 3.354660e+003,-1.204733e+003, 2.017297e+003,-3.055183e+001,-1.105908e+001, 1.766674e+003, 0.000000e+000, 0.000000e+000, 0.000000e+000
 4.060500e-001,-1.784612e+003, 3.347712e+003,-1.142733e+003, 1.957270e+003,-3.155507e+001,-8.370403e+000, 1.703073e+003, 0.000000e+000, 0.000000e+000, 0.000000e+000
 4.061000e-001,-1.828157e+003, 3.330815e+003,-1.083992e+003, 1.896548e+003,-3.254919e+001,-5.679275e+000, 1.639068e+003, 0.000000e+000, 0.000000e+000, 0.000000e+000
 4.061500e-001,-1.868934e+003, 3.321598e+003,-1.021107e+003, 1.835155e+003,-3.354083e+001,-2.992955e+000, 1.574283e+003, 0.000000e+000, 0.000000e+000, 0.000000e+000
 4.062000e-001,-1.911118e+003, 3.302254e+003,-9.617037e+002, 1.773109e+003,-3.452398e+001,-3.065998e-001, 1.509136e+003, 0.000000e+000, 0.000000e+000, 0.000000e+000
 4.062500e-001,-1.950617e+003, 3.290720e+003,-8.980603e+002, 1.710437e+003,-3.550071e+001, 2.375211e+000, 1.443257e+003, 0.000000e+000, 0.000000e+000, 0.000000e+000
 4.063000e-001,-1.991363e+003, 3.269017e+003,-8.380415e+002, 1.647157e+003,-3.646961e+001, 5.054562e+000, 1.377060e+003, 0.000000e+000, 0.000000e+000, 0.000000e+000
 4.063500e-001,-2.029542e+003, 3.255118e+003,-7.737706e+002, 1.583296e+003,-3.742803e+001, 7.729787e+000, 1.310178e+003, 0.000000e+000, 0.000000e+000, 0.000000e+000
 4.064000e-001,-2.068780e+003, 3.231152e+003,-7.131802e+002, 1.518873e+003,-3.837928e+001, 1.040001e+001, 1.243023e+003, 0.000000e+000, 0.000000e+000, 0.000000e+000
 4.064500e-001,-2.105598e+003, 3.214843e+003,-6.484160e+002, 1.453915e+003,-3.931590e+001, 1.306663e+001, 1.175230e+003, 0.000000e+000, 0.000000e+000, 0.000000e+000
 4.065000e-001,-2.143257e+003, 3.188711e+003,-5.872966e+002, 1.388441e+003,-4.024596e+001, 1.572567e+001, 1.107212e+003, 0.000000e+000, 0.000000e+000, 0.000000e+000
 4.065500e-001,-2.178673e+003, 3.169950e+003,-5.221754e+002, 1.322480e+003,-4.115723e+001, 1.838170e+001, 1.038603e+003, 0.000000e+000, 0.000000e+000, 0.000000e+000
 4.066000e-001,-2.214690e+003, 3.141754e+003,-4.605695e+002, 1.256049e+003,-4.206247e+001, 2.102758e+001, 9.698170e+002, 0.000000e+000, 0.000000e+000, 0.000000e+000
 4.066500e-001,-2.248662e+003, 3.120505e+003,-3.952284e+002, 1.189179e+003,-4.294484e+001, 2.367105e+001, 9.004871e+002, 0.000000e+000, 0.000000e+000, 0.000000e+000
 4.067000e-001,-2.282979e+003, 3.090344e+003,-3.331791e+002, 1.121886e+003,-4.382158e+001, 2.630180e+001, 8.310289e+002, 0.000000e+000, 0.000000e+000, 0.000000e+000
 4.067500e-001,-2.315463e+003, 3.066578e+003,-2.677549e+002, 1.054203e+003,-4.467147e+001, 2.893071e+001, 7.610746e+002, 0.000000e+000, 0.000000e+000, 0.000000e+000
 4.068000e-001,-2.348027e+003, 3.034554e+003,-2.053069e+002, 9.861445e+002,-4.551601e+001, 3.154439e+001, 6.910422e+002, 0.000000e+000, 0.000000e+000, 0.000000e+000
 4.068500e-001,-2.378979e+003, 3.008249e+003,-1.399346e+002, 9.177444e+002,-4.632991e+001, 3.415671e+001, 6.205608e+002, 0.000000e+000, 0.000000e+000, 0.000000e+000
 4.069000e-001,-2.409741e+003, 2.974459e+003,-7.713527e+001, 8.490183e+002,-4.713855e+001, 3.675136e+001, 5.500527e+002, 0.000000e+000, 0.000000e+000, 0.000000e+000
 4.069500e-001,-2.439118e+003, 2.945603e+003,-1.194729e+001, 7.799991e+002,-4.791303e+001, 3.934500e+001, 4.791424e+002, 0.000000e+000, 0.000000e+000, 0.000000e+000
 4.070000e-001,-2.468036e+003, 2.910141e+003, 5.115246e+001, 7.107032e+002,-4.868214e+001, 4.191861e+001, 4.082578e+002, 0.000000e+000, 0.000000e+000, 0.000000e+000
 4.070500e-001,-2.495792e+003, 2.878733e+003, 1.160278e+002, 6.411634e+002,-4.941385e+001, 4.449139e+001, 3.370177e+002, 0.000000e+000, 0.000000e+000, 0.000000e+000
 4.071000e-001,-2.522828e+003, 2.841689e+003, 1.793727e+002, 5.713964e+002,-5.013988e+001, 4.704191e+001, 2.658568e+002, 0.000000e+000, 0.000000e+000, 0.000000e+000
 4.071500e-001,-2.548918e+003, 2.807739e+003, 2.438119e+002, 5.014351e+002,-5.082567e+001, 4.959155e+001, 1.943864e+002, 0.000000e+000, 0.000000e+000, 0.000000e+000
 4.072000e-001,-2.574040e+003, 2.769197e+003, 3.073416e+002, 4.312965e+002,-5.150520e+001, 5.211683e+001, 1.230495e+002, 0.000000e+000, 0.000000e+000, 0.000000e+000
 4.072500e-001,-2.598420e+003, 2.732728e+003, 3.712274e+002, 3.610131e+002,-5.214206e+001, 5.464094e+001, 5.144909e+001, 0.000000e+000, 0.000000e+000, 0.000000e+000
 4.073000e-001,-2.621599e+003, 2.692763e+003, 4.348757e+002, 2.906027e+002,-5.277186e+001, 5.713875e+001,-1.996287e+001, 0.000000e+000, 0.000000e+000, 0.000000e+000
 4.073500e-001,-2.644224e+003, 2.653810e+003, 4.980972e+002, 2.200971e+002,-5.335700e+001, 5.963480e+001,-9.159278e+001, 0.000000e+000, 0.000000e+000, 0.000000e+000
 4.074000e-001,-2.665438e+003, 2.612492e+003, 5.617916e+002, 1.495150e+002,-5.393406e+001, 6.210278e+001,-1.629786e+002, 0.000000e+000, 0.000000e+000, 0.000000e+000
 4.074500e-001,-2.686265e+003, 2.571106e+003, 6.242457e+002, 7.888739e+001,-5.446494e+001, 6.456812e+001,-2.345373e+002, 0.000000e+000, 0.000000e+000, 0.000000e+000
 4.075000e-001,-2.705493e+003, 2.528496e+003, 6.879070e+002, 8.233693e+000,-5.498646e+001, 6.700380e+001,-3.057956e+002, 0.000000e+000, 0.000000e+000, 0.000000e+000
 4.075500e-001,-2.724482e+003, 2.484738e+003, 7.494984e+002,-6.241578e+001,-5.546082e+001, 6.943562e+001,-3.771821e+002, 0.000000e+000, 0.000000e+000, 0.000000e+000
 4.076000e-001,-2.741707e+003, 2.440889e+003, 8.130404e+002,-1.330409e+002,-5.592433e+001, 7.183637e+001,-4.482116e+002, 0.000000e+000, 0.000000e+000, 0.000000e+000
 4.076500e-001,-2.758820e+003, 2.394837e+003, 8.736823e+002,-2.036121e+002,-5.634019e+001, 7.423174e+001,-5.193253e+002, 0.000000e+000, 0.000000e+000, 0.000000e+000
 4.077000e-001,-2.774028e+003, 2.349792e+003, 9.370118e+002,-2.741085e+002,-5.674352e+001, 7.659480e+001,-5.900247e+002, 0.000000e+000, 0.000000e+000, 0.000000e+000
 4.077500e-001,-2.789229e+003, 2.301536e+003, 9.966260e+002,-3.445015e+002,-5.709924e+001, 7.895061e+001,-6.607648e+002, 0.000000e+000, 0.000000e+000, 0.000000e+000
 4.078000e-001,-2.802410e+003, 2.255334e+003, 1.059643e+003,-4.147695e+002,-5.744056e+001, 8.127309e+001,-7.310334e+002, 0.000000e+000, 0.000000e+000, 0.000000e+000
 4.078500e-001,-2.815667e+003, 2.204976e+003, 1.118160e+003,-4.848847e+002,-5.773484e+001, 8.358611e+001,-8.012994e+002, 0.000000e+000, 0.000000e+000, 0.000000e+000
 4.079000e-001,-2.826810e+003, 2.157645e+003, 1.180757e+003,-5.548250e+002,-5.801270e+001, 8.586497e+001,-8.710367e+002, 0.000000e+000, 0.000000e+000, 0.000000e+000
 4.079500e-001,-2.838095e+003, 2.105298e+003, 1.238116e+003,-6.245633e+002,-5.824457e+001, 8.813182e+001,-9.407289e+002, 0.000000e+000, 0.000000e+000, 0.000000e+000
 4.080000e-001,-2.847193e+003, 2.056862e+003, 1.300181e+003,-6.940770e+002,-5.845792e+001, 9.036387e+001,-1.009835e+003, 0.000000e+000, 0.000000e+000, 0.000000e+000
 4.080500e-001,-2.856481e+003, 2.002652e+003, 1.356330e+003,-7.633398e+002,-5.862681e+001, 9.258109e+001,-1.078854e+003, 0.000000e+000, 0.000000e+000, 0.000000e+000
 4.081000e-001,-2.863528e+003, 1.953127e+003, 1.417743e+003,-8.323289e+002,-5.877501e+001, 9.476300e+001,-1.147230e+003, 0.000000e+000, 0.000000e+000, 0.000000e+000
 4.081500e-001,-2.870801e+003, 1.897189e+003, 1.472636e+003,-9.010186e+002,-5.888069e+001, 9.692698e+001,-1.215477e+003, 0.000000e+000, 0.000000e+000, 0.000000e+000
 4.082000e-001,-2.875791e+003, 1.846588e+003, 1.533274e+003,-9.693857e+002,-5.896349e+001, 9.905532e+001,-1.283024e+003, 0.000000e+000, 0.000000e+000, 0.000000e+000
 4.082500e-001,-2.881034e+003, 1.789062e+003, 1.586874e+003,-1.037405e+003,-5.900615e+001, 1.011624e+002,-1.350402e+003, 0.000000e+000, 0.000000e+000, 0.000000e+000
 4.083000e-001,-2.883963e+003, 1.737394e+003, 1.646609e+003,-1.105054e+003,-5.902374e+001, 1.032336e+002,-1.417023e+003, 0.000000e+000, 0.000000e+000, 0.000000e+000
 4.083500e-001,-2.887166e+003, 1.678431e+003, 1.698885e+003,-1.172307e+003,-5.900389e+001, 1.052800e+002,-1.483435e+003, 0.000000e+000, 0.000000e+000, 0.000000e+000
 4.084000e-001,-2.888031e+003, 1.625702e+003, 1.757585e+003,-1.239143e+003,-5.895689e+001, 1.072904e+002,-1.549034e+003, 0.000000e+000, 0.000000e+000, 0.000000e+000
 4.084500e-001,-2.889188e+003, 1.565457e+003, 1.808513e+003,-1.305535e+003,-5.887543e+001, 1.092723e+002,-1.614384e+003, 0.000000e+000, 0.000000e+000, 0.000000e+000
 4.085000e-001,-2.887989e+003, 1.511672e+003, 1.866046e+003,-1.371463e+003,-5.876486e+001, 1.112182e+002,-1.678867e+003, 0.000000e+000, 0.000000e+000, 0.000000e+000
 4.085500e-001,-2.887100e+003, 1.450301e+003, 1.915604e+003,-1.436901e+003,-5.862305e+001, 1.131318e+002,-1.743062e+003, 0.000000e+000, 0.000000e+000, 0.000000e+000
 4.086000e-001,-2.883835e+003, 1.395469e+003, 1.971837e+003,-1.501828e+003,-5.845032e+001, 1.150094e+002,-1.806334e+003, 0.000000e+000, 0.000000e+000, 0.000000e+000
 4.086500e-001,-2.880903e+003, 1.333130e+003, 2.020008e+003,-1.566220e+003,-5.824973e+001, 1.168508e+002,-1.869281e+003, 0.000000e+000, 0.000000e+000, 0.000000e+000
 4.087000e-001,-2.875574e+003, 1.277258e+003, 2.074807e+003,-1.630056e+003,-5.801663e+001, 1.186564e+002,-1.931252e+003, 0.000000e+000, 0.000000e+000, 0.000000e+000
 4.087500e-001,-2.870607e+003, 1.214112e+003, 2.121577e+003,-1.693311e+003,-5.775916e+001, 1.204218e+002,-1.992859e+003, 0.000000e+000, 0.000000e+000, 0.000000e+000
 4.088000e-001,-2.863219e+003, 1.157212e+003, 2.174812e+003,-1.755964e+003,-5.746786e+001, 1.221513e+002,-2.053439e+003, 0.000000e+000, 0.000000e+000, 0.000000e+000
 4.088500e-001,-2.856227e+003, 1.093414e+003, 2.220167e+003,-1.817994e+003,-5.715570e+001, 1.238369e+002,-2.113618e+003, 0.000000e+000, 0.000000e+000, 0.000000e+000
 4.089000e-001,-2.846784e+003, 1.035505e+003, 2.271710e+003,-1.879378e+003,-5.680865e+001, 1.254867e+002,-2.172718e+003, 0.000000e+000, 0.000000e+000, 0.000000e+000
 4.089500e-001,-2.837784e+003, 9.712092e+002, 2.315636e+003,-1.940094e+003,-5.644424e+001, 1.270888e+002,-2.231382e+003, 0.000000e+000, 0.000000e+000, 0.000000e+000
 4.090000e-001,-2.826295e+003, 9.123142e+002, 2.365367e+003,-2.000122e+003,-5.604422e+001, 1.286550e+002,-2.288916e+003, 0.000000e+000, 0.000000e+000, 0.000000e+000
 4.090500e-001,-2.815304e+003, 8.476680e+002, 2.407850e+003,-2.059439e+003,-5.563023e+001, 1.301699e+002,-2.345979e+003, 0.000000e+000, 0.000000e+000, 0.000000e+000
 4.091000e-001,-2.801780e+003, 7.878185e+002, 2.455651e+003,-2.118027e+003,-5.518026e+001, 1.316488e+002,-2.401865e+003, 0.000000e+000, 0.000000e+000, 0.000000e+000
 4.091500e-001,-2.788819e+003, 7.229638e+002, 2.496673e+003,-2.175863e+003,-5.471955e+001, 1.330730e+002,-2.457245e+003, 0.000000e+000, 0.000000e+000, 0.000000e+000
 4.092000e-001,-2.773274e+003, 6.622000e+002, 2.542436e+003,-2.232928e+003,-5.422285e+001, 1.344608e+002,-2.511399e+003, 0.000000e+000, 0.000000e+000, 0.000000e+000
 4.092500e-001,-2.758366e+003, 5.972704e+002, 2.581978e+003,-2.289200e+003,-5.371844e+001, 1.357910e+002,-2.565015e+003, 0.000000e+000, 0.000000e+000, 0.000000e+000
 4.093000e-001,-2.740818e+003, 5.356419e+002, 2.625604e+003,-2.344663e+003,-5.317842e+001, 1.370842e+002,-2.617360e+003, 0.000000e+000, 0.000000e+000, 0.000000e+000
 4.093500e-001,-2.723989e+003, 4.707625e+002, 2.663639e+003,-2.399293e+003,-5.263344e+001, 1.383170e+002,-2.669135e+003, 0.000000e+000, 0.000000e+000, 0.000000e+000
 4.094000e-001,-2.704458e+003, 4.083292e+002, 2.705037e+003,-2.453075e+003,-5.205361e+001, 1.395123e+002,-2.719594e+003, 0.000000e+000, 0.000000e+000, 0.000000e+000
 4.094500e-001,-2.685737e+003, 3.436153e+002, 2.741538e+003,-2.505986e+003,-5.147129e+001, 1.406445e+002,-2.769451e+003, 0.000000e+000, 0.000000e+000, 0.000000e+000
 4.095000e-001,-2.664248e+003, 2.804478e+002, 2.780629e+003,-2.558011e+003,-5.085525e+001, 1.417385e+002,-2.817950e+003, 0.000000e+000, 0.000000e+000, 0.000000e+000
 4.095500e-001,-2.643664e+003, 2.160043e+002, 2.815558e+003,-2.609129e+003,-5.023883e+001, 1.427675e+002,-2.865818e+003, 0.000000e+000, 0.000000e+000, 0.000000e+000
 4.096000e-001,-2.620244e+003, 1.521842e+002, 2.852274e+003,-2.659325e+003,-4.959020e+001, 1.437570e+002,-2.912287e+003, 0.000000e+000, 0.000000e+000, 0.000000e+000
 4.096500e-001,-2.597830e+003, 8.810539e+001, 2.885590e+003,-2.708577e+003,-4.894295e+001, 1.446799e+002,-2.958095e+003, 0.000000e+000, 0.000000e+000, 0.000000e+000
 4.097000e-001,-2.572511e+003, 2.372544e+001, 2.919876e+003,-2.756873e+003,-4.826535e+001, 1.455621e+002,-3.002467e+003, 0.000000e+000, 0.000000e+000, 0.000000e+000
 4.097500e-001,-2.548299e+003,-3.990530e+001, 2.951530e+003,-2.804191e+003,-4.759048e+001, 1.463764e+002,-3.046149e+003, 0.000000e+000, 0.000000e+000, 0.000000e+000
 4.098000e-001,-2.521117e+003,-1.047418e+002, 2.983341e+003,-2.850518e+003,-4.688745e+001, 1.471486e+002,-3.088358e+003, 0.000000e+000, 0.000000e+000, 0.000000e+000
 4.098500e-001,-2.495144e+003,-1.678517e+002, 3.013280e+003,-2.895835e+003,-4.618810e+001, 1.478520e+002,-3.129851e+003, 0.000000e+000, 0.000000e+000, 0.000000e+000
 4.099000e-001,-2.466136e+003,-2.330311e+002, 3.042584e+003,-2.940129e+003,-4.546309e+001, 1.485117e+002,-3.169836e+003, 0.000000e+000, 0.000000e+000, 0.000000e+000
 4.099500e-001,-2.438439e+003,-2.955579e+002, 3.070746e+003,-2.983381e+003,-4.474231e+001, 1.491023e+002,-3.209080e+003, 0.000000e+000, 0.000000e+000, 0.000000e+000
 4.100000e-001,-2.407648e+003,-3.609568e+002, 3.097524e+003,-3.025578e+003,-4.399861e+001, 1.496473e+002,-3.246783e+003, 0.000000e+000, 0.000000e+000, 0.000000e+000
 4.100500e-001,-2.378265e+003,-4.228480e+002, 3.123843e+003,-3.066704e+003,-4.325931e+001, 1.501231e+002,-3.283721e+003, 0.000000e+000, 0.000000e+000, 0.000000e+000
 4.101000e-001,-2.345735e+003,-4.883345e+002, 3.148085e+003,-3.106746e+003,-4.250003e+001, 1.505515e+002,-3.319086e+003, 0.000000e+000, 0.000000e+000, 0.000000e+000
 4.101500e-001,-2.314710e+003,-5.495466e+002, 3.172491e+003,-3.145688e+003,-4.174495e+001, 1.509111e+002,-3.353665e+003, 0.000000e+000, 0.000000e+000, 0.000000e+000
 4.102000e-001,-2.280487e+003,-6.149812e+002, 3.194199e+003,-3.183518e+003,-4.097299e+001, 1.512213e+002,-3.386643e+003, 0.000000e+000, 0.000000e+000, 0.000000e+000
 4.102500e-001,-2.247863e+003,-6.754788e+002, 3.216616e+003,-3.220220e+003,-4.020467e+001, 1.514633e+002,-3.418813e+003, 0.000000e+000, 0.000000e+000, 0.000000e+000
 4.103000e-001,-2.211998e+003,-7.407157e+002, 3.235801e+003,-3.255783e+003,-3.942270e+001, 1.516538e+002,-3.449354e+003, 0.000000e+000, 0.000000e+000, 0.000000e+000
 4.103500e-001,-2.177821e+003,-8.004701e+002, 3.256153e+003,-3.290194e+003,-3.864349e+001, 1.517774e+002,-3.479070e+003, 0.000000e+000, 0.000000e+000, 0.000000e+000
 4.104000e-001,-2.140366e+003,-8.653588e+002, 3.272834e+003,-3.323442e+003,-3.785389e+001, 1.518472e+002,-3.507132e+003, 0.000000e+000, 0.000000e+000, 0.000000e+000
 4.104500e-001,-2.104685e+003,-9.243469e+002, 3.291042e+003,-3.355512e+003,-3.706589e+001, 1.518515e+002,-3.534349e+003, 0.000000e+000, 0.000000e+000, 0.000000e+000
 4.105000e-001,-2.065693e+003,-9.887336e+002, 3.305247e+003,-3.386396e+003,-3.627076e+001, 1.518000e+002,-3.559891e+003, 0.000000e+000, 0.000000e+000, 0.000000e+000
 4.105500e-001,-2.028558e+003,-1.046937e+003, 3.321231e+003,-3.416080e+003,-3.547586e+001, 1.516846e+002,-3.584573e+003, 0.000000e+000, 0.000000e+000, 0.000000e+000
 4.106000e-001,-1.988086e+003,-1.110666e+003, 3.332992e+003,-3.444556e+003,-3.467702e+001, 1.515114e+002,-3.607559e+003, 0.000000e+000, 0.000000e+000, 0.000000e+000
 4.106500e-001,-1.949551e+003,-1.168068e+003, 3.346677e+003,-3.471811e+003,-3.387684e+001, 1.512760e+002,-3.629670e+003, 0.000000e+000, 0.000000e+000, 0.000000e+000
 4.107000e-001,-1.907656e+003,-1.230985e+003, 3.356030e+003,-3.497839e+003,-3.307578e+001, 1.509811e+002,-3.650067e+003, 0.000000e+000, 0.000000e+000, 0.000000e+000
 4.107500e-001,-1.867777e+003,-1.287571e+003, 3.367342e+003,-3.522626e+003,-3.227169e+001, 1.506259e+002,-3.669577e+003, 0.000000e+000, 0.000000e+000, 0.000000e+000
 4.108000e-001,-1.824519e+003,-1.349521e+003, 3.374326e+003,-3.546168e+003,-3.146960e+001, 1.502095e+002,-3.687356e+003, 0.000000e+000, 0.000000e+000, 0.000000e+000
 4.108500e-001,-1.783354e+003,-1.405276e+003, 3.383197e+003,-3.568452e+003,-3.066272e+001, 1.497350e+002,-3.704238e+003, 0.000000e+000, 0.000000e+000, 0.000000e+000
 4.109000e-001,-1.738793e+003,-1.466111e+003, 3.387851e+003,-3.589473e+003,-2.986050e+001, 1.491979e+002,-3.719375e+003, 0.000000e+000, 0.000000e+000, 0.000000e+000
 4.109500e-001,-1.696401e+003,-1.521016e+003, 3.394220e+003,-3.609222e+003,-2.905169e+001, 1.486047e+002,-3.733605e+003, 0.000000e+000, 0.000000e+000, 0.000000e+000
 4.110000e-001,-1.650601e+003,-1.580592e+003, 3.396583e+003,-3.627692e+003,-2.824993e+001, 1.479477e+002,-3.746079e+003, 0.000000e+000, 0.000000e+000, 0.000000e+000
 4.110500e-001,-1.607043e+003,-1.634628e+003, 3.400396e+003,-3.644876e+003,-2.743981e+001, 1.472369e+002,-3.757639e+003, 0.000000e+000, 0.000000e+000, 0.000000e+000
 4.111000e-001,-1.560069e+003,-1.692806e+003, 3.400505e+003,-3.660769e+003,-2.663881e+001, 1.464615e+002,-3.767433e+003, 0.000000e+000, 0.000000e+000, 0.000000e+000
 4.111500e-001,-1.515408e+003,-1.745948e+003, 3.401719e+003,-3.675363e+003,-2.582779e+001, 1.456343e+002,-3.776307e+003, 0.000000e+000, 0.000000e+000, 0.000000e+000
 4.112000e-001,-1.467328e+003,-1.802599e+003, 3.399608e+003,-3.688654e+003,-2.502758e+001, 1.447422e+002,-3.783409e+003, 0.000000e+000, 0.000000e+000, 0.000000e+000
 4.112500e-001,-1.421627e+003,-1.854816e+003, 3.398190e+003,-3.700636e+003,-2.421581e+001, 1.438002e+002,-3.789587e+003, 0.000000e+000, 0.000000e+000, 0.000000e+000
 4.113000e-001,-1.372508e+003,-1.909819e+003, 3.393888e+003,-3.711307e+003,-2.341619e+001, 1.427935e+002,-3.793988e+003, 0.000000e+000, 0.000000e+000, 0.000000e+000
 4.113500e-001,-1.325833e+003,-1.961076e+003, 3.389815e+003,-3.720659e+003,-2.260365e+001, 1.417386e+002,-3.797462e+003, 0.000000e+000, 0.000000e+000, 0.000000e+000
 4.114000e-001,-1.275748e+003,-2.014322e+003, 3.383348e+003,-3.728692e+003,-2.180417e+001, 1.406194e+002,-3.799157e+003, 0.000000e+000, 0.000000e+000, 0.000000e+000
 4.114500e-001,-1.228162e+003,-2.064573e+003, 3.376612e+003,-3.735401e+003,-2.099063e+001, 1.394538e+002,-3.799925e+003, 0.000000e+000, 0.000000e+000, 0.000000e+000
 4.115000e-001,-1.177184e+003,-2.115964e+003, 3.367997e+003,-3.740784e+003,-2.019066e+001, 1.382250e+002,-3.798913e+003, 0.000000e+000, 0.000000e+000, 0.000000e+000
 4.115500e-001,-1.128752e+003,-2.165158e+003, 3.358601e+003,-3.744838e+003,-1.937574e+001, 1.369511e+002,-3.796974e+003, 0.000000e+000, 0.000000e+000, 0.000000e+000
 4.116000e-001,-1.076959e+003,-2.214605e+003, 3.347852e+003,-3.747562e+003,-1.857448e+001, 1.356155e+002,-3.793259e+003, 0.000000e+000, 0.000000e+000, 0.000000e+000
 4.116500e-001,-1.027745e+003,-2.262682e+003, 3.335812e+003,-3.748955e+003,-1.775764e+001, 1.342361e+002,-3.788620e+003, 0.000000e+000, 0.000000e+000, 0.000000e+000
 4.117000e-001,-9.752151e+002,-2.310114e+003, 3.322935e+003,-3.749015e+003,-1.695415e+001, 1.327969e+002,-3.782208e+003, 0.000000e+000, 0.000000e+000, 0.000000e+000
 4.117500e-001,-9.252824e+002,-2.357005e+003, 3.308280e+003,-3.747742e+003,-1.613472e+001, 1.313151e+002,-3.774876e+003, 0.000000e+000, 0.000000e+000, 0.000000e+000
 4.118000e-001,-8.720992e+002,-2.402358e+003, 3.293278e+003,-3.745137e+003,-1.532794e+001, 1.297757e+002,-3.765779e+003, 0.000000e+000, 0.000000e+000, 0.000000e+000
 4.118500e-001,-8.215094e+002,-2.447988e+003, 3.276049e+003,-3.741201e+003,-1.450518e+001, 1.281948e+002,-3.755767e+003, 0.000000e+000, 0.000000e+000, 0.000000e+000
 4.119000e-001,-7.677583e+002,-2.491212e+003, 3.258918e+003,-3.735932e+003,-1.369400e+001, 1.265589e+002,-3.744000e+003, 0.000000e+000, 0.000000e+000, 0.000000e+000
 4.119500e-001,-7.165722e+002,-2.535498e+003, 3.239167e+003,-3.729336e+003,-1.286706e+001, 1.248823e+002,-3.731324e+003, 0.000000e+000, 0.000000e+000, 0.000000e+000
 4.120000e-001,-6.623416e+002,-2.576555e+003, 3.219899e+003,-3.721412e+003,-1.205029e+001, 1.231539e+002,-3.716905e+003, 0.000000e+000, 0.000000e+000, 0.000000e+000
 4.120500e-001,-6.106185e+002,-2.619406e+003, 3.197688e+003,-3.712164e+003,-1.121829e+001, 1.213854e+002,-3.701585e+003, 0.000000e+000, 0.000000e+000, 0.000000e+000
 4.121000e-001,-5.559996e+002,-2.658269e+003, 3.176273e+003,-3.701593e+003,-1.039477e+001, 1.195685e+002,-3.684537e+003, 0.000000e+000, 0.000000e+000, 0.000000e+000
 4.121500e-001,-5.037976e+002,-2.699590e+003, 3.151676e+003,-3.689706e+003,-9.556792e+000, 1.177121e+002,-3.666597e+003, 0.000000e+000, 0.000000e+000, 0.000000e+000
 4.122000e-001,-4.488840e+002,-2.736242e+003, 3.128101e+003,-3.676502e+003,-8.725337e+000, 1.158109e+002,-3.646946e+003, 0.000000e+000, 0.000000e+000, 0.000000e+000
 4.122500e-001,-3.962596e+002,-2.775932e+003, 3.101195e+003,-3.661991e+003,-7.880466e+000, 1.138707e+002,-3.626414e+003, 0.000000e+000, 0.000000e+000, 0.000000e+000
 4.123000e-001,-3.411472e+002,-2.810367e+003, 3.075448e+003,-3.646172e+003,-7.039961e+000, 1.118895e+002,-3.604188e+003, 0.000000e+000, 0.000000e+000, 0.000000e+000
 4.123500e-001,-2.881560e+002,-2.848322e+003, 3.046319e+003,-3.629058e+003,-6.187292e+000, 1.098699e+002,-3.581095e+003, 0.000000e+000, 0.000000e+000, 0.000000e+000
 4.124000e-001,-2.329424e+002,-2.880539e+003, 3.018388e+003,-3.610646e+003,-5.336692e+000, 1.078133e+002,-3.556329e+003, 0.000000e+000, 0.000000e+000, 0.000000e+000
 4.124500e-001,-1.796390e+002,-2.916653e+003, 2.987127e+003,-3.590951e+003,-4.475365e+000, 1.057187e+002,-3.530709e+003, 0.000000e+000, 0.000000e+000, 0.000000e+000
 4.125000e-001,-1.244230e+002,-2.946661e+003, 2.957002e+003,-3.569970e+003,-3.613725e+000, 1.035910e+002,-3.503439e+003, 0.000000e+000, 0.000000e+000, 0.000000e+000
 4.125500e-001,-7.086144e+001,-2.980828e+003, 2.923702e+003,-3.547722e+003,-2.742944e+000, 1.014261e+002,-3.475330e+003, 0.000000e+000, 0.000000e+000, 0.000000e+000
 4.126000e-001,-1.574242e+001,-3.008638e+003, 2.891379e+003,-3.524203e+003,-1.869440e+000, 9.923199e+001,-3.445597e+003, 0.000000e+000, 0.000000e+000, 0.000000e+000
 4.126500e-001, 3.802314e+001,-3.040752e+003, 2.856135e+003,-3.499433e+003,-9.884937e-001, 9.700131e+001,-3.415040e+003, 0.000000e+000, 0.000000e+000, 0.000000e+000
 4.127000e-001, 9.294582e+001,-3.066383e+003, 2.821613e+003,-3.473408e+003,-1.024498e-001, 9.474535e+001,-3.382887e+003, 0.000000e+000, 0.000000e+000, 0.000000e+000
 4.127500e-001, 1.468609e+002,-3.096340e+003, 2.784520e+003,-3.446151e+003, 7.892678e-001, 9.245365e+001,-3.349927e+003, 0.000000e+000, 0.000000e+000, 0.000000e+000
 4.128000e-001, 2.014887e+002,-3.119812e+003, 2.747807e+003,-3.417656e+003, 1.688364e+000, 9.014041e+001,-3.315400e+003, 0.000000e+000, 0.000000e+000, 0.000000e+000
 4.128500e-001, 2.554979e+002,-3.147514e+003, 2.708956e+003,-3.387949e+003, 2.591334e+000, 8.779240e+001,-3.280085e+003, 0.000000e+000, 0.000000e+000, 0.000000e+000
 4.129000e-001, 3.097338e+002,-3.168847e+003, 2.670068e+003,-3.357026e+003, 3.503813e+000, 8.542641e+001,-3.243234e+003, 0.000000e+000, 0.000000e+000, 0.000000e+000
 4.129500e-001, 3.637800e+002,-3.194199e+003, 2.629550e+003,-3.324912e+003, 4.418371e+000, 8.302681e+001,-3.205615e+003, 0.000000e+000, 0.000000e+000, 0.000000e+000
 4.130000e-001, 4.175293e+002,-3.213416e+003, 2.588510e+003,-3.291604e+003, 5.344365e+000, 8.061254e+001,-3.166493e+003, 0.000000e+000, 0.000000e+000, 0.000000e+000
 4.130500e-001, 4.715535e+002,-3.236331e+003, 2.546412e+003,-3.257129e+003, 6.270688e+000, 7.816604e+001,-3.126625e+003, 0.000000e+000, 0.000000e+000, 0.000000e+000
 4.131000e-001, 5.247246e+002,-3.253452e+003, 2.503255e+003,-3.221482e+003, 7.210119e+000, 7.570789e+001,-3.085288e+003, 0.000000e+000, 0.000000e+000, 0.000000e+000
 4.131500e-001, 5.786649e+002,-3.273852e+003, 2.459658e+003,-3.184695e+003, 8.148205e+000, 7.321908e+001,-3.043227e+003, 0.000000e+000, 0.000000e+000, 0.000000e+000
 4.132000e-001, 6.311699e+002,-3.288893e+003, 2.414428e+003,-3.146761e+003, 9.100774e+000, 7.072134e+001,-2.999733e+003, 0.000000e+000, 0.000000e+000, 0.000000e+000
 4.132500e-001, 6.849615e+002,-3.306708e+003, 2.369407e+003,-3.107714e+003, 1.005043e+001, 6.819475e+001,-2.955540e+003, 0.000000e+000, 0.000000e+000, 0.000000e+000
 4.133000e-001, 7.367171e+002,-3.319685e+003, 2.322160e+003,-3.067549e+003, 1.101561e+001, 6.566158e+001,-2.909951e+003, 0.000000e+000, 0.000000e+000, 0.000000e+000
 4.133500e-001, 7.902914e+002,-3.334856e+003, 2.275787e+003,-3.026298e+003, 1.197643e+001, 6.310159e+001,-2.863688e+003, 0.000000e+000, 0.000000e+000, 0.000000e+000
 4.134000e-001, 8.412192e+002,-3.345779e+003, 2.226589e+003,-2.983957e+003, 1.295346e+001, 6.053704e+001,-2.816068e+003, 0.000000e+000, 0.000000e+000, 0.000000e+000
 4.134500e-001, 8.945038e+002,-3.358257e+003, 2.178927e+003,-2.940561e+003, 1.392483e+001, 5.794791e+001,-2.767802e+003, 0.000000e+000, 0.000000e+000, 0.000000e+000
 4.135000e-001, 9.445310e+002,-3.367133e+003, 2.127855e+003,-2.896107e+003, 1.491270e+001, 5.535587e+001,-2.718218e+003, 0.000000e+000, 0.000000e+000, 0.000000e+000
 4.135500e-001, 9.974492e+002,-3.376881e+003, 2.078963e+003,-2.850629e+003, 1.589378e+001, 5.274166e+001,-2.668016e+003, 0.000000e+000, 0.000000e+000, 0.000000e+000
 4.136000e-001, 1.046509e+003,-3.383710e+003, 2.026103e+003,-2.804125e+003, 1.689124e+001, 5.012587e+001,-2.616538e+003, 0.000000e+000, 0.000000e+000, 0.000000e+000
 4.136500e-001, 1.098980e+003,-3.390703e+003, 1.976034e+003,-2.756629e+003, 1.788094e+001, 4.749049e+001,-2.564471e+003, 0.000000e+000, 0.000000e+000, 0.000000e+000
 4.137000e-001, 1.147011e+003,-3.395481e+003, 1.921485e+003,-2.708142e+003, 1.888650e+001, 4.485450e+001,-2.511170e+003, 0.000000e+000, 0.000000e+000, 0.000000e+000
 4.137500e-001, 1.198949e+003,-3.399706e+003, 1.870286e+003,-2.658698e+003, 1.988351e+001, 4.220167e+001,-2.457312e+003, 0.000000e+000, 0.000000e+000, 0.000000e+000
 4.138000e-001, 1.245899e+003,-3.402424e+003, 1.814152e+003,-2.608298e+003, 2.089544e+001, 3.954889e+001,-2.402263e+003, 0.000000e+000, 0.000000e+000, 0.000000e+000
 4.138500e-001, 1.297215e+003,-3.403879e+003, 1.761866e+003,-2.556977e+003, 2.189818e+001, 3.688211e+001,-2.346689e+003, 0.000000e+000, 0.000000e+000, 0.000000e+000
 4.139000e-001, 1.343033e+003,-3.404523e+003, 1.704261e+003,-2.504737e+003, 2.291452e+001, 3.421576e+001,-2.289969e+003, 0.000000e+000, 0.000000e+000, 0.000000e+000
 4.139500e-001, 1.393633e+003,-3.403219e+003, 1.650929e+003,-2.451612e+003, 2.392118e+001, 3.153834e+001,-2.232757e+003, 0.000000e+000, 0.000000e+000, 0.000000e+000
 4.140000e-001, 1.438280e+003,-3.401771e+003, 1.591973e+003,-2.397608e+003, 2.493973e+001, 2.886148e+001,-2.174444e+003, 0.000000e+000, 0.000000e+000, 0.000000e+000
 4.140500e-001, 1.488067e+003,-3.397729e+003, 1.537631e+003,-2.342756e+003, 2.594825e+001, 2.617653e+001,-2.115675e+003, 0.000000e+000, 0.000000e+000, 0.000000e+000
 4.141000e-001, 1.531505e+003,-3.394165e+003, 1.477450e+003,-2.287065e+003, 2.696660e+001, 2.349206e+001,-2.055850e+003, 0.000000e+000, 0.000000e+000, 0.000000e+000
 4.141500e-001, 1.580380e+003,-3.387416e+003, 1.422134e+003,-2.230565e+003, 2.797468e+001, 2.080248e+001,-1.995606e+003, 0.000000e+000, 0.000000e+000, 0.000000e+000
 4.142000e-001, 1.622580e+003,-3.381712e+003, 1.360858e+003,-2.173268e+003, 2.899021e+001, 1.811313e+001,-1.934352e+003, 0.000000e+000, 0.000000e+000, 0.000000e+000
 4.142500e-001, 1.670439e+003,-3.372299e+003, 1.304602e+003,-2.115202e+003, 2.999532e+001, 1.542164e+001,-1.872718e+003, 0.000000e+000, 0.000000e+000, 0.000000e+000
 4.143000e-001, 1.711374e+003,-3.364426e+003, 1.242363e+003,-2.056381e+003, 3.100522e+001, 1.273001e+001,-1.810119e+003, 0.000000e+000, 0.000000e+000, 0.000000e+000
 4.143500e-001, 1.758115e+003,-3.352397e+003, 1.185203e+003,-1.996832e+003, 3.200461e+001, 1.003915e+001,-1.747181e+003, 0.000000e+000, 0.000000e+000, 0.000000e+000
 4.144000e-001, 1.797765e+003,-3.342328e+003, 1.122136e+003,-1.936573e+003, 3.300588e+001, 7.347698e+000,-1.683325e+003, 0.000000e+000, 0.000000e+000, 0.000000e+000
 4.144500e-001, 1.843283e+003,-3.327741e+003, 1.064109e+003,-1.875627e+003, 3.399661e+001, 4.659839e+000,-1.619170e+003, 0.000000e+000, 0.000000e+000, 0.000000e+000
 4.145000e-001, 1.881628e+003,-3.315446e+003, 1.000348e+003,-1.814015e+003, 3.498610e+001, 1.970918e+000,-1.554145e+003, 0.000000e+000, 0.000000e+000, 0.000000e+000
 4.145500e-001, 1.925819e+003,-3.298365e+003, 9.414914e+002,-1.751760e+003, 3.596502e+001,-7.117029e-001,-1.488864e+003, 0.000000e+000, 0.000000e+000, 0.000000e+000
 4.146000e-001, 1.962846e+003,-3.283815e+003, 8.771709e+002,-1.688885e+003, 3.693945e+001,-3.395844e+000,-1.422760e+003, 0.000000e+000, 0.000000e+000, 0.000000e+000
 4.146500e-001, 2.005608e+003,-3.264311e+003, 8.175281e+002,-1.625410e+003, 3.790327e+001,-6.071114e+000,-1.356443e+003, 0.000000e+000, 0.000000e+000, 0.000000e+000
 4.147000e-001, 2.041301e+003,-3.247481e+003, 7.527798e+002,-1.561363e+003, 3.885923e+001,-8.748301e+000,-1.289352e+003, 0.000000e+000, 0.000000e+000, 0.000000e+000
 4.147500e-001, 2.082534e+003,-3.225625e+003, 6.923972e+002,-1.496760e+003, 3.980450e+001,-1.141420e+001,-1.222093e+003, 0.000000e+000, 0.000000e+000, 0.000000e+000
 4.148000e-001, 2.116883e+003,-3.206492e+003, 6.273500e+002,-1.431631e+003, 4.073853e+001,-1.408232e+001,-1.154107e+003, 0.000000e+000, 0.000000e+000, 0.000000e+000
 4.148500e-001, 2.156489e+003,-3.182363e+003, 5.662788e+002,-1.365992e+003, 4.166171e+001,-1.673691e+001,-1.086000e+003, 0.000000e+000, 0.000000e+000, 0.000000e+000
 4.149000e-001, 2.189480e+003,-3.160908e+003, 5.010575e+002,-1.299876e+003, 4.257025e+001,-1.939388e+001,-1.017215e+003, 0.000000e+000, 0.000000e+000, 0.000000e+000
 4.149500e-001, 2.227367e+003,-3.134582e+003, 4.393546e+002,-1.233296e+003, 4.346770e+001,-2.203526e+001,-9.483551e+002, 0.000000e+000, 0.000000e+000, 0.000000e+000
 4.150000e-001, 2.258990e+003,-3.110793e+003, 3.740793e+002,-1.166287e+003, 4.434719e+001,-2.467900e+001,-8.788656e+002, 0.000000e+000, 0.000000e+000, 0.000000e+000
 4.150500e-001, 2.295071e+003,-3.082350e+003, 3.118076e+002,-1.098860e+003, 4.521526e+001,-2.730531e+001,-8.093494e+002, 0.000000e+000, 0.000000e+000, 0.000000e+000
 4.151000e-001, 2.325309e+003,-3.056221e+003, 2.465930e+002,-1.031055e+003, 4.606214e+001,-2.993374e+001,-7.392524e+002, 0.000000e+000, 0.000000e+000, 0.000000e+000
 4.151500e-001, 2.359503e+003,-3.025740e+003, 1.838217e+002,-9.628782e+002, 4.689713e+001,-3.254309e+001,-6.691776e+002, 0.000000e+000, 0.000000e+000, 0.000000e+000
 4.152000e-001, 2.388342e+003,-2.997270e+003, 1.187766e+002,-8.943727e+002, 4.770788e+001,-3.515411e+001,-5.985708e+002, 0.000000e+000, 0.000000e+000, 0.000000e+000
 4.152500e-001, 2.420574e+003,-2.964827e+003, 5.558105e+001,-8.255441e+002, 4.850614e+001,-3.774457e+001,-5.280358e+002, 0.000000e+000, 0.000000e+000, 0.000000e+000
 4.153000e-001, 2.447995e+003,-2.934027e+003,-9.192115e+000,-7.564365e+002, 4.927732e+001,-4.033602e+001,-4.570178e+002, 0.000000e+000, 0.000000e+000, 0.000000e+000
 4.153500e-001, 2.478199e+003,-2.899698e+003,-7.272952e+001,-6.870541e+002, 5.003527e+001,-4.290562e+001,-3.861218e+002, 0.000000e+000, 0.000000e+000, 0.000000e+000
 4.154000e-001, 2.504180e+003,-2.866585e+003,-1.371349e+002,-6.174426e+002, 5.076353e+001,-4.547527e+001,-3.147918e+002, 0.000000e+000, 0.000000e+000, 0.000000e+000
 4.154500e-001, 2.532298e+003,-2.830443e+003,-2.009255e+002,-5.476054e+002, 5.147769e+001,-4.802197e+001,-2.436348e+002, 0.000000e+000, 0.000000e+000, 0.000000e+000
 4.155000e-001, 2.556815e+003,-2.795042e+003,-2.648739e+002,-4.775892e+002, 5.215984e+001,-5.056749e+001,-1.720928e+002, 0.000000e+000, 0.000000e+000, 0.000000e+000
 4.155500e-001, 2.582795e+003,-2.757157e+003,-3.288225e+002,-4.073968e+002, 5.282689e+001,-5.308913e+001,-1.007751e+002, 0.000000e+000, 0.000000e+000, 0.000000e+000
 4.156000e-001, 2.605820e+003,-2.719505e+003,-3.922318e+002,-3.370754e+002, 5.345990e+001,-5.560810e+001,-2.912146e+001, 0.000000e+000, 0.000000e+000, 0.000000e+000
 4.156500e-001, 2.629621e+003,-2.679942e+003,-4.562372e+002,-2.666277e+002, 5.407671e+001,-5.810243e+001, 4.225610e+001, 0.000000e+000, 0.000000e+000, 0.000000e+000
 4.157000e-001, 2.651122e+003,-2.640085e+003,-5.190313e+002,-1.961011e+002, 5.465777e+001,-6.059233e+001, 1.139206e+002, 0.000000e+000, 0.000000e+000, 0.000000e+000
 4.157500e-001, 2.672710e+003,-2.598907e+003,-5.829868e+002,-1.254981e+002, 5.522141e+001,-6.305694e+001, 1.852570e+002, 0.000000e+000, 0.000000e+000, 0.000000e+000
 4.158000e-001, 2.692655e+003,-2.556900e+003,-6.450965e+002,-5.486628e+001, 5.574797e+001,-6.551510e+001, 2.568315e+002, 0.000000e+000, 0.000000e+000, 0.000000e+000
 4.158500e-001, 2.712005e+003,-2.514164e+003,-7.088900e+002, 1.579159e+001, 5.625578e+001,-6.794746e+001, 3.280255e+002, 0.000000e+000, 0.000000e+000, 0.000000e+000
 4.159000e-001, 2.730354e+003,-2.470071e+003,-7.702520e+002, 8.642850e+001, 5.672553e+001,-7.037109e+001, 3.994089e+002, 0.000000e+000, 0.000000e+000, 0.000000e+000
 4.159500e-001, 2.747449e+003,-2.425833e+003,-8.337669e+002, 1.570410e+002, 5.717517e+001,-7.276851e+001, 4.703594e+002, 0.000000e+000, 0.000000e+000, 0.000000e+000
 4.160000e-001, 2.764165e+003,-2.379727e+003,-8.943234e+002, 2.275830e+002, 5.758611e+001,-7.515470e+001, 5.414508e+002, 0.000000e+000, 0.000000e+000, 0.000000e+000
 4.160500e-001, 2.778995e+003,-2.334039e+003,-9.574394e+002, 2.980500e+002, 5.797553e+001,-7.751434e+001, 6.120568e+002, 0.000000e+000, 0.000000e+000, 0.000000e+000
 4.161000e-001, 2.794035e+003,-2.286001e+003,-1.017138e+003, 3.683973e+002, 5.832599e+001,-7.986003e+001, 6.827554e+002, 0.000000e+000, 0.000000e+000, 0.000000e+000
 4.161500e-001, 2.806599e+003,-2.238911e+003,-1.079731e+003, 4.386191e+002, 5.865351e+001,-8.217889e+001, 7.529162e+002, 0.000000e+000, 0.000000e+000, 0.000000e+000
 4.162000e-001, 2.819921e+003,-2.189030e+003,-1.138524e+003, 5.086722e+002, 5.894216e+001,-8.448090e+001, 8.231216e+002, 0.000000e+000, 0.000000e+000, 0.000000e+000
 4.162500e-001, 2.830223e+003,-2.140584e+003,-1.200469e+003, 5.785494e+002, 5.920646e+001,-8.675584e+001, 8.927369e+002, 0.000000e+000, 0.000000e+000, 0.000000e+000
 4.163000e-001, 2.841784e+003,-2.088956e+003,-1.258312e+003, 6.482094e+002, 5.943232e+001,-8.901088e+001, 9.623493e+002, 0.000000e+000, 0.000000e+000, 0.000000e+000
 4.163500e-001, 2.849833e+003,-2.039198e+003,-1.319482e+003, 7.176432e+002, 5.963249e+001,-9.123859e+001, 1.031319e+003, 0.000000e+000, 0.000000e+000, 0.000000e+000
 4.164000e-001, 2.859590e+003,-1.985926e+003,-1.376334e+003, 7.868117e+002, 5.979496e+001,-9.344324e+001, 1.100240e+003, 0.000000e+000, 0.000000e+000, 0.000000e+000
 4.164500e-001, 2.865402e+003,-1.934898e+003,-1.436601e+003, 8.557042e+002, 5.993048e+001,-9.562032e+001, 1.168465e+003, 0.000000e+000, 0.000000e+000, 0.000000e+000
 4.165000e-001, 2.873314e+003,-1.880089e+003,-1.492423e+003, 9.242836e+002, 6.002932e+001,-9.777105e+001, 1.236595e+003, 0.000000e+000, 0.000000e+000, 0.000000e+000
 4.165500e-001, 2.876907e+003,-1.827833e+003,-1.551661e+003, 9.925375e+002, 6.010008e+001,-9.989393e+001, 1.303979e+003, 0.000000e+000, 0.000000e+000, 0.000000e+000
 4.166000e-001, 2.882935e+003,-1.771599e+003,-1.606417e+003, 1.060431e+003, 6.013546e+001,-1.019871e+002, 1.371220e+003, 0.000000e+000, 0.000000e+000, 0.000000e+000
 4.166500e-001, 2.884333e+003,-1.718158e+003,-1.664500e+003, 1.127950e+003, 6.014177e+001,-1.040522e+002, 1.437664e+003, 0.000000e+000, 0.000000e+000, 0.000000e+000
 4.167000e-001, 2.888439e+003,-1.660612e+003,-1.718154e+003, 1.195062e+003, 6.011421e+001,-1.060842e+002, 1.503921e+003, 0.000000e+000, 0.000000e+000, 0.000000e+000
 4.167500e-001, 2.887668e+003,-1.606030e+003,-1.774959e+003, 1.261752e+003, 6.005678e+001,-1.080876e+002, 1.569330e+003, 0.000000e+000, 0.000000e+000, 0.000000e+000
 4.168000e-001, 2.889820e+003,-1.547289e+003,-1.827475e+003, 1.327988e+003, 5.996719e+001,-1.100548e+002, 1.634507e+003, 0.000000e+000, 0.000000e+000, 0.000000e+000
 4.168500e-001, 2.886906e+003,-1.491611e+003,-1.882884e+003, 1.393753e+003, 5.984713e+001,-1.119927e+002, 1.698786e+003, 0.000000e+000, 0.000000e+000, 0.000000e+000
 4.169000e-001, 2.887074e+003,-1.431792e+003,-1.934225e+003, 1.459020e+003, 5.969678e+001,-1.138912e+002, 1.762790e+003, 0.000000e+000, 0.000000e+000, 0.000000e+000
 4.169500e-001, 2.882047e+003,-1.375066e+003,-1.988124e+003, 1.523769e+003, 5.951558e+001,-1.157599e+002, 1.825846e+003, 0.000000e+000, 0.000000e+000, 0.000000e+000
 4.170000e-001, 2.880207e+003,-1.314286e+003,-2.038252e+003, 1.587974e+003, 5.930606e+001,-1.175860e+002, 1.888584e+003, 0.000000e+000, 0.000000e+000, 0.000000e+000
 4.170500e-001, 2.873097e+003,-1.256564e+003,-2.090532e+003, 1.651616e+003, 5.906558e+001,-1.193814e+002, 1.950325e+003, 0.000000e+000, 0.000000e+000, 0.000000e+000
 4.171000e-001, 2.869230e+003,-1.194939e+003,-2.139405e+003, 1.714670e+003, 5.879883e+001,-1.211314e+002, 2.011708e+003, 0.000000e+000, 0.000000e+000, 0.000000e+000
 4.171500e-001, 2.860067e+003,-1.136277e+003,-2.189965e+003, 1.777115e+003, 5.850125e+001,-1.228497e+002, 2.072045e+003, 0.000000e+000, 0.000000e+000, 0.000000e+000
 4.172000e-001, 2.854160e+003,-1.073921e+003,-2.237540e+003, 1.838928e+003, 5.817950e+001,-1.245198e+002, 2.131982e+003, 0.000000e+000, 0.000000e+000, 0.000000e+000
 4.172500e-001, 2.842973e+003,-1.014378e+003,-2.286285e+003, 1.900089e+003, 5.782731e+001,-1.261571e+002, 2.190827e+003, 0.000000e+000, 0.000000e+000, 0.000000e+000
 4.173000e-001, 2.835020e+003,-9.514025e+002,-2.332515e+003, 1.960575e+003, 5.745305e+001,-1.277436e+002, 2.249233e+003, 0.000000e+000, 0.000000e+000, 0.000000e+000
 4.173500e-001, 2.821839e+003,-8.910454e+002,-2.379359e+003, 2.020365e+003, 5.704902e+001,-1.292962e+002, 2.306500e+003, 0.000000e+000, 0.000000e+000, 0.000000e+000
 4.174000e-001, 2.811838e+003,-8.275574e+002,-2.424193e+003, 2.079439e+003, 5.662497e+001,-1.307956e+002, 2.363290e+003, 0.000000e+000, 0.000000e+000, 0.000000e+000
 4.174500e-001, 2.796693e+003,-7.664567e+002,-2.469058e+003, 2.137774e+003, 5.617210e+001,-1.322595e+002, 2.418895e+003, 0.000000e+000, 0.000000e+000, 0.000000e+000
 4.175000e-001, 2.784649e+003,-7.025602e+002,-2.512439e+003, 2.195353e+003, 5.570120e+001,-1.336683e+002, 2.473988e+003, 0.000000e+000, 0.000000e+000, 0.000000e+000
 4.175500e-001, 2.767569e+003,-6.407925e+002,-2.555258e+003, 2.252152e+003, 5.520267e+001,-1.350400e+002, 2.527850e+003, 0.000000e+000, 0.000000e+000, 0.000000e+000
 4.176000e-001, 2.753494e+003,-5.765867e+002,-2.597126e+003, 2.308154e+003, 5.468801e+001,-1.363548e+002, 2.581165e+003, 0.000000e+000, 0.000000e+000, 0.000000e+000
 4.176500e-001, 2.734507e+003,-5.142344e+002,-2.637839e+003, 2.363337e+003, 5.414716e+001,-1.376307e+002, 2.633205e+003, 0.000000e+000, 0.000000e+000, 0.000000e+000
 4.177000e-001, 2.718418e+003,-4.498138e+002,-2.678130e+003, 2.417685e+003, 5.359195e+001,-1.388483e+002, 2.684665e+003, 0.000000e+000, 0.000000e+000, 0.000000e+000
 4.177500e-001, 2.697554e+003,-3.869650e+002,-2.716687e+003, 2.471174e+003, 5.301221e+001,-1.400251e+002, 2.734807e+003, 0.000000e+000, 0.000000e+000, 0.000000e+000
 4.178000e-001, 2.679473e+003,-3.224196e+002,-2.755332e+003, 2.523790e+003, 5.241976e+001,-1.411423e+002, 2.784337e+003, 0.000000e+000, 0.000000e+000, 0.000000e+000
 4.178500e-001, 2.656760e+003,-2.591678e+002,-2.791694e+003, 2.575510e+003, 5.180464e+001,-1.422167e+002, 2.832508e+003, 0.000000e+000, 0.000000e+000, 0.000000e+000
 4.179000e-001, 2.636716e+003,-1.945824e+002,-2.828620e+003, 2.626320e+003, 5.117830e+001,-1.432308e+002, 2.880037e+003, 0.000000e+000, 0.000000e+000, 0.000000e+000
 4.179500e-001, 2.612184e+003,-1.310263e+002,-2.862756e+003, 2.676198e+003, 5.053130e+001,-1.441996e+002, 2.926166e+003, 0.000000e+000, 0.000000e+000, 0.000000e+000
 4.180000e-001, 2.590208e+003,-6.648145e+001,-2.897885e+003, 2.725132e+003, 4.987440e+001,-1.451078e+002, 2.971625e+003, 0.000000e+000, 0.000000e+000, 0.000000e+000
 4.180500e-001, 2.563888e+003,-2.724242e+000,-2.929774e+003, 2.773099e+003, 4.919902e+001,-1.459684e+002, 3.015645e+003, 0.000000e+000, 0.000000e+000, 0.000000e+000
 4.181000e-001, 2.540018e+003, 6.170400e+001,-2.963025e+003, 2.820086e+003, 4.851488e+001,-1.467682e+002, 3.058968e+003, 0.000000e+000, 0.000000e+000, 0.000000e+000
 4.181500e-001, 2.511941e+003, 1.255550e+002,-2.992656e+003, 2.866074e+003, 4.781452e+001,-1.475179e+002, 3.100813e+003, 0.000000e+000, 0.000000e+000, 0.000000e+000
 4.182000e-001, 2.486216e+003, 1.897944e+002,-3.023947e+003, 2.911050e+003, 4.710639e+001,-1.482069e+002, 3.141938e+003, 0.000000e+000, 0.000000e+000, 0.000000e+000
 4.182500e-001, 2.456417e+003, 2.536287e+002,-3.051312e+003, 2.954993e+003, 4.638433e+001,-1.488434e+002, 3.181548e+003, 0.000000e+000, 0.000000e+000, 0.000000e+000
 4.183000e-001, 2.428881e+003, 3.176101e+002,-3.080560e+003, 2.997893e+003, 4.565534e+001,-1.494196e+002, 3.220416e+003, 0.000000e+000, 0.000000e+000, 0.000000e+000
 4.183500e-001, 2.397396e+003, 3.813148e+002,-3.105661e+003, 3.039731e+003, 4.491474e+001,-1.499409e+002, 3.257733e+003, 0.000000e+000, 0.000000e+000, 0.000000e+000
 4.184000e-001, 2.368094e+003, 4.449721e+002,-3.132782e+003, 3.080495e+003, 4.416788e+001,-1.504023e+002, 3.294287e+003, 0.000000e+000, 0.000000e+000, 0.000000e+000
 4.184500e-001, 2.334963e+003, 5.084326e+002,-3.155627e+003, 3.120167e+003, 4.341169e+001,-1.508065e+002, 3.329257e+003, 0.000000e+000, 0.000000e+000, 0.000000e+000
 4.185000e-001, 2.303942e+003, 5.717014e+002,-3.180537e+003, 3.158738e+003, 4.264979e+001,-1.511518e+002, 3.363445e+003, 0.000000e+000, 0.000000e+000, 0.000000e+000
 4.185500e-001, 2.269208e+003, 6.348028e+002,-3.201137e+003, 3.196189e+003, 4.188076e+001,-1.514374e+002, 3.396016e+003, 0.000000e+000, 0.000000e+000, 0.000000e+000
 4.186000e-001, 2.236516e+003, 6.976199e+002,-3.223756e+003, 3.232511e+003, 4.110643e+001,-1.516650e+002, 3.427789e+003, 0.000000e+000, 0.000000e+000, 0.000000e+000
 4.186500e-001, 2.200225e+003, 7.602474e+002,-3.242126e+003, 3.267688e+003, 4.032707e+001,-1.518309e+002, 3.457916e+003, 0.000000e+000, 0.000000e+000, 0.000000e+000
 4.187000e-001, 2.165913e+003, 8.225503e+002,-3.262378e+003, 3.301710e+003, 3.954271e+001,-1.519399e+002, 3.487228e+003, 0.000000e+000, 0.000000e+000, 0.000000e+000
 4.187500e-001, 2.128115e+003, 8.845908e+002,-3.278535e+003, 3.334563e+003, 3.875528e+001,-1.519852e+002, 3.514866e+003, 0.000000e+000, 0.000000e+000, 0.000000e+000
 4.188000e-001, 2.092233e+003, 9.463164e+002,-3.296346e+003, 3.366237e+003, 3.796306e+001,-1.519746e+002, 3.541676e+003, 0.000000e+000, 0.000000e+000, 0.000000e+000
 4.188500e-001, 2.052982e+003, 1.007659e+003,-3.310309e+003, 3.396718e+003, 3.716952e+001,-1.518988e+002, 3.566785e+003, 0.000000e+000, 0.000000e+000, 0.000000e+000
 4.189000e-001, 2.015580e+003, 1.068743e+003,-3.325615e+003, 3.425999e+003, 3.637136e+001,-1.517683e+002, 3.591056e+003, 0.000000e+000, 0.000000e+000, 0.000000e+000
 4.189500e-001, 1.974935e+003, 1.129281e+003,-3.337401e+003, 3.454065e+003, 3.557340e+001,-1.515710e+002, 3.613601e+003, 0.000000e+000, 0.000000e+000, 0.000000e+000
 4.190000e-001, 1.936063e+003, 1.189658e+003,-3.350142e+003, 3.480911e+003, 3.477094e+001,-1.513203e+002, 3.635297e+003, 0.000000e+000, 0.000000e+000, 0.000000e+000
 4.190500e-001, 1.894085e+003, 1.249286e+003,-3.359768e+003, 3.506522e+003, 3.396996e+001,-1.510018e+002, 3.655247e+003, 0.000000e+000, 0.000000e+000, 0.000000e+000
 4.191000e-001, 1.853795e+003, 1.308888e+003,-3.369894e+003, 3.530895e+003, 3.316458e+001,-1.506310e+002, 3.674339e+003, 0.000000e+000, 0.000000e+000, 0.000000e+000
 4.191500e-001, 1.810552e+003, 1.367509e+003,-3.377375e+003, 3.554014e+003, 3.236170e+001,-1.501917e+002, 3.691664e+003, 0.000000e+000, 0.000000e+000, 0.000000e+000
 4.192000e-001, 1.768893e+003, 1.426266e+003,-3.384846e+003, 3.575877e+003, 3.155452e+001,-1.497012e+002, 3.708125e+003, 0.000000e+000, 0.000000e+000, 0.000000e+000
 4.192500e-001, 1.724453e+003, 1.483786e+003,-3.390193e+003, 3.596472e+003, 3.075055e+001,-1.491418e+002, 3.722802e+003, 0.000000e+000, 0.000000e+000, 0.000000e+000
 4.193000e-001, 1.681478e+003, 1.541623e+003,-3.394979e+003, 3.615794e+003, 2.994241e+001,-1.485323e+002, 3.736611e+003, 0.000000e+000, 0.000000e+000, 0.000000e+000
 4.193500e-001, 1.635915e+003, 1.597956e+003,-3.398198e+003, 3.633833e+003, 2.913791e+001,-1.478540e+002, 3.748620e+003, 0.000000e+000, 0.000000e+000, 0.000000e+000
 4.194000e-001, 1.591674e+003, 1.654795e+003,-3.400280e+003, 3.650587e+003, 2.832939e+001,-1.471265e+002, 3.759756e+003, 0.000000e+000, 0.000000e+000, 0.000000e+000
 4.194500e-001, 1.545063e+003, 1.709861e+003,-3.401375e+003, 3.666044e+003, 2.752464e+001,-1.463306e+002, 3.769082e+003, 0.000000e+000, 0.000000e+000, 0.000000e+000
 4.195000e-001, 1.499609e+003, 1.765621e+003,-3.400745e+003, 3.680205e+003, 2.671608e+001,-1.454865e+002, 3.777532e+003, 0.000000e+000, 0.000000e+000, 0.000000e+000
 4.195500e-001, 1.452029e+003, 1.819347e+003,-3.399714e+003, 3.693057e+003, 2.591112e+001,-1.445749e+002, 3.784161e+003, 0.000000e+000, 0.000000e+000, 0.000000e+000
 4.196000e-001, 1.405414e+003, 1.873943e+003,-3.396376e+003, 3.704604e+003, 2.510262e+001,-1.436157e+002, 3.789916e+003, 0.000000e+000, 0.000000e+000, 0.000000e+000
 4.196500e-001, 1.356945e+003, 1.926261e+003,-3.393212e+003, 3.714832e+003, 2.429726e+001,-1.425904e+002, 3.793841e+003, 0.000000e+000, 0.000000e+000, 0.000000e+000
 4.197000e-001, 1.309223e+003, 1.979605e+003,-3.387181e+003, 3.723746e+003, 2.348870e+001,-1.415182e+002, 3.796892e+003, 0.000000e+000, 0.000000e+000, 0.000000e+000
 4.197500e-001, 1.259947e+003, 2.030457e+003,-3.381874e+003, 3.731334e+003, 2.268255e+001,-1.403815e+002, 3.798109e+003, 0.000000e+000, 0.000000e+000, 0.000000e+000
 4.198000e-001, 1.211173e+003, 2.082458e+003,-3.373177e+003, 3.737604e+003, 2.187361e+001,-1.391985e+002, 3.798454e+003, 0.000000e+000, 0.000000e+000, 0.000000e+000
 4.198500e-001, 1.161173e+003, 2.131789e+003,-3.365711e+003, 3.742540e+003, 2.106612e+001,-1.379532e+002, 3.796964e+003, 0.000000e+000, 0.000000e+000, 0.000000e+000
 4.199000e-001, 1.111405e+003, 2.182353e+003,-3.354386e+003, 3.746153e+003, 2.025629e+001,-1.366618e+002, 3.794604e+003, 0.000000e+000, 0.000000e+000, 0.000000e+000
 4.199500e-001, 1.060764e+003, 2.230116e+003,-3.344743e+003, 3.748430e+003, 1.944673e+001,-1.353107e+002, 3.790410e+003, 0.000000e+000, 0.000000e+000, 0.000000e+000
 4.200000e-001, 1.010061e+003, 2.279147e+003,-3.330837e+003, 3.749382e+003, 1.863536e+001,-1.339140e+002, 3.785352e+003, 0.000000e+000, 0.000000e+000, 0.000000e+000
 4.200500e-001, 9.588619e+002, 2.325302e+003,-3.318995e+003, 3.748994e+003, 1.782290e+001,-1.324603e+002, 3.778461e+003, 0.000000e+000, 0.000000e+000, 0.000000e+000
 4.201000e-001, 9.072863e+002, 2.372704e+003,-3.302564e+003, 3.747281e+003, 1.700920e+001,-1.309613e+002, 3.770713e+003, 0.000000e+000, 0.000000e+000, 0.000000e+000
 4.201500e-001, 8.556107e+002, 2.417214e+003,-3.288500e+003, 3.744229e+003, 1.619292e+001,-1.294085e+002, 3.761139e+003, 0.000000e+000, 0.000000e+000, 0.000000e+000
 4.202000e-001, 8.032271e+002, 2.462890e+003,-3.269609e+003, 3.739852e+003, 1.537599e+001,-1.278105e+002, 3.750713e+003, 0.000000e+000, 0.000000e+000, 0.000000e+000
 4.202500e-001, 7.511563e+002, 2.505723e+003,-3.253300e+003, 3.734138e+003, 1.455489e+001,-1.261621e+002, 3.738470e+003, 0.000000e+000, 0.000000e+000, 0.000000e+000
 4.203000e-001, 6.980322e+002, 2.549575e+003,-3.232021e+003, 3.727103e+003, 1.373377e+001,-1.244689e+002, 3.725384e+003, 0.000000e+000, 0.000000e+000, 0.000000e+000
 4.203500e-001, 6.456459e+002, 2.590703e+003,-3.213443e+003, 3.718734e+003, 1.290682e+001,-1.227289e+002, 3.710492e+003, 0.000000e+000, 0.000000e+000, 0.000000e+000
 4.204000e-001, 5.918521e+002, 2.632637e+003,-3.189851e+003, 3.709049e+003, 1.208048e+001,-1.209442e+002, 3.694766e+003, 0.000000e+000, 0.000000e+000, 0.000000e+000
 4.204500e-001, 5.392280e+002, 2.672034e+003,-3.168985e+003, 3.698037e+003, 1.124664e+001,-1.191165e+002, 3.677249e+003, 0.000000e+000, 0.000000e+000, 0.000000e+000
 4.205000e-001, 4.848382e+002, 2.711958e+003,-3.143161e+003, 3.685714e+003, 1.041403e+001,-1.172445e+002, 3.658907e+003, 0.000000e+000, 0.000000e+000, 0.000000e+000
 4.205500e-001, 4.320524e+002, 2.749600e+003,-3.119988e+003, 3.672072e+003, 9.572293e+000,-1.153332e+002, 3.638791e+003, 0.000000e+000, 0.000000e+000, 0.000000e+000
 4.206000e-001, 3.771432e+002, 2.787426e+003,-3.092015e+003, 3.657129e+003, 8.732361e+000,-1.133782e+002, 3.617861e+003, 0.000000e+000, 0.000000e+000, 0.000000e+000
 4.206500e-001, 3.242695e+002, 2.823291e+003,-3.066523e+003, 3.640877e+003, 7.881762e+000,-1.113876e+002, 3.595177e+003, 0.000000e+000, 0.000000e+000, 0.000000e+000
 4.207000e-001, 2.689205e+002, 2.858935e+003,-3.036485e+003, 3.623333e+003, 7.033482e+000,-1.093539e+002, 3.571691e+003, 0.000000e+000, 0.000000e+000, 0.000000e+000
 4.207500e-001, 2.160307e+002, 2.892999e+003,-3.008668e+003, 3.604492e+003, 6.173121e+000,-1.072885e+002, 3.546471e+003, 0.000000e+000, 0.000000e+000, 0.000000e+000
 4.208000e-001, 1.603242e+002, 2.926384e+003,-2.976649e+003, 3.584372e+003, 5.315524e+000,-1.051807e+002, 3.520464e+003, 0.000000e+000, 0.000000e+000, 0.000000e+000
 4.208500e-001, 1.074878e+002, 2.958624e+003,-2.946506e+003, 3.562968e+003, 4.444596e+000,-1.030448e+002, 3.492748e+003, 0.000000e+000, 0.000000e+000, 0.000000e+000
 4.209000e-001, 5.150882e+001, 2.989678e+003,-2.912589e+003, 3.540299e+003, 3.576786e+000,-1.008676e+002, 3.464258e+003, 0.000000e+000, 0.000000e+000, 0.000000e+000
 4.209500e-001,-1.206678e+000, 3.020069e+003,-2.880128e+003, 3.516363e+003, 2.694600e+000,-9.866566e+001, 3.434085e+003, 0.000000e+000, 0.000000e+000, 0.000000e+000
 4.210000e-001,-5.737125e+001, 3.048729e+003,-2.844394e+003, 3.491177e+003, 1.815783e+000,-9.642371e+001, 3.403154e+003, 0.000000e+000, 0.000000e+000, 0.000000e+000
 4.210500e-001,-1.099002e+002, 3.077245e+003,-2.809634e+003, 3.464741e+003, 9.217820e-001,-9.416038e+001, 3.370569e+003, 0.000000e+000, 0.000000e+000, 0.000000e+000
 4.211000e-001,-1.661615e+002, 3.103455e+003,-2.772158e+003, 3.437074e+003, 3.128562e-002,-9.185844e+001, 3.337242e+003, 0.000000e+000, 0.000000e+000, 0.000000e+000
 4.211500e-001,-2.184401e+002, 3.130065e+003,-2.735125e+003, 3.408175e+003,-8.749380e-001,-8.953817e+001, 3.302292e+003, 0.000000e+000, 0.000000e+000, 0.000000e+000
 4.212000e-001,-2.747079e+002, 3.153780e+003,-2.695981e+003, 3.378065e+003,-1.777642e+000,-8.718099e+001, 3.266617e+003, 0.000000e+000, 0.000000e+000, 0.000000e+000
 4.212500e-001,-3.266739e+002, 3.178452e+003,-2.656714e+003, 3.346746e+003,-2.696329e+000,-8.480829e+001, 3.229352e+003, 0.000000e+000, 0.000000e+000, 0.000000e+000
 4.213000e-001,-3.828568e+002, 3.199634e+003,-2.615969e+003, 3.314236e+003,-3.611606e+000,-8.240061e+001, 3.191382e+003, 0.000000e+000, 0.000000e+000, 0.000000e+000
 4.213500e-001,-4.344492e+002, 3.222332e+003,-2.574515e+003, 3.280539e+003,-4.542819e+000,-7.997991e+001, 3.151855e+003, 0.000000e+000, 0.000000e+000, 0.000000e+000
 4.214000e-001,-4.904553e+002, 3.240953e+003,-2.532232e+003, 3.245676e+003,-5.470850e+000,-7.752641e+001, 3.111644e+003, 0.000000e+000, 0.000000e+000, 0.000000e+000
 4.214500e-001,-5.416146e+002, 3.261639e+003,-2.488650e+003, 3.209650e+003,-6.414459e+000,-7.506207e+001, 3.069913e+003, 0.000000e+000, 0.000000e+000, 0.000000e+000
 4.215000e-001,-5.973516e+002, 3.277682e+003,-2.444887e+003, 3.172482e+003,-7.355232e+000,-7.256732e+001, 3.027517e+003, 0.000000e+000, 0.000000e+000, 0.000000e+000
 4.215500e-001,-6.480188e+002, 3.296313e+003,-2.399247e+003, 3.134179e+003,-8.310905e+000,-7.006363e+001, 2.983641e+003, 0.000000e+000, 0.000000e+000, 0.000000e+000
 4.216000e-001,-7.033947e+002, 3.309768e+003,-2.354055e+003, 3.094760e+003,-9.264189e+000,-6.753213e+001, 2.939122e+003, 0.000000e+000, 0.000000e+000, 0.000000e+000
 4.216500e-001,-7.535120e+002, 3.326299e+003,-2.306436e+003, 3.054235e+003,-1.023139e+001,-6.499324e+001, 2.893162e+003, 0.000000e+000, 0.000000e+000, 0.000000e+000
 4.217000e-001,-8.084351e+002, 3.337167e+003,-2.259865e+003, 3.012622e+003,-1.119673e+001,-6.242932e+001, 2.846583e+003, 0.000000e+000, 0.000000e+000, 0.000000e+000
 4.217500e-001,-8.579451e+002, 3.351551e+003,-2.210355e+003, 2.969932e+003,-1.217469e+001,-5.985928e+001, 2.798604e+003, 0.000000e+000, 0.000000e+000, 0.000000e+000
 4.218000e-001,-9.123246e+002, 3.359843e+003,-2.162446e+003, 2.926183e+003,-1.315139e+001,-5.726713e+001, 2.750032e+003, 0.000000e+000, 0.000000e+000, 0.000000e+000
 4.218500e-001,-9.611705e+002, 3.372030e+003,-2.111146e+003, 2.881390e+003,-1.413914e+001,-5.466983e+001, 2.700101e+003, 0.000000e+000, 0.000000e+000, 0.000000e+000
 4.219000e-001,-1.014917e+003, 3.377762e+003,-2.061938e+003, 2.835570e+003,-1.512627e+001,-5.205348e+001, 2.649604e+003, 0.000000e+000, 0.000000e+000, 0.000000e+000
 4.219500e-001,-1.063042e+003, 3.387702e+003,-2.008951e+003, 2.788738e+003,-1.612260e+001,-4.943267e+001, 2.597792e+003, 0.000000e+000, 0.000000e+000, 0.000000e+000
 4.220000e-001,-1.116067e+003, 3.390900e+003,-1.958481e+003, 2.740912e+003,-1.711897e+001,-4.679593e+001, 2.545440e+003, 0.000000e+000, 0.000000e+000, 0.000000e+000
 4.220500e-001,-1.163417e+003, 3.398542e+003,-1.903922e+003, 2.692109e+003,-1.812245e+001,-4.415520e+001, 2.491819e+003, 0.000000e+000, 0.000000e+000, 0.000000e+000
 4.221000e-001,-1.215632e+003, 3.399237e+003,-1.852223e+003, 2.642346e+003,-1.912661e+001,-4.150172e+001, 2.437688e+003, 0.000000e+000, 0.000000e+000, 0.000000e+000
 4.221500e-001,-1.262151e+003, 3.404531e+003,-1.796209e+003, 2.591642e+003,-2.013558e+001,-3.884449e+001, 2.382332e+003, 0.000000e+000, 0.000000e+000, 0.000000e+000
 4.222000e-001,-1.313472e+003, 3.402762e+003,-1.743315e+003, 2.540014e+003,-2.114582e+001,-3.617769e+001, 2.326497e+003, 0.000000e+000, 0.000000e+000, 0.000000e+000
 4.222500e-001,-1.359104e+003, 3.405659e+003,-1.685970e+003, 2.487482e+003,-2.215841e+001,-3.350721e+001, 2.269484e+003, 0.000000e+000, 0.000000e+000, 0.000000e+000
 4.223000e-001,-1.409448e+003, 3.401468e+003,-1.631911e+003, 2.434064e+003,-2.317278e+001,-3.083032e+001, 2.212023e+003, 0.000000e+000, 0.000000e+000, 0.000000e+000
 4.223500e-001,-1.454141e+003, 3.401921e+003,-1.573362e+003, 2.379780e+003,-2.418687e+001,-2.814969e+001, 2.153432e+003, 0.000000e+000, 0.000000e+000, 0.000000e+000
 4.224000e-001,-1.503425e+003, 3.395355e+003,-1.518173e+003, 2.324647e+003,-2.520316e+001,-2.546573e+001, 2.094427e+003, 0.000000e+000, 0.000000e+000, 0.000000e+000
 4.224500e-001,-1.547125e+003, 3.393322e+003,-1.458547e+003, 2.268690e+003,-2.621646e+001,-2.277788e+001, 2.034339e+003, 0.000000e+000, 0.000000e+000, 0.000000e+000
 4.225000e-001,-1.595270e+003, 3.384431e+003,-1.402262e+003, 2.211923e+003,-2.723220e+001,-2.008966e+001, 1.973870e+003, 0.000000e+000, 0.000000e+000, 0.000000e+000
 4.225500e-001,-1.637923e+003, 3.379873e+003,-1.341689e+003, 2.154373e+003,-2.824219e+001,-1.739737e+001, 1.912369e+003, 0.000000e+000, 0.000000e+000, 0.000000e+000
 4.226000e-001,-1.684851e+003, 3.368707e+003,-1.284346e+003, 2.096054e+003,-2.925471e+001,-1.470755e+001, 1.850523e+003, 0.000000e+000, 0.000000e+000, 0.000000e+000
 4.226500e-001,-1.726408e+003, 3.361592e+003,-1.222954e+003, 2.036993e+003,-3.025868e+001,-1.201344e+001, 1.787693e+003, 0.000000e+000, 0.000000e+000, 0.000000e+000
 4.227000e-001,-1.772042e+003, 3.348203e+003,-1.164594e+003, 1.977206e+003,-3.126507e+001,-9.324479e+000, 1.724556e+003, 0.000000e+000, 0.000000e+000, 0.000000e+000
 4.227500e-001,-1.812453e+003, 3.338506e+003,-1.102511e+003, 1.916721e+003,-3.226015e+001,-6.631065e+000, 1.660485e+003, 0.000000e+000, 0.000000e+000, 0.000000e+000
 4.228000e-001,-1.856720e+003, 3.322945e+003,-1.043180e+003, 1.855552e+003,-3.325731e+001,-3.945269e+000, 1.596146e+003, 0.000000e+000, 0.000000e+000, 0.000000e+000
 4.228500e-001,-1.895936e+003, 3.310648e+003,-9.805297e+002, 1.793729e+003,-3.424046e+001,-1.254936e+000, 1.530922e+003, 0.000000e+000, 0.000000e+000, 0.000000e+000
 4.229000e-001,-1.938762e+003, 3.292966e+003,-9.202800e+002, 1.731266e+003,-3.522510e+001, 1.425518e+000, 1.465469e+003, 0.000000e+000, 0.000000e+000, 0.000000e+000
 4.229500e-001,-1.976736e+003, 3.278058e+003,-8.571817e+002, 1.668193e+003,-3.619313e+001, 4.110479e+000, 1.399183e+003, 0.000000e+000, 0.000000e+000, 0.000000e+000
 4.230000e-001,-2.018054e+003, 3.258304e+003,-7.960707e+002, 1.604526e+003,-3.716184e+001, 6.783530e+000, 1.332710e+003, 0.000000e+000, 0.000000e+000, 0.000000e+000
 4.230500e-001,-2.054740e+003, 3.240785e+003,-7.326403e+002, 1.540296e+003,-3.811145e+001, 9.460909e+000, 1.265454e+003, 0.000000e+000, 0.000000e+000, 0.000000e+000
 4.231000e-001,-2.094480e+003, 3.219005e+003,-6.707324e+002, 1.475516e+003,-3.906066e+001, 1.212458e+001, 1.198052e+003, 0.000000e+000, 0.000000e+000, 0.000000e+000
 4.231500e-001,-2.129835e+003, 3.198884e+003,-6.070800e+002, 1.410220e+003,-3.998845e+001, 1.479223e+001, 1.129919e+003, 0.000000e+000, 0.000000e+000, 0.000000e+000
 4.232000e-001,-2.167934e+003, 3.175121e+003,-5.444465e+002, 1.344421e+003,-4.091451e+001, 1.744461e+001, 1.061683e+003, 0.000000e+000, 0.000000e+000, 0.000000e+000
 4.232500e-001,-2.201914e+003, 3.152417e+003,-4.806762e+002, 1.278152e+003,-4.181704e+001, 2.010040e+001, 9.927673e+002, 0.000000e+000, 0.000000e+000, 0.000000e+000
 4.233000e-001,-2.238309e+003, 3.126710e+003,-4.173958e+002, 1.211427e+003,-4.271624e+001, 2.273963e+001, 9.237932e+002, 0.000000e+000, 0.000000e+000, 0.000000e+000
 4.233500e-001,-2.270873e+003, 3.101451e+003,-3.536054e+002, 1.144281e+003,-4.358999e+001, 2.538147e+001, 8.541913e+002, 0.000000e+000, 0.000000e+000, 0.000000e+000
 4.234000e-001,-2.305504e+003, 3.073837e+003,-2.897640e+002, 1.076727e+003,-4.445859e+001, 2.800567e+001, 7.845756e+002, 0.000000e+000, 0.000000e+000, 0.000000e+000
 4.234500e-001,-2.336614e+003, 3.046063e+003,-2.260447e+002, 1.008800e+003,-4.530007e+001, 3.063145e+001, 7.143843e+002, 0.000000e+000, 0.000000e+000, 0.000000e+000
 4.235000e-001,-2.369425e+003, 3.016574e+003,-1.617354e+002, 9.405126e+002,-4.613435e+001, 3.323874e+001, 6.442247e+002, 0.000000e+000, 0.000000e+000, 0.000000e+000
 4.235500e-001,-2.399042e+003, 2.986333e+003,-9.817164e+001, 8.719013e+002,-4.694007e+001, 3.584634e+001, 5.735416e+002, 0.000000e+000, 0.000000e+000, 0.000000e+000
 4.236000e-001,-2.429980e+003, 2.955000e+003,-3.349459e+001, 8.029785e+002,-4.773634e+001, 3.843479e+001, 5.029369e+002, 0.000000e+000, 0.000000e+000, 0.000000e+000
 4.236500e-001,-2.458067e+003, 2.922352e+003, 2.983561e+001, 7.337809e+002,-4.850289e+001, 4.102203e+001, 4.318606e+002, 0.000000e+000, 0.000000e+000, 0.000000e+000
 4.237000e-001,-2.487083e+003, 2.889200e+003, 9.477380e+001, 6.643210e+002,-4.925758e+001, 4.358965e+001, 3.609100e+002, 0.000000e+000, 0.000000e+000, 0.000000e+000
 4.237500e-001,-2.513604e+003, 2.854211e+003, 1.577988e+002, 5.946360e+002,-4.998163e+001, 4.615428e+001, 2.895400e+002, 0.000000e+000, 0.000000e+000, 0.000000e+000
 4.238000e-001,-2.540651e+003, 2.819263e+003, 2.228856e+002, 5.247379e+002,-5.069128e+001, 4.869898e+001, 2.183437e+002, 0.000000e+000, 0.000000e+000, 0.000000e+000
 4.238500e-001,-2.565571e+003, 2.782011e+003, 2.855398e+002, 4.546647e+002,-5.136963e+001, 5.123870e+001, 1.467799e+002, 0.000000e+000, 0.000000e+000, 0.000000e+000
 4.239000e-001,-2.590610e+003, 2.745289e+003, 3.506571e+002, 3.844281e+002,-5.203096e+001, 5.375830e+001, 7.543820e+001, 0.000000e+000, 0.000000e+000, 0.000000e+000
 4.239500e-001,-2.613895e+003, 2.705859e+003, 4.128803e+002, 3.140663e+002,-5.266058e+001, 5.627067e+001, 3.781111e+000, 0.000000e+000, 0.000000e+000, 0.000000e+000
 4.240000e-001,-2.636887e+003, 2.667382e+003, 4.779059e+002, 2.435911e+002,-5.327051e+001, 5.876284e+001,-6.760507e+001, 0.000000e+000, 0.000000e+000, 0.000000e+000
 4.240500e-001,-2.658504e+003, 2.625864e+003, 5.396426e+002, 1.730407e+002,-5.384855e+001, 6.124536e+001,-1.392547e+002, 0.000000e+000, 0.000000e+000, 0.000000e+000
 4.241000e-001,-2.679417e+003, 2.585651e+003, 6.044504e+002, 1.024269e+002,-5.440425e+001, 6.370765e+001,-2.105843e+002, 0.000000e+000, 0.000000e+000, 0.000000e+000
 4.241500e-001,-2.699334e+003, 2.542143e+003, 6.656494e+002, 3.178814e+001,-5.492813e+001, 6.615766e+001,-2.821256e+002, 0.000000e+000, 0.000000e+000, 0.000000e+000
 4.242000e-001,-2.718140e+003, 2.500213e+003, 7.301109e+002,-3.886385e+001,-5.542704e+001, 6.858746e+001,-3.532974e+002, 0.000000e+000, 0.000000e+000, 0.000000e+000
 4.242500e-001,-2.736325e+003, 2.454818e+003, 7.907241e+002,-1.094909e+002,-5.589439e+001, 7.100222e+001,-4.246294e+002, 0.000000e+000, 0.000000e+000, 0.000000e+000
 4.243000e-001,-2.753001e+003, 2.411190e+003, 8.547094e+002,-1.800810e+002,-5.633429e+001, 7.339677e+001,-4.955422e+002, 0.000000e+000, 0.000000e+000, 0.000000e+000
 4.243500e-001,-2.769423e+003, 2.364015e+003, 9.146910e+002,-2.505963e+002,-5.674306e+001, 7.577338e+001,-5.665640e+002, 0.000000e+000, 0.000000e+000, 0.000000e+000
 4.244000e-001,-2.783950e+003, 2.318712e+003, 9.780696e+002,-3.210244e+002,-5.712202e+001, 7.812975e+001,-6.371168e+002, 0.000000e+000, 0.000000e+000, 0.000000e+000
 4.244500e-001,-2.798579e+003, 2.269864e+003, 1.037375e+003,-3.913282e+002,-5.747049e+001, 8.046522e+001,-7.077278e+002, 0.000000e+000, 0.000000e+000, 0.000000e+000
 4.245000e-001,-2.810943e+003, 2.222910e+003, 1.100018e+003,-4.614947e+002,-5.778697e+001, 8.278031e+001,-7.778199e+002, 0.000000e+000, 0.000000e+000, 0.000000e+000
 4.245500e-001,-2.823750e+003, 2.172501e+003, 1.158604e+003,-5.314874e+002,-5.807372e+001, 8.507151e+001,-8.479200e+002, 0.000000e+000, 0.000000e+000, 0.000000e+000
 4.246000e-001,-2.833943e+003, 2.123925e+003, 1.220384e+003,-6.012930e+002,-5.832656e+001, 8.734210e+001,-9.174512e+002, 0.000000e+000, 0.000000e+000, 0.000000e+000
 4.246500e-001,-2.844900e+003, 2.072065e+003, 1.278206e+003,-6.708759e+002,-5.855054e+001, 8.958578e+001,-9.869404e+002, 0.000000e+000, 0.000000e+000, 0.000000e+000
 4.247000e-001,-2.852917e+003, 2.021900e+003, 1.338997e+003,-7.402220e+002,-5.873898e+001, 9.180848e+001,-1.055811e+003, 0.000000e+000, 0.000000e+000, 0.000000e+000
 4.247500e-001,-2.861998e+003, 1.968700e+003, 1.396011e+003,-8.092968e+002,-5.889952e+001, 9.400127e+001,-1.124591e+003, 0.000000e+000, 0.000000e+000, 0.000000e+000
 4.248000e-001,-2.867837e+003, 1.916984e+003, 1.455694e+003,-8.780855e+002,-5.902320e+001, 9.617257e+001,-1.192702e+003, 0.000000e+000, 0.000000e+000, 0.000000e+000
 4.248500e-001,-2.875017e+003, 1.862553e+003, 1.511850e+003,-9.465546e+002,-5.912000e+001, 9.831104e+001,-1.260673e+003, 0.000000e+000, 0.000000e+000, 0.000000e+000
 4.249000e-001,-2.878682e+003, 1.809331e+003, 1.570310e+003,-1.014689e+003,-5.917896e+001, 1.004273e+002,-1.327927e+003, 0.000000e+000, 0.000000e+000, 0.000000e+000
 4.249500e-001,-2.883939e+003, 1.753775e+003, 1.625560e+003,-1.082456e+003,-5.921211e+001, 1.025079e+002,-1.394993e+003, 0.000000e+000, 0.000000e+000, 0.000000e+000
 4.250000e-001,-2.885437e+003, 1.699099e+003, 1.682688e+003,-1.149840e+003,-5.920680e+001, 1.045653e+002,-1.461293e+003, 0.000000e+000, 0.000000e+000, 0.000000e+000
 4.250500e-001,-2.888751e+003, 1.642519e+003, 1.736976e+003,-1.216809e+003,-5.917677e+001, 1.065845e+002,-1.527358e+003, 0.000000e+000, 0.000000e+000, 0.000000e+000
 4.251000e-001,-2.888091e+003, 1.586448e+003, 1.792670e+003,-1.283347e+003,-5.910804e+001, 1.085793e+002,-1.592607e+003, 0.000000e+000, 0.000000e+000, 0.000000e+000
 4.251500e-001,-2.889446e+003, 1.528944e+003, 1.845939e+003,-1.349425e+003,-5.901567e+001, 1.105333e+002,-1.657576e+003, 0.000000e+000, 0.000000e+000, 0.000000e+000
 4.252000e-001,-2.886641e+003, 1.471545e+003, 1.900104e+003,-1.415024e+003,-5.888479e+001, 1.124617e+002,-1.721681e+003, 0.000000e+000, 0.000000e+000, 0.000000e+000
 4.252500e-001,-2.886023e+003, 1.413210e+003, 1.952292e+003,-1.480116e+003,-5.873130e+001, 1.143468e+002,-1.785460e+003, 0.000000e+000, 0.000000e+000, 0.000000e+000
 4.253000e-001,-2.881088e+003, 1.354557e+003, 2.004843e+003,-1.544684e+003,-5.853985e+001, 1.162048e+002,-1.848327e+003, 0.000000e+000, 0.000000e+000, 0.000000e+000
 4.253500e-001,-2.878486e+003, 1.295481e+003, 2.055882e+003,-1.608700e+003,-5.832681e+001, 1.180174e+002,-1.910825e+003, 0.000000e+000, 0.000000e+000, 0.000000e+000
 4.254000e-001,-2.871438e+003, 1.235656e+003, 2.106740e+003,-1.672145e+003,-5.807676e+001, 1.198010e+002,-1.972363e+003, 0.000000e+000, 0.000000e+000, 0.000000e+000
 4.254500e-001,-2.866848e+003, 1.175922e+003, 2.156559e+003,-1.734994e+003,-5.780606e+001, 1.215374e+002,-2.033490e+003, 0.000000e+000, 0.000000e+000, 0.000000e+000
 4.255000e-001,-2.857705e+003, 1.115016e+003, 2.205656e+003,-1.797228e+003,-5.749969e+001, 1.232427e+002,-2.093609e+003, 0.000000e+000, 0.000000e+000, 0.000000e+000
 4.255500e-001,-2.851125e+003, 1.054702e+003, 2.254177e+003,-1.858822e+003,-5.717354e+001, 1.248992e+002,-2.153276e+003, 0.000000e+000, 0.000000e+000, 0.000000e+000
 4.256000e-001,-2.839908e+003, 9.928122e+002, 2.301452e+003,-1.919757e+003,-5.681342e+001, 1.265223e+002,-2.211890e+003, 0.000000e+000, 0.000000e+000, 0.000000e+000
 4.256500e-001,-2.831340e+003, 9.319909e+002, 2.348595e+003,-1.980010e+003,-5.643430e+001, 1.280952e+002,-2.270011e+003, 0.000000e+000, 0.000000e+000, 0.000000e+000
 4.257000e-001,-2.818070e+003, 8.692229e+002, 2.393997e+003,-2.039560e+003,-5.602323e+001, 1.296324e+002,-2.327033e+003, 0.000000e+000, 0.000000e+000, 0.000000e+000
 4.257500e-001,-2.807523e+003, 8.079627e+002, 2.439676e+003,-2.098386e+003,-5.559389e+001, 1.311182e+002,-2.383524e+003, 0.000000e+000, 0.000000e+000, 0.000000e+000
 4.258000e-001,-2.792222e+003, 7.444274e+002, 2.483162e+003,-2.156469e+003,-5.513490e+001, 1.325656e+002,-2.438872e+003, 0.000000e+000, 0.000000e+000, 0.000000e+000
 4.258500e-001,-2.779708e+003, 6.827916e+002, 2.527289e+003,-2.213785e+003,-5.465828e+001, 1.339608e+002,-2.493651e+003, 0.000000e+000, 0.000000e+000, 0.000000e+000
 4.259000e-001,-2.762401e+003, 6.186063e+002, 2.568823e+003,-2.270318e+003,-5.415457e+001, 1.353149e+002,-2.547242e+003, 0.000000e+000, 0.000000e+000, 0.000000e+000
 4.259500e-001,-2.747936e+003, 5.566541e+002, 2.611306e+003,-2.326045e+003,-5.363378e+001, 1.366162e+002,-2.600231e+003, 0.000000e+000, 0.000000e+000, 0.000000e+000
 4.260000e-001,-2.728646e+003, 4.919409e+002, 2.650860e+003,-2.380948e+003,-5.308868e+001, 1.378735e+002,-2.651988e+003, 0.000000e+000, 0.000000e+000, 0.000000e+000
 4.260500e-001,-2.712254e+003, 4.297279e+002, 2.691607e+003,-2.435007e+003,-5.252699e+001, 1.390775e+002,-2.703109e+003, 0.000000e+000, 0.000000e+000, 0.000000e+000
 4.261000e-001,-2.691007e+003, 3.646132e+002, 2.729158e+003,-2.488204e+003,-5.194391e+001, 1.402347e+002,-2.752956e+003, 0.000000e+000, 0.000000e+000, 0.000000e+000
 4.261500e-001,-2.672712e+003, 3.021921e+002, 2.768076e+003,-2.540519e+003,-5.134465e+001, 1.413383e+002,-2.802135e+003, 0.000000e+000, 0.000000e+000, 0.000000e+000
 4.262000e-001,-2.649535e+003, 2.368052e+002, 2.803607e+003,-2.591935e+003,-5.072705e+001, 1.423924e+002,-2.849999e+003, 0.000000e+000, 0.000000e+000, 0.000000e+000
 4.262500e-001,-2.629369e+003, 1.742270e+002, 2.840602e+003,-2.642433e+003,-5.009363e+001, 1.433927e+002,-2.897166e+003, 0.000000e+000, 0.000000e+000, 0.000000e+000
 4.263000e-001,-2.604290e+003, 1.086991e+002, 2.874103e+003,-2.691995e+003,-4.944495e+001, 1.443406e+002,-2.942976e+003, 0.000000e+000, 0.000000e+000, 0.000000e+000
 4.263500e-001,-2.582286e+003, 4.601324e+001, 2.909082e+003,-2.740604e+003,-4.878077e+001, 1.452348e+002,-2.988062e+003, 0.000000e+000, 0.000000e+000, 0.000000e+000
 4.264000e-001,-2.555337e+003,-1.952341e+001, 2.940544e+003,-2.788244e+003,-4.810443e+001, 1.460739e+002,-3.031751e+003, 0.000000e+000, 0.000000e+000, 0.000000e+000
 4.264500e-001,-2.531532e+003,-8.226756e+001, 2.973417e+003,-2.834895e+003,-4.741288e+001, 1.468594e+002,-3.074690e+003, 0.000000e+000, 0.000000e+000, 0.000000e+000
 4.265000e-001,-2.502744e+003,-1.476811e+002, 3.002835e+003,-2.880545e+003,-4.671220e+001, 1.475873e+002,-3.116196e+003, 0.000000e+000, 0.000000e+000, 0.000000e+000
 4.265500e-001,-2.477179e+003,-2.104336e+002, 3.033518e+003,-2.925174e+003,-4.599657e+001, 1.482617e+002,-3.156927e+003, 0.000000e+000, 0.000000e+000, 0.000000e+000
 4.266000e-001,-2.446588e+003,-2.755935e+002, 3.060887e+003,-2.968768e+003,-4.527475e+001, 1.488762e+002,-3.196187e+003, 0.000000e+000, 0.000000e+000, 0.000000e+000
 4.266500e-001,-2.419305e+003,-3.383032e+002, 3.089297e+003,-3.011312e+003,-4.453825e+001, 1.494375e+002,-3.234651e+003, 0.000000e+000, 0.000000e+000, 0.000000e+000
 4.267000e-001,-2.386950e+003,-4.030814e+002, 3.114614e+003,-3.052790e+003,-4.379834e+001, 1.499365e+002,-3.271609e+003, 0.000000e+000, 0.000000e+000, 0.000000e+000
 4.267500e-001,-2.357993e+003,-4.656946e+002, 3.140678e+003,-3.093188e+003,-4.304402e+001, 1.503827e+002,-3.307751e+003, 0.000000e+000, 0.000000e+000, 0.000000e+000
 4.268000e-001,-2.323915e+003,-5.299665e+002, 3.163939e+003,-3.132492e+003,-4.228887e+001, 1.507648e+002,-3.342352e+003, 0.000000e+000, 0.000000e+000, 0.000000e+000
 4.268500e-001,-2.293329e+003,-5.924266e+002, 3.187588e+003,-3.170687e+003,-4.151962e+001, 1.510943e+002,-3.376120e+003, 0.000000e+000, 0.000000e+000, 0.000000e+000
 4.269000e-001,-2.257574e+003,-6.560721e+002, 3.208788e+003,-3.207760e+003,-4.075187e+001, 1.513579e+002,-3.408315e+003, 0.000000e+000, 0.000000e+000, 0.000000e+000
 4.269500e-001,-2.225406e+003,-7.183188e+002, 3.229962e+003,-3.243698e+003,-3.997037e+001, 1.515693e+002,-3.439660e+003, 0.000000e+000, 0.000000e+000, 0.000000e+000
 4.270000e-001,-2.188024e+003,-7.812231e+002, 3.249093e+003,-3.278489e+003,-3.919242e+001, 1.517136e+002,-3.469402e+003, 0.000000e+000, 0.000000e+000, 0.000000e+000
 4.270500e-001,-2.154319e+003,-8.431919e+002, 3.267741e+003,-3.312119e+003,-3.840113e+001, 1.518058e+002,-3.498280e+003, 0.000000e+000, 0.000000e+000, 0.000000e+000
 4.271000e-001,-2.115365e+003,-9.052462e+002, 3.284795e+003,-3.344578e+003,-3.761514e+001, 1.518299e+002,-3.525525e+003, 0.000000e+000, 0.000000e+000, 0.000000e+000
 4.271500e-001,-2.080171e+003,-9.668676e+002, 3.300875e+003,-3.375852e+003,-3.681627e+001, 1.518020e+002,-3.551896e+003, 0.000000e+000, 0.000000e+000, 0.000000e+000
 4.272000e-001,-2.039702e+003,-1.027970e+003, 3.315837e+003,-3.405932e+003,-3.602410e+001, 1.517055e+002,-3.576606e+003, 0.000000e+000, 0.000000e+000, 0.000000e+000
 4.272500e-001,-2.003066e+003,-1.089169e+003, 3.329318e+003,-3.434806e+003,-3.521960e+001, 1.515572e+002,-3.600431e+003, 0.000000e+000, 0.000000e+000, 0.000000e+000
 4.273000e-001,-1.961146e+003,-1.149225e+003, 3.342172e+003,-3.462464e+003,-3.442287e+001, 1.513399e+002,-3.622570e+003, 0.000000e+000, 0.000000e+000, 0.000000e+000
 4.273500e-001,-1.923113e+003,-1.209923e+003, 3.353031e+003,-3.488897e+003,-3.361441e+001, 1.510708e+002,-3.643816e+003, 0.000000e+000, 0.000000e+000, 0.000000e+000
 4.274000e-001,-1.879810e+003,-1.268844e+003, 3.363758e+003,-3.514094e+003,-3.281443e+001, 1.507331e+002,-3.663354e+003, 0.000000e+000, 0.000000e+000, 0.000000e+000
 4.274500e-001,-1.840425e+003,-1.328955e+003, 3.371984e+003,-3.538047e+003,-3.200342e+001, 1.503434e+002,-3.681992e+003, 0.000000e+000, 0.000000e+000, 0.000000e+000
 4.275000e-001,-1.795811e+003,-1.386662e+003, 3.380560e+003,-3.560746e+003,-3.120124e+001, 1.498856e+002,-3.698900e+003, 0.000000e+000, 0.000000e+000, 0.000000e+000
 4.275500e-001,-1.755120e+003,-1.446096e+003, 3.386151e+003,-3.582185e+003,-3.038880e+001, 1.493758e+002,-3.714904e+003, 0.000000e+000, 0.000000e+000, 0.000000e+000
 4.276000e-001,-1.709272e+003,-1.502517e+003, 3.392549e+003,-3.602354e+003,-2.958519e+001, 1.487988e+002,-3.729159e+003, 0.000000e+000, 0.000000e+000, 0.000000e+000
 4.276500e-001,-1.667319e+003,-1.561179e+003, 3.395515e+003,-3.621248e+003,-2.877216e+001, 1.481695e+002,-3.742509e+003, 0.000000e+000, 0.000000e+000, 0.000000e+000
 4.277000e-001,-1.620316e+003,-1.616249e+003, 3.399706e+003,-3.638857e+003,-2.796762e+001, 1.474745e+002,-3.754091e+003, 0.000000e+000, 0.000000e+000, 0.000000e+000
 4.277500e-001,-1.577147e+003,-1.674038e+003, 3.400063e+003,-3.655178e+003,-2.715458e+001, 1.467269e+002,-3.764767e+003, 0.000000e+000, 0.000000e+000, 0.000000e+000
 4.278000e-001,-1.529073e+003,-1.727701e+003, 3.402015e+003,-3.670201e+003,-2.634937e+001, 1.459152e+002,-3.773662e+003, 0.000000e+000, 0.000000e+000, 0.000000e+000
 4.278500e-001,-1.484731e+003,-1.784514e+003, 3.399790e+003,-3.683926e+003,-2.553663e+001, 1.450508e+002,-3.781651e+003, 0.000000e+000, 0.000000e+000, 0.000000e+000
 4.279000e-001,-1.435672e+003,-1.836718e+003, 3.399470e+003,-3.696340e+003,-2.473077e+001, 1.441242e+002,-3.787846e+003, 0.000000e+000, 0.000000e+000, 0.000000e+000
 4.279500e-001,-1.390203e+003,-1.892448e+003, 3.394699e+003,-3.707448e+003,-2.391841e+001, 1.431446e+002,-3.793139e+003, 0.000000e+000, 0.000000e+000, 0.000000e+000
 4.280000e-001,-1.340249e+003,-1.943151e+003, 3.392072e+003,-3.717236e+003,-2.311171e+001, 1.421052e+002,-3.796628e+003, 0.000000e+000, 0.000000e+000, 0.000000e+000
 4.280500e-001,-1.293699e+003,-1.997686e+003, 3.384796e+003,-3.725709e+003,-2.229958e+001, 1.410125e+002,-3.799218e+003, 0.000000e+000, 0.000000e+000, 0.000000e+000
 4.281000e-001,-1.242938e+003,-2.046851e+003, 3.379829e+003,-3.732855e+003,-2.149165e+001, 1.398625e+002,-3.799997e+003, 0.000000e+000, 0.000000e+000, 0.000000e+000
 4.281500e-001,-1.195354e+003,-2.100080e+003, 3.370096e+003,-3.738681e+003,-2.067939e+001, 1.386592e+002,-3.799883e+003, 0.000000e+000, 0.000000e+000, 0.000000e+000
 4.282000e-001,-1.143879e+003,-2.147672e+003, 3.362756e+003,-3.743175e+003,-1.986970e+001, 1.374013e+002,-3.797952e+003, 0.000000e+000, 0.000000e+000, 0.000000e+000
 4.282500e-001,-1.095310e+003,-2.199482e+003, 3.350620e+003,-3.746344e+003,-1.905676e+001, 1.360900e+002,-3.795136e+003, 0.000000e+000, 0.000000e+000, 0.000000e+000
 4.283000e-001,-1.043213e+003,-2.245475e+003, 3.340876e+003,-3.748177e+003,-1.824460e+001, 1.347270e+002,-3.790500e+003, 0.000000e+000, 0.000000e+000, 0.000000e+000
 4.283500e-001,-9.937106e+002,-2.295754e+003, 3.326394e+003,-3.748684e+003,-1.743029e+001, 1.333107e+002,-3.784988e+003, 0.000000e+000, 0.000000e+000, 0.000000e+000
 4.284000e-001,-9.410814e+002,-2.340122e+003, 3.314220e+003,-3.747852e+003,-1.661487e+001, 1.318457e+002,-3.777655e+003, 0.000000e+000, 0.000000e+000, 0.000000e+000
 4.284500e-001,-8.906998e+002,-2.388757e+003, 3.297452e+003,-3.745694e+003,-1.579835e+001, 1.303277e+002,-3.769457e+003, 0.000000e+000, 0.000000e+000, 0.000000e+000
 4.285000e-001,-8.376292e+002,-2.431478e+003, 3.282825e+003,-3.742198e+003,-1.497879e+001, 1.287641e+002,-3.759439e+003, 0.000000e+000, 0.000000e+000, 0.000000e+000
 4.285500e-001,-7.864255e+002,-2.478362e+003, 3.263833e+003,-3.737378e+003,-1.415911e+001, 1.271478e+002,-3.748569e+003, 0.000000e+000, 0.000000e+000, 0.000000e+000
 4.286000e-001,-7.330020e+002,-2.519415e+003, 3.246736e+003,-3.731221e+003,-1.333445e+001, 1.254891e+002,-3.735883e+003, 0.000000e+000, 0.000000e+000, 0.000000e+000
 4.286500e-001,-6.810369e+002,-2.564441e+003, 3.225583e+003,-3.723744e+003,-1.251061e+001, 1.237784e+002,-3.722358e+003, 0.000000e+000, 0.000000e+000, 0.000000e+000
 4.287000e-001,-6.273470e+002,-2.603806e+003, 3.206006e+003,-3.714934e+003,-1.167988e+001, 1.220284e+002,-3.707024e+003, 0.000000e+000, 0.000000e+000, 0.000000e+000
 4.287500e-001,-5.746849e+002,-2.646874e+003, 3.182754e+003,-3.704810e+003,-1.085080e+001, 1.202272e+002,-3.690865e+003, 0.000000e+000, 0.000000e+000, 0.000000e+000
 4.288000e-001,-5.208126e+002,-2.684532e+003, 3.160694e+003,-3.693358e+003,-1.001302e+001, 1.183899e+002,-3.672907e+003, 0.000000e+000, 0.000000e+000, 0.000000e+000
 4.288500e-001,-4.675219e+002,-2.725545e+003, 3.135404e+003,-3.680600e+003,-9.177614e+000, 1.165024e+002,-3.654139e+003, 0.000000e+000, 0.000000e+000, 0.000000e+000
 4.289000e-001,-4.135480e+002,-2.761475e+003, 3.110866e+003,-3.666522e+003,-8.331811e+000, 1.145817e+002,-3.633584e+003, 0.000000e+000, 0.000000e+000, 0.000000e+000
 4.289500e-001,-3.597009e+002,-2.800344e+003, 3.083598e+003,-3.651146e+003,-7.489000e+000, 1.126123e+002,-3.612235e+003, 0.000000e+000, 0.000000e+000, 0.000000e+000
 4.290000e-001,-3.057035e+002,-2.834524e+003, 3.056595e+003,-3.634460e+003,-6.634263e+000, 1.106126e+002,-3.589114e+003, 0.000000e+000, 0.000000e+000, 0.000000e+000
 4.290500e-001,-2.513762e+002,-2.871167e+003, 3.027407e+003,-3.616488e+003,-5.782994e+000, 1.085657e+002,-3.565218e+003, 0.000000e+000, 0.000000e+000, 0.000000e+000
 4.291000e-001,-1.974298e+002,-2.903573e+003, 2.997963e+003,-3.597218e+003,-4.918472e+000, 1.064913e+002,-3.539565e+003, 0.000000e+000, 0.000000e+000, 0.000000e+000
 4.291500e-001,-1.427026e+002,-2.937915e+003, 2.966907e+003,-3.576674e+003,-4.057753e+000, 1.043715e+002,-3.513156e+003, 0.000000e+000, 0.000000e+000, 0.000000e+000
 4.292000e-001,-8.887844e+001,-2.968520e+003, 2.935054e+003,-3.554846e+003,-3.182688e+000, 1.022267e+002,-3.485009e+003, 0.000000e+000, 0.000000e+000, 0.000000e+000
 4.292500e-001,-3.383513e+001,-3.000496e+003, 2.902182e+003,-3.531759e+003,-2.311612e+000, 1.000388e+002,-3.456127e+003, 0.000000e+000, 0.000000e+000, 0.000000e+000
 4.293000e-001, 1.979877e+001,-3.029270e+003, 2.867963e+003,-3.507404e+003,-1.425354e+000, 9.782818e+001,-3.425528e+003, 0.000000e+000, 0.000000e+000, 0.000000e+000
 4.293500e-001, 7.507110e+001,-3.058823e+003, 2.833321e+003,-3.481805e+003,-5.431223e-001, 9.557677e+001,-3.394214e+003, 0.000000e+000, 0.000000e+000, 0.000000e+000
 4.294000e-001, 1.284498e+002,-3.085731e+003, 2.796788e+003,-3.454957e+003, 3.548501e-001, 9.330482e+001,-3.361208e+003, 0.000000e+000, 0.000000e+000, 0.000000e+000
 4.294500e-001, 1.838611e+002,-3.112814e+003, 2.760418e+003,-3.426883e+003, 1.248907e+000, 9.099469e+001,-3.327509e+003, 0.000000e+000, 0.000000e+000, 0.000000e+000
 4.295000e-001, 2.369226e+002,-3.137822e+003, 2.721633e+003,-3.397580e+003, 2.158970e+000, 8.866592e+001,-3.292142e+003, 0.000000e+000, 0.000000e+000, 0.000000e+000
 4.295500e-001, 2.923803e+002,-3.162396e+003, 2.683576e+003,-3.367070e+003, 3.065368e+000, 8.630179e+001,-3.256107e+003, 0.000000e+000, 0.000000e+000, 0.000000e+000
 4.296000e-001, 3.450652e+002,-3.185462e+003, 2.642609e+003,-3.335353e+003, 3.987738e+000, 8.392070e+001,-3.218431e+003, 0.000000e+000, 0.000000e+000, 0.000000e+000
 4.296500e-001, 4.004747e+002,-3.207500e+003, 2.602901e+003,-3.302450e+003, 4.906823e+000, 8.150726e+001,-3.180112e+003, 0.000000e+000, 0.000000e+000, 0.000000e+000
 4.297000e-001, 4.527258e+002,-3.228580e+003, 2.559833e+003,-3.268364e+003, 5.841542e+000, 7.907832e+001,-3.140181e+003, 0.000000e+000, 0.000000e+000, 0.000000e+000
 4.297500e-001, 5.079912e+002,-3.248063e+003, 2.518508e+003,-3.233116e+003, 6.773468e+000, 7.662017e+001,-3.099633e+003, 0.000000e+000, 0.000000e+000, 0.000000e+000
 4.298000e-001, 5.597532e+002,-3.267112e+003, 2.473425e+003,-3.196709e+003, 7.720393e+000, 7.414780e+001,-3.057503e+003, 0.000000e+000, 0.000000e+000, 0.000000e+000
 4.298500e-001, 6.147777e+002,-3.284030e+003, 2.430513e+003,-3.159166e+003, 8.665112e+000, 7.164945e+001,-3.014784e+003, 0.000000e+000, 0.000000e+000, 0.000000e+000
 4.299000e-001, 6.659968e+002,-3.300997e+003, 2.383511e+003,-3.120490e+003, 9.623901e+000, 6.913795e+001,-2.970516e+003, 0.000000e+000, 0.000000e+000, 0.000000e+000
 4.299500e-001, 7.206835e+002,-3.315349e+003, 2.339043e+003,-3.080705e+003, 1.058114e+001, 6.660381e+001,-2.925686e+003, 0.000000e+000, 0.000000e+000, 0.000000e+000
 4.300000e-001, 7.713068e+002,-3.330185e+003, 2.290223e+003,-3.039817e+003, 1.155125e+001, 6.405738e+001,-2.879343e+003, 0.000000e+000, 0.000000e+000, 0.000000e+000
 4.300500e-001, 8.255590e+002,-3.341977e+003, 2.244226e+003,-2.997847e+003, 1.252052e+001, 6.149170e+001,-2.832467e+003, 0.000000e+000, 0.000000e+000, 0.000000e+000
 4.301000e-001, 8.755346e+002,-3.354630e+003, 2.193694e+003,-2.954805e+003, 1.350119e+001, 5.891444e+001,-2.784113e+003, 0.000000e+000, 0.000000e+000, 0.000000e+000
 4.301500e-001, 9.292566e+002,-3.363877e+003, 2.146198e+003,-2.910710e+003, 1.448173e+001, 5.632130e+001,-2.735256e+003, 0.000000e+000, 0.000000e+000, 0.000000e+000
 4.302000e-001, 9.785327e+002,-3.374294e+003, 2.094065e+003,-2.865575e+003, 1.547198e+001, 5.371716e+001,-2.684961e+003, 0.000000e+000, 0.000000e+000, 0.000000e+000
 4.302500e-001, 1.031630e+003,-3.381017e+003, 2.045099e+003,-2.819419e+003, 1.646281e+001, 5.110047e+001,-2.634193e+003, 0.000000e+000, 0.000000e+000, 0.000000e+000
 4.303000e-001, 1.080155e+003,-3.389147e+003, 1.991480e+003,-2.772257e+003, 1.746145e+001, 4.847325e+001,-2.582026e+003, 0.000000e+000, 0.000000e+000, 0.000000e+000
 4.303500e-001, 1.132536e+003,-3.393372e+003, 1.941075e+003,-2.724107e+003, 1.846132e+001, 4.583673e+001,-2.529417e+003, 0.000000e+000, 0.000000e+000, 0.000000e+000
 4.304000e-001, 1.180257e+003,-3.399164e+003, 1.886084e+003,-2.674985e+003, 1.946692e+001, 4.319008e+001,-2.475452e+003, 0.000000e+000, 0.000000e+000, 0.000000e+000
 4.304500e-001, 1.231831e+003,-3.400924e+003, 1.834274e+003,-2.624909e+003, 2.047433e+001, 4.053727e+001,-2.421078e+003, 0.000000e+000, 0.000000e+000, 0.000000e+000
 4.305000e-001, 1.278698e+003,-3.404331e+003, 1.778030e+003,-2.573898e+003, 2.148523e+001, 3.787465e+001,-2.365389e+003, 0.000000e+000, 0.000000e+000, 0.000000e+000
 4.305500e-001, 1.329377e+003,-3.403659e+003, 1.724852e+003,-2.521970e+003, 2.249841e+001, 3.520887e+001,-2.309325e+003, 0.000000e+000, 0.000000e+000, 0.000000e+000
 4.306000e-001, 1.375335e+003,-3.404636e+003, 1.667471e+003,-2.469143e+003, 2.351276e+001, 3.253361e+001,-2.251991e+003, 0.000000e+000, 0.000000e+000, 0.000000e+000
 4.306500e-001, 1.425036e+003,-3.401573e+003, 1.612966e+003,-2.415437e+003, 2.452969e+001, 2.985798e+001,-2.194316e+003, 0.000000e+000, 0.000000e+000, 0.000000e+000
 4.307000e-001, 1.470032e+003,-3.400080e+003, 1.554564e+003,-2.360871e+003, 2.554539e+001, 2.717320e+001,-2.135416e+003, 0.000000e+000, 0.000000e+000, 0.000000e+000
 4.307500e-001, 1.518674e+003,-3.394664e+003, 1.498779e+003,-2.305464e+003, 2.656380e+001, 2.449065e+001,-2.076211e+003, 0.000000e+000, 0.000000e+000, 0.000000e+000
 4.308000e-001, 1.562653e+003,-3.390669e+003, 1.439469e+003,-2.249239e+003, 2.757855e+001, 2.179934e+001,-2.015827e+003, 0.000000e+000, 0.000000e+000, 0.000000e+000
 4.308500e-001, 1.610158e+003,-3.382941e+003, 1.382456e+003,-2.192211e+003, 2.859594e+001, 1.911261e+001,-1.955174e+003, 0.000000e+000, 0.000000e+000, 0.000000e+000
 4.309000e-001, 1.653067e+003,-3.376414e+003, 1.322349e+003,-2.134406e+003, 2.960723e+001, 1.641759e+001,-1.893390e+003, 0.000000e+000, 0.000000e+000, 0.000000e+000
 4.309500e-001, 1.699360e+003,-3.366417e+003, 1.264166e+003,-2.075840e+003, 3.062086e+001, 1.372924e+001,-1.831374e+003, 0.000000e+000, 0.000000e+000, 0.000000e+000
 4.310000e-001, 1.741143e+003,-3.357338e+003, 1.203368e+003,-2.016538e+003, 3.162599e+001, 1.103317e+001,-1.768276e+003, 0.000000e+000, 0.000000e+000, 0.000000e+000
 4.310500e-001, 1.786154e+003,-3.345110e+003, 1.144082e+003,-1.956519e+003, 3.263292e+001, 8.345618e+000,-1.704984e+003, 0.000000e+000, 0.000000e+000, 0.000000e+000
 4.311000e-001, 1.826755e+003,-3.333467e+003, 1.082695e+003,-1.895807e+003, 3.362900e+001, 5.651029e+000,-1.640659e+003, 0.000000e+000, 0.000000e+000, 0.000000e+000
 4.311500e-001, 1.870416e+003,-3.319049e+003, 1.022377e+003,-1.834420e+003, 3.462609e+001, 2.966525e+000,-1.576179e+003, 0.000000e+000, 0.000000e+000, 0.000000e+000
 4.312000e-001, 1.909780e+003,-3.304838e+003, 9.604982e+002,-1.772384e+003, 3.561008e+001, 2.758285e-001,-1.510717e+003, 0.000000e+000, 0.000000e+000, 0.000000e+000
 4.312500e-001, 1.952029e+003,-3.288265e+003, 8.992292e+002,-1.709718e+003, 3.659402e+001,-2.403487e+000,-1.445139e+003, 0.000000e+000, 0.000000e+000, 0.000000e+000
 4.313000e-001, 1.990100e+003,-3.271491e+003, 8.369496e+002,-1.646449e+003, 3.756273e+001,-5.087986e+000,-1.378630e+003, 0.000000e+000, 0.000000e+000, 0.000000e+000
 4.313500e-001, 2.030875e+003,-3.252799e+003, 7.748165e+002,-1.582594e+003, 3.853008e+001,-7.760075e+000,-1.312046e+003, 0.000000e+000, 0.000000e+000, 0.000000e+000
 4.314000e-001, 2.067600e+003,-3.233477e+003, 7.122220e+002,-1.518182e+003, 3.948020e+001,-1.043616e+001,-1.244583e+003, 0.000000e+000, 0.000000e+000, 0.000000e+000
 4.314500e-001, 2.106844e+003,-3.212697e+003, 6.493195e+002,-1.453230e+003, 4.042736e+001,-1.309905e+001,-1.177085e+003, 0.000000e+000, 0.000000e+000, 0.000000e+000
 4.315000e-001, 2.142167e+003,-3.190851e+003, 5.864899e+002,-1.387767e+003, 4.135549e+001,-1.576457e+001,-1.108763e+003, 0.000000e+000, 0.000000e+000, 0.000000e+000
 4.315500e-001, 2.179827e+003,-3.168012e+003, 5.229197e+002,-1.321811e+003, 4.227883e+001,-1.841635e+001,-1.040446e+003, 0.000000e+000, 0.000000e+000, 0.000000e+000
 4.316000e-001, 2.213695e+003,-3.143676e+003, 4.599294e+002,-1.255392e+003, 4.318148e+001,-2.106919e+001,-9.713580e+002, 0.000000e+000, 0.000000e+000, 0.000000e+000
 4.316500e-001, 2.249719e+003,-3.118805e+003, 3.957996e+002,-1.188527e+003, 4.407728e+001,-2.370797e+001,-9.023176e+002, 0.000000e+000, 0.000000e+000, 0.000000e+000
 4.317000e-001, 2.282082e+003,-3.092021e+003, 3.327175e+002,-1.121246e+003, 4.495094e+001,-2.634604e+001,-8.325609e+002, 0.000000e+000, 0.000000e+000, 0.000000e+000
 4.317500e-001, 2.316423e+003,-3.065142e+003, 2.681425e+002,-1.053567e+003, 4.581548e+001,-2.896992e+001,-7.628936e+002, 0.000000e+000, 0.000000e+000, 0.000000e+000
 4.318000e-001, 2.347228e+003,-3.035963e+003, 2.050322e+002,-9.855208e+002, 4.665662e+001,-3.159115e+001,-6.925653e+002, 0.000000e+000, 0.000000e+000, 0.000000e+000
 4.318500e-001, 2.379841e+003,-3.007096e+003, 1.401317e+002,-9.171257e+002, 4.748620e+001,-3.419819e+001,-6.223687e+002, 0.000000e+000, 0.000000e+000, 0.000000e+000
 4.319000e-001, 2.409041e+003,-2.975582e+003, 7.705241e+001,-8.484113e+002, 4.829131e+001,-3.680047e+001,-5.515671e+002, 0.000000e+000, 0.000000e+000, 0.000000e+000
 4.319500e-001, 2.439883e+003,-2.944748e+003, 1.195066e+001,-7.793973e+002, 4.908229e+001,-3.938870e+001,-4.809397e+002, 0.000000e+000, 0.000000e+000, 0.000000e+000
 4.320000e-001, 2.467432e+003,-2.910968e+003,-5.104233e+001,-7.101130e+002, 4.984792e+001,-4.196989e+001,-4.097638e+002, 0.000000e+000, 0.000000e+000, 0.000000e+000
 4.320500e-001, 2.496463e+003,-2.878184e+003,-1.162177e+002,-6.405784e+002, 5.059676e+001,-4.453723e+001,-3.388049e+002, 0.000000e+000, 0.000000e+000, 0.000000e+000
 4.321000e-001, 2.522317e+003,-2.842214e+003,-1.790722e+002,-5.708231e+002, 5.131956e+001,-4.709513e+001,-2.673542e+002, 0.000000e+000, 0.000000e+000, 0.000000e+000
 4.321500e-001, 2.549500e+003,-2.807499e+003,-2.441909e+002,-5.008672e+002, 5.202286e+001,-4.963943e+001,-1.961638e+002, 0.000000e+000, 0.000000e+000, 0.000000e+000
 4.322000e-001, 2.573617e+003,-2.769420e+003,-3.068569e+002,-4.307400e+002, 5.269960e+001,-5.217176e+001,-1.245386e+002, 0.000000e+000, 0.000000e+000, 0.000000e+000
 4.322500e-001, 2.598917e+003,-2.732791e+003,-3.717874e+002,-3.604624e+002, 5.335413e+001,-5.469073e+001,-5.321714e+001, 0.000000e+000, 0.000000e+000, 0.000000e+000
 4.323000e-001, 2.621259e+003,-2.692691e+003,-4.342165e+002,-2.900633e+002, 5.398175e+001,-5.719514e+001, 1.848202e+001, 0.000000e+000, 0.000000e+000, 0.000000e+000
 4.323500e-001, 2.644644e+003,-2.654168e+003,-4.988271e+002,-2.195638e+002, 5.458450e+001,-5.968636e+001, 8.983385e+001, 0.000000e+000, 0.000000e+000, 0.000000e+000
 4.324000e-001, 2.665173e+003,-2.612138e+003,-5.609710e+002,-1.489928e+002, 5.516014e+001,-6.216038e+001, 1.615061e+002, 0.000000e+000, 0.000000e+000, 0.000000e+000
 4.324500e-001, 2.686614e+003,-2.571742e+003,-6.251309e+002,-7.837162e+001, 5.570835e+001,-6.462130e+001, 2.327872e+002, 0.000000e+000, 0.000000e+000, 0.000000e+000
 4.325000e-001, 2.705298e+003,-2.527876e+003,-6.869409e+002,-7.728987e+000, 5.622937e+001,-6.706234e+001, 3.043315e+002, 0.000000e+000, 0.000000e+000, 0.000000e+000
 4.325500e-001, 2.724767e+003,-2.485633e+003,-7.505215e+002, 6.291375e+001, 5.672056e+001,-6.949024e+001, 3.754409e+002, 0.000000e+000, 0.000000e+000, 0.000000e+000
 4.326000e-001, 2.741575e+003,-2.440027e+003,-8.119475e+002, 1.335279e+002, 5.718459e+001,-7.189561e+001, 4.467561e+002, 0.000000e+000, 0.000000e+000, 0.000000e+000
 4.326500e-001, 2.759047e+003,-2.395964e+003,-8.748236e+002, 2.040920e+002, 5.761661e+001,-7.428763e+001, 5.175927e+002, 0.000000e+000, 0.000000e+000, 0.000000e+000
 4.327000e-001, 2.773953e+003,-2.348716e+003,-9.358129e+002, 2.745775e+002, 5.802158e+001,-7.665450e+001, 5.885780e+002, 0.000000e+000, 0.000000e+000, 0.000000e+000
 4.327500e-001, 2.789406e+003,-2.302866e+003,-9.978639e+002, 3.449631e+002, 5.839260e+001,-7.900761e+001, 6.590408e+002, 0.000000e+000, 0.000000e+000, 0.000000e+000
 4.328000e-001, 2.802384e+003,-2.254073e+003,-1.058360e+003, 4.152203e+002, 5.873676e+001,-8.133303e+001, 7.295956e+002, 0.000000e+000, 0.000000e+000, 0.000000e+000
 4.328500e-001, 2.815799e+003,-2.206475e+003,-1.119471e+003, 4.853277e+002, 5.904531e+001,-8.364405e+001, 7.995842e+002, 0.000000e+000, 0.000000e+000, 0.000000e+000
 4.329000e-001, 2.826829e+003,-2.156232e+003,-1.179415e+003, 5.552572e+002, 5.932725e+001,-8.592495e+001, 8.696083e+002, 0.000000e+000, 0.000000e+000, 0.000000e+000
 4.329500e-001, 2.838188e+003,-2.106932e+003,-1.239477e+003, 6.249874e+002, 5.957224e+001,-8.819054e+001, 9.390224e+002, 0.000000e+000, 0.000000e+000, 0.000000e+000
 4.330000e-001, 2.847251e+003,-2.055334e+003,-1.298803e+003, 6.944904e+002, 5.979091e+001,-9.042373e+001, 1.008416e+003, 0.000000e+000, 0.000000e+000, 0.000000e+000
 4.330500e-001, 2.856540e+003,-2.004383e+003,-1.357714e+003, 7.637448e+002, 5.997166e+001,-9.264043e+001, 1.077156e+003, 0.000000e+000, 0.000000e+000, 0.000000e+000
 4.331000e-001, 2.863622e+003,-1.951520e+003,-1.416354e+003, 8.327230e+002, 6.012640e+001,-9.482259e+001, 1.145821e+003, 0.000000e+000, 0.000000e+000, 0.000000e+000
 4.331500e-001, 2.870828e+003,-1.898979e+003,-1.474020e+003, 9.014040e+002, 6.024260e+001,-9.698682e+001, 1.213789e+003, 0.000000e+000, 0.000000e+000, 0.000000e+000
 4.332000e-001, 2.875918e+003,-1.844939e+003,-1.531897e+003, 9.697602e+002, 6.033312e+001,-9.911454e+001, 1.281626e+003, 0.000000e+000, 0.000000e+000, 0.000000e+000
 4.332500e-001, 2.881031e+003,-1.790874e+003,-1.588235e+003, 1.037771e+003, 6.038490e+001,-1.012226e+002, 1.348723e+003, 0.000000e+000, 0.000000e+000, 0.000000e+000
 4.333000e-001, 2.884122e+003,-1.735740e+003,-1.645268e+003, 1.105409e+003, 6.041130e+001,-1.032924e+002, 1.415637e+003, 0.000000e+000, 0.000000e+000, 0.000000e+000
 4.333500e-001, 2.887135e+003,-1.680227e+003,-1.700199e+003, 1.172653e+003, 6.039915e+001,-1.053405e+002, 1.481766e+003, 0.000000e+000, 0.000000e+000, 0.000000e+000
 4.334000e-001, 2.888221e+003,-1.624080e+003,-1.756303e+003, 1.239477e+003, 6.036195e+001,-1.073487e+002, 1.547660e+003, 0.000000e+000, 0.000000e+000, 0.000000e+000
 4.334500e-001, 2.889130e+003,-1.567200e+003,-1.809759e+003, 1.305860e+003, 6.028678e+001,-1.093330e+002, 1.612726e+003, 0.000000e+000, 0.000000e+000, 0.000000e+000
 4.335000e-001, 2.888210e+003,-1.510115e+003,-1.864842e+003, 1.371776e+003, 6.018685e+001,-1.112761e+002, 1.677505e+003, 0.000000e+000, 0.000000e+000, 0.000000e+000
 4.335500e-001, 2.887013e+003,-1.451960e+003,-1.916763e+003, 1.437205e+003, 6.004993e+001,-1.131927e+002, 1.741414e+003, 0.000000e+000, 0.000000e+000, 0.000000e+000
 4.336000e-001, 2.884088e+003,-1.394007e+003,-1.970728e+003, 1.502121e+003, 5.988855e+001,-1.150669e+002, 1.804986e+003, 0.000000e+000, 0.000000e+000, 0.000000e+000
 4.336500e-001, 2.880785e+003,-1.334673e+003,-2.021063e+003, 1.566504e+003, 5.969151e+001,-1.169118e+002, 1.867645e+003, 0.000000e+000, 0.000000e+000, 0.000000e+000
 4.337000e-001, 2.875862e+003,-1.275921e+003,-2.073809e+003, 1.630327e+003, 5.947029e+001,-1.187135e+002, 1.929917e+003, 0.000000e+000, 0.000000e+000, 0.000000e+000
 4.337500e-001, 2.870456e+003,-1.215512e+003,-2.122514e+003, 1.693572e+003, 5.921509e+001,-1.204829e+002, 1.991235e+003, 0.000000e+000, 0.000000e+000, 0.000000e+000
 4.338000e-001, 2.863544e+003,-1.156023e+003,-2.173936e+003, 1.756214e+003, 5.893602e+001,-1.222082e+002, 2.052119e+003, 0.000000e+000, 0.000000e+000, 0.000000e+000
 4.338500e-001, 2.856039e+003,-1.094649e+003,-2.220975e+003, 1.818234e+003, 5.862494e+001,-1.238982e+002, 2.112007e+003, 0.000000e+000, 0.000000e+000, 0.000000e+000
 4.339000e-001, 2.847151e+003,-1.034484e+003,-2.270967e+003, 1.879605e+003, 5.829028e+001,-1.255435e+002, 2.171414e+003, 0.000000e+000, 0.000000e+000, 0.000000e+000
 4.339500e-001, 2.837555e+003,-9.722600e+002,-2.316309e+003, 1.940312e+003, 5.792586e+001,-1.271503e+002, 2.229784e+003, 0.000000e+000, 0.000000e+000, 0.000000e+000
 4.340000e-001, 2.826706e+003,-9.114765e+002,-2.364761e+003, 2.000327e+003, 5.753819e+001,-1.287119e+002, 2.287628e+003, 0.000000e+000, 0.000000e+000, 0.000000e+000
 4.340500e-001, 2.815030e+003,-8.485210e+002,-2.408382e+003, 2.059635e+003, 5.712321e+001,-1.302318e+002, 2.344395e+003, 0.000000e+000, 0.000000e+000, 0.000000e+000
 4.341000e-001, 2.802240e+003,-7.871754e+002,-2.455185e+003, 2.118210e+003, 5.668534e+001,-1.317061e+002, 2.400594e+003, 0.000000e+000, 0.000000e+000, 0.000000e+000
 4.341500e-001, 2.788496e+003,-7.236099e+002,-2.497063e+003, 2.176036e+003, 5.622280e+001,-1.331353e+002, 2.455675e+003, 0.000000e+000, 0.000000e+000, 0.000000e+000
 4.342000e-001, 2.773787e+003,-6.617573e+002,-2.542110e+003, 2.233089e+003, 5.573776e+001,-1.345187e+002, 2.510146e+003, 0.000000e+000, 0.000000e+000, 0.000000e+000
 4.342500e-001, 2.757989e+003,-5.977055e+002,-2.582229e+003, 2.289352e+003, 5.523080e+001,-1.358539e+002, 2.563460e+003, 0.000000e+000, 0.000000e+000, 0.000000e+000
 4.343000e-001, 2.741387e+003,-5.354009e+002,-2.625412e+003, 2.344801e+003, 5.470180e+001,-1.371430e+002, 2.616125e+003, 0.000000e+000, 0.000000e+000, 0.000000e+000
 4.343500e-001, 2.723554e+003,-4.709873e+002,-2.663757e+003, 2.399422e+003, 5.415369e+001,-1.383807e+002, 2.667595e+003, 0.000000e+000, 0.000000e+000, 0.000000e+000
 4.344000e-001, 2.705089e+003,-4.082867e+002,-2.704973e+003, 2.453190e+003, 5.358408e+001,-1.395722e+002, 2.718377e+003, 0.000000e+000, 0.000000e+000, 0.000000e+000
 4.344500e-001, 2.685240e+003,-3.436350e+002,-2.741530e+003, 2.506092e+003, 5.299816e+001,-1.407092e+002, 2.767927e+003, 0.000000e+000, 0.000000e+000, 0.000000e+000
 4.345000e-001, 2.664942e+003,-2.805959e+002,-2.780682e+003, 2.558104e+003, 5.239136e+001,-1.418000e+002, 2.816754e+003, 0.000000e+000, 0.000000e+000, 0.000000e+000
 4.345500e-001, 2.643101e+003,-2.158286e+002,-2.815437e+003, 2.609213e+003, 5.177103e+001,-1.428334e+002, 2.864311e+003, 0.000000e+000, 0.000000e+000, 0.000000e+000
 4.346000e-001, 2.621005e+003,-1.525112e+002,-2.852431e+003, 2.659395e+003, 5.113052e+001,-1.438204e+002, 2.911111e+003, 0.000000e+000, 0.000000e+000, 0.000000e+000
 4.346500e-001, 2.597198e+003,-8.774790e+001,-2.885371e+003, 2.708639e+003, 5.047914e+001,-1.447473e+002, 2.956605e+003, 0.000000e+000, 0.000000e+000, 0.000000e+000
 4.347000e-001, 2.573341e+003,-2.421571e+001,-2.920121e+003, 2.756921e+003, 4.980840e+001,-1.456277e+002, 3.001311e+003, 0.000000e+000, 0.000000e+000, 0.000000e+000
 4.347500e-001, 2.547597e+003, 4.042741e+001,-2.951229e+003, 2.804231e+003, 4.912931e+001,-1.464456e+002, 3.044677e+003, 0.000000e+000, 0.000000e+000, 0.000000e+000
 4.348000e-001, 2.522018e+003, 1.041070e+002,-2.983657e+003, 2.850545e+003, 4.843179e+001,-1.472168e+002, 3.087223e+003, 0.000000e+000, 0.000000e+000, 0.000000e+000
 4.348500e-001, 2.494368e+003, 1.685182e+002,-3.012914e+003, 2.895853e+003, 4.772824e+001,-1.479234e+002, 3.128396e+003, 0.000000e+000, 0.000000e+000, 0.000000e+000
 4.349000e-001, 2.467109e+003, 2.322731e+002,-3.042952e+003, 2.940134e+003, 4.700731e+001,-1.485829e+002, 3.168722e+003, 0.000000e+000, 0.000000e+000, 0.000000e+000
 4.349500e-001, 2.437588e+003, 2.963461e+002,-3.070336e+003, 2.983377e+003, 4.628242e+001,-1.491761e+002, 3.207643e+003, 0.000000e+000, 0.000000e+000, 0.000000e+000
 4.350000e-001, 2.408692e+003, 3.600992e+002,-3.097923e+003, 3.025562e+003, 4.554131e+001,-1.497218e+002, 3.245690e+003, 0.000000e+000, 0.000000e+000, 0.000000e+000
 4.350500e-001, 2.377340e+003, 4.237334e+002,-3.123409e+003, 3.066680e+003, 4.479806e+001,-1.501999e+002, 3.282301e+003, 0.000000e+000, 0.000000e+000, 0.000000e+000
 4.351000e-001, 2.346850e+003, 4.874022e+002,-3.148495e+003, 3.106709e+003, 4.403986e+001,-1.506298e+002, 3.318016e+003, 0.000000e+000, 0.000000e+000, 0.000000e+000
 4.351500e-001, 2.313709e+003, 5.505035e+002,-3.172054e+003, 3.145643e+003, 4.328106e+001,-1.509911e+002, 3.352264e+003, 0.000000e+000, 0.000000e+000, 0.000000e+000
 4.352000e-001, 2.281673e+003, 6.139999e+002,-3.194598e+003, 3.183460e+003, 4.250868e+001,-1.513037e+002, 3.385594e+003, 0.000000e+000, 0.000000e+000, 0.000000e+000
 4.352500e-001, 2.246788e+003, 6.764807e+002,-3.216197e+003, 3.220155e+003, 4.173691e+001,-1.515470e+002, 3.417429e+003, 0.000000e+000, 0.000000e+000, 0.000000e+000
 4.353000e-001, 2.213252e+003, 7.397115e+002,-3.236170e+003, 3.255707e+003, 4.095303e+001,-1.517408e+002, 3.448326e+003, 0.000000e+000, 0.000000e+000, 0.000000e+000
 4.353500e-001, 2.176674e+003, 8.014907e+002,-3.255771e+003, 3.290111e+003, 4.017065e+001,-1.518652e+002, 3.477703e+003, 0.000000e+000, 0.000000e+000, 0.000000e+000
 4.354000e-001, 2.141686e+003, 8.643571e+002,-3.273153e+003, 3.323346e+003, 3.937771e+001,-1.519392e+002, 3.506124e+003, 0.000000e+000, 0.000000e+000, 0.000000e+000
 4.354500e-001, 2.103467e+003, 9.253607e+002,-3.290716e+003, 3.355410e+003, 3.858685e+001,-1.519439e+002, 3.533000e+003, 0.000000e+000, 0.000000e+000, 0.000000e+000
 4.355000e-001, 2.067075e+003, 9.877591e+002,-3.305498e+003, 3.386283e+003, 3.778704e+001,-1.518973e+002, 3.558905e+003, 0.000000e+000, 0.000000e+000, 0.000000e+000
 4.355500e-001, 2.027273e+003, 1.047919e+003,-3.320978e+003, 3.415961e+003, 3.698957e+001,-1.517819e+002, 3.583240e+003, 0.000000e+000, 0.000000e+000, 0.000000e+000
 4.356000e-001, 1.989527e+003, 1.109741e+003,-3.333160e+003, 3.444426e+003, 3.618479e+001,-1.516143e+002, 3.606592e+003, 0.000000e+000, 0.000000e+000, 0.000000e+000
 4.356500e-001, 1.948202e+003, 1.168997e+003,-3.346511e+003, 3.471676e+003, 3.538230e+001,-1.513788e+002, 3.628354e+003, 0.000000e+000, 0.000000e+000, 0.000000e+000
 4.357000e-001, 1.909151e+003, 1.230131e+003,-3.356101e+003, 3.497694e+003, 3.457417e+001,-1.510901e+002, 3.649119e+003, 0.000000e+000, 0.000000e+000, 0.000000e+000
 4.357500e-001, 1.866368e+003, 1.288425e+003,-3.367275e+003, 3.522476e+003, 3.376800e+001,-1.507346e+002, 3.668276e+003, 0.000000e+000, 0.000000e+000, 0.000000e+000
 4.358000e-001, 1.826062e+003, 1.348756e+003,-3.374290e+003, 3.546008e+003, 3.295786e+001,-1.503249e+002, 3.686427e+003, 0.000000e+000, 0.000000e+000, 0.000000e+000
 4.358500e-001, 1.781890e+003, 1.406039e+003,-3.383238e+003, 3.568287e+003, 3.214908e+001,-1.498500e+002, 3.702951e+003, 0.000000e+000, 0.000000e+000, 0.000000e+000
 4.359000e-001, 1.740379e+003, 1.465450e+003,-3.387701e+003, 3.589301e+003, 3.133797e+001,-1.493200e+002, 3.718463e+003, 0.000000e+000, 0.000000e+000, 0.000000e+000
 4.359500e-001, 1.694888e+003, 1.521674e+003,-3.394373e+003, 3.609044e+003, 3.052738e+001,-1.487263e+002, 3.732332e+003, 0.000000e+000, 0.000000e+000, 0.000000e+000
 4.360000e-001, 1.652223e+003, 1.580047e+003,-3.396316e+003, 3.627508e+003, 2.971604e+001,-1.480769e+002, 3.745183e+003, 0.000000e+000, 0.000000e+000, 0.000000e+000
 4.360500e-001, 1.605489e+003, 1.635169e+003,-3.400664e+003, 3.644687e+003, 2.890421e+001,-1.473657e+002, 3.756379e+003, 0.000000e+000, 0.000000e+000, 0.000000e+000
 4.361000e-001, 1.561719e+003, 1.692385e+003,-3.400122e+003, 3.660574e+003, 2.809311e+001,-1.465979e+002, 3.766553e+003, 0.000000e+000, 0.000000e+000, 0.000000e+000
 4.361500e-001, 1.513819e+003, 1.746365e+003,-3.402100e+003, 3.675164e+003, 2.728036e+001,-1.457707e+002, 3.775059e+003, 0.000000e+000, 0.000000e+000, 0.000000e+000
 4.362000e-001, 1.468997e+003, 1.802308e+003,-3.399112e+003, 3.688450e+003, 2.646972e+001,-1.448862e+002, 3.782543e+003, 0.000000e+000, 0.000000e+000, 0.000000e+000
 4.362500e-001, 1.420011e+003, 1.855106e+003,-3.398678e+003, 3.700429e+003, 2.565613e+001,-1.439445e+002, 3.788350e+003, 0.000000e+000, 0.000000e+000, 0.000000e+000
 4.363000e-001, 1.374189e+003, 1.909659e+003,-3.393287e+003, 3.711095e+003, 2.484591e+001,-1.429451e+002, 3.793134e+003, 0.000000e+000, 0.000000e+000, 0.000000e+000
 4.363500e-001, 1.324199e+003, 1.961238e+003,-3.390402e+003, 3.720445e+003, 2.403138e+001,-1.418910e+002, 3.796234e+003, 0.000000e+000, 0.000000e+000, 0.000000e+000
 4.364000e-001, 1.277430e+003, 2.014290e+003,-3.382653e+003, 3.728475e+003, 2.322131e+001,-1.407790e+002, 3.798314e+003, 0.000000e+000, 0.000000e+000, 0.000000e+000
 4.364500e-001, 1.226520e+003, 2.064611e+003,-3.377284e+003, 3.735182e+003, 2.240553e+001,-1.396147e+002, 3.798705e+003, 0.000000e+000, 0.000000e+000, 0.000000e+000
 4.365000e-001, 1.178858e+003, 2.116053e+003,-3.367222e+003, 3.740563e+003, 2.159514e+001,-1.383925e+002, 3.798079e+003, 0.000000e+000, 0.000000e+000, 0.000000e+000
 4.365500e-001, 1.127113e+003, 2.165078e+003,-3.359342e+003, 3.744615e+003, 2.077766e+001,-1.371207e+002, 3.795761e+003, 0.000000e+000, 0.000000e+000, 0.000000e+000
 4.366000e-001, 1.078612e+003, 2.214807e+003,-3.347015e+003, 3.747338e+003, 1.996629e+001,-1.357912e+002, 3.792434e+003, 0.000000e+000, 0.000000e+000, 0.000000e+000
 4.366500e-001, 1.026119e+003, 2.262496e+003,-3.336604e+003, 3.748729e+003, 1.914651e+001,-1.344145e+002, 3.787412e+003, 0.000000e+000, 0.000000e+000, 0.000000e+000
 4.367000e-001, 9.768370e+002, 2.310416e+003,-3.322057e+003, 3.748790e+003, 1.833335e+001,-1.329808e+002, 3.781389e+003, 0.000000e+000, 0.000000e+000, 0.000000e+000
 4.367500e-001, 9.236827e+002, 2.356726e+003,-3.309103e+003, 3.747516e+003, 1.751055e+001,-1.315024e+002, 3.773673e+003, 0.000000e+000, 0.000000e+000, 0.000000e+000
 4.368000e-001, 8.736770e+002, 2.402745e+003,-3.292381e+003, 3.744913e+003, 1.669469e+001,-1.299678e+002, 3.764965e+003, 0.000000e+000, 0.000000e+000, 0.000000e+000
 4.368500e-001, 8.199482e+002, 2.447631e+003,-3.276880e+003, 3.740976e+003, 1.586806e+001,-1.283911e+002, 3.754567e+003, 0.000000e+000, 0.000000e+000, 0.000000e+000
 4.369000e-001, 7.692792e+002, 2.491667e+003,-3.258024e+003, 3.735710e+003, 1.504846e+001,-1.267592e+002, 3.743188e+003, 0.000000e+000, 0.000000e+000, 0.000000e+000
 4.369500e-001, 7.150626e+002, 2.535081e+003,-3.239982e+003, 3.729114e+003, 1.421714e+001,-1.250876e+002, 3.730125e+003, 0.000000e+000, 0.000000e+000, 0.000000e+000
 4.370000e-001, 6.637926e+002, 2.577058e+003,-3.219033e+003, 3.721193e+003, 1.339272e+001,-1.233623e+002, 3.716095e+003, 0.000000e+000, 0.000000e+000, 0.000000e+000
 4.370500e-001, 6.091741e+002, 2.618949e+003,-3.198464e+003, 3.711946e+003, 1.255578e+001,-1.215996e+002, 3.700386e+003, 0.000000e+000, 0.000000e+000, 0.000000e+000
 4.371000e-001, 5.573673e+002, 2.658801e+003,-3.175460e+003, 3.701380e+003, 1.172541e+001,-1.197849e+002, 3.683726e+003, 0.000000e+000, 0.000000e+000, 0.000000e+000
 4.371500e-001, 5.024321e+002, 2.699113e+003,-3.152387e+003, 3.689493e+003, 1.088194e+001,-1.179349e+002, 3.665397e+003, 0.000000e+000, 0.000000e+000, 0.000000e+000
 4.372000e-001, 4.501550e+002, 2.736782e+003,-3.127364e+003, 3.676295e+003, 1.004450e+001,-1.160351e+002, 3.646133e+003, 0.000000e+000, 0.000000e+000, 0.000000e+000
 4.372500e-001, 3.949868e+002, 2.775456e+003,-3.101821e+003, 3.661785e+003, 9.193573e+000,-1.141021e+002, 3.625211e+003, 0.000000e+000, 0.000000e+000, 0.000000e+000
 4.373000e-001, 3.423083e+002, 2.810893e+003,-3.074809e+003, 3.645974e+003, 8.347941e+000,-1.121214e+002, 3.603373e+003, 0.000000e+000, 0.000000e+000, 0.000000e+000
 4.373500e-001, 2.869894e+002, 2.847868e+003,-3.046838e+003, 3.628860e+003, 7.488681e+000,-1.101095e+002, 3.579889e+003, 0.000000e+000, 0.000000e+000, 0.000000e+000
 4.374000e-001, 2.339806e+002, 2.881031e+003,-3.017868e+003, 3.610457e+003, 6.633806e+000,-1.080525e+002, 3.555509e+003, 0.000000e+000, 0.000000e+000, 0.000000e+000
 4.374500e-001, 1.785918e+002, 2.916241e+003,-2.987521e+003, 3.590763e+003, 5.765379e+000,-1.059661e+002, 3.529498e+003, 0.000000e+000, 0.000000e+000, 0.000000e+000
 4.375000e-001, 1.253259e+002, 2.947098e+003,-2.956619e+003, 3.569793e+003, 4.900281e+000,-1.038374e+002, 3.502612e+003, 0.000000e+000, 0.000000e+000, 0.000000e+000
 4.375500e-001, 6.994619e+001, 2.980477e+003,-2.923955e+003, 3.547546e+003, 4.021935e+000,-1.016809e+002, 3.474113e+003, 0.000000e+000, 0.000000e+000, 0.000000e+000
 4.376000e-001, 1.649868e+001, 3.009003e+003,-2.891147e+003, 3.524038e+003, 3.145732e+000,-9.948506e+001, 3.444762e+003, 0.000000e+000, 0.000000e+000, 0.000000e+000
 4.376500e-001,-3.879472e+001, 3.040480e+003,-2.856234e+003, 3.499269e+003, 2.256810e+000,-9.726302e+001, 3.413816e+003, 0.000000e+000, 0.000000e+000, 0.000000e+000
 4.377000e-001,-9.234679e+001, 3.066660e+003,-2.821543e+003, 3.473255e+003, 1.368749e+000,-9.500481e+001, 3.382043e+003, 0.000000e+000, 0.000000e+000, 0.000000e+000
 4.377500e-001,-1.474782e+002, 3.096162e+003,-2.784456e+003, 3.445999e+003, 4.687097e-001,-9.272176e+001, 3.348694e+003, 0.000000e+000, 0.000000e+000, 0.000000e+000
 4.378000e-001,-2.010562e+002, 3.119987e+003,-2.747905e+003, 3.417518e+003,-4.318180e-001,-9.040582e+001, 3.314546e+003, 0.000000e+000, 0.000000e+000, 0.000000e+000
 4.378500e-001,-2.559517e+002, 3.147442e+003,-2.708726e+003, 3.387813e+003,-1.343382e+000,-8.806633e+001, 3.278844e+003, 0.000000e+000, 0.000000e+000, 0.000000e+000
 4.379000e-001,-3.094755e+002, 3.168909e+003,-2.670337e+003, 3.356902e+003,-2.256819e+000,-8.569732e+001, 3.242370e+003, 0.000000e+000, 0.000000e+000, 0.000000e+000
 4.379500e-001,-3.640626e+002, 3.194244e+003,-2.629153e+003, 3.324791e+003,-3.180166e+000,-8.330595e+001, 3.204365e+003, 0.000000e+000, 0.000000e+000, 0.000000e+000
 4.380000e-001,-4.174515e+002, 3.213356e+003,-2.588949e+003, 3.291496e+003,-4.106771e+000,-8.088849e+001, 3.165617e+003, 0.000000e+000, 0.000000e+000, 0.000000e+000
 4.380500e-001,-4.716588e+002, 3.236499e+003,-2.545852e+003, 3.257023e+003,-5.041994e+000,-7.844976e+001, 3.125364e+003, 0.000000e+000, 0.000000e+000, 0.000000e+000
 4.381000e-001,-5.248315e+002, 3.253265e+003,-2.503858e+003, 3.221391e+003,-5.981825e+000,-7.598837e+001, 3.084399e+003, 0.000000e+000, 0.000000e+000, 0.000000e+000
 4.381500e-001,-5.785889e+002, 3.274146e+003,-2.458943e+003, 3.184605e+003,-6.928837e+000,-7.350672e+001, 3.041955e+003, 0.000000e+000, 0.000000e+000, 0.000000e+000
 4.382000e-001,-6.314641e+002, 3.288579e+003,-2.415184e+003, 3.146687e+003,-7.881740e+000,-7.100582e+001, 2.998831e+003, 0.000000e+000, 0.000000e+000, 0.000000e+000
 4.382500e-001,-6.847021e+002, 3.307129e+003,-2.368551e+003, 3.107642e+003,-8.840264e+000,-6.848564e+001, 2.954257e+003, 0.000000e+000, 0.000000e+000, 0.000000e+000
 4.383000e-001,-7.371987e+002, 3.319246e+003,-2.323055e+003, 3.067491e+003,-9.805856e+000,-6.594954e+001, 2.909035e+003, 0.000000e+000, 0.000000e+000, 0.000000e+000
 4.383500e-001,-7.898486e+002, 3.335401e+003,-2.274805e+003, 3.026243e+003,-1.077541e+001,-6.339508e+001, 2.862394e+003, 0.000000e+000, 0.000000e+000, 0.000000e+000
 4.384000e-001,-8.418866e+002, 3.345220e+003,-2.227604e+003, 2.983918e+003,-1.175308e+001,-6.082793e+001, 2.815138e+003, 0.000000e+000, 0.000000e+000, 0.000000e+000
 4.384500e-001,-8.938798e+002, 3.358919e+003,-2.177839e+003, 2.940525e+003,-1.273298e+001,-5.824332e+001, 2.766496e+003, 0.000000e+000, 0.000000e+000, 0.000000e+000
 4.385000e-001,-9.453802e+002, 3.366462e+003,-2.128969e+003, 2.896086e+003,-1.372186e+001,-5.564913e+001, 2.717273e+003, 0.000000e+000, 0.000000e+000, 0.000000e+000
 4.385500e-001,-9.966483e+002, 3.377651e+003,-2.077791e+003, 2.850611e+003,-1.471119e+001,-5.303837e+001, 2.666698e+003, 0.000000e+000, 0.000000e+000, 0.000000e+000
 4.386000e-001,-1.047534e+003, 3.382938e+003,-2.027294e+003, 2.804122e+003,-1.571017e+001,-5.042095e+001, 2.615579e+003, 0.000000e+000, 0.000000e+000, 0.000000e+000
 4.386500e-001,-1.098008e+003, 3.391568e+003,-1.974803e+003, 2.756630e+003,-1.670780e+001,-4.778788e+001, 2.563141e+003, 0.000000e+000, 0.000000e+000, 0.000000e+000
 4.387000e-001,-1.148205e+003, 3.394624e+003,-1.922724e+003, 2.708158e+003,-1.771552e+001,-4.515087e+001, 2.510196e+003, 0.000000e+000, 0.000000e+000, 0.000000e+000
 4.387500e-001,-1.197816e+003, 3.400651e+003,-1.869023e+003, 2.658718e+003,-1.872009e+001,-4.249917e+001, 2.455970e+003, 0.000000e+000, 0.000000e+000, 0.000000e+000
 4.388000e-001,-1.247250e+003, 3.401498e+003,-1.815414e+003, 2.608333e+003,-1.973493e+001,-3.984602e+001, 2.401275e+003, 0.000000e+000, 0.000000e+000, 0.000000e+000
 4.388500e-001,-1.295929e+003, 3.404888e+003,-1.760599e+003, 2.557016e+003,-2.074483e+001,-3.717918e+001, 2.345336e+003, 0.000000e+000, 0.000000e+000, 0.000000e+000
 4.389000e-001,-1.344531e+003, 3.403547e+003,-1.705518e+003, 2.504790e+003,-2.176493e+001,-3.451314e+001, 2.288966e+003, 0.000000e+000, 0.000000e+000, 0.000000e+000
 4.389500e-001,-1.392209e+003, 3.404273e+003,-1.649684e+003, 2.451670e+003,-2.277835e+001,-3.183450e+001, 2.231393e+003, 0.000000e+000, 0.000000e+000, 0.000000e+000
 4.390000e-001,-1.439911e+003, 3.400764e+003,-1.593197e+003, 2.397680e+003,-2.380160e+001,-2.915864e+001, 2.173427e+003, 0.000000e+000, 0.000000e+000, 0.000000e+000
 4.390500e-001,-1.486517e+003, 3.398807e+003,-1.536437e+003, 2.342833e+003,-2.481648e+001,-2.647134e+001, 2.114299e+003, 0.000000e+000, 0.000000e+000, 0.000000e+000
 4.391000e-001,-1.533255e+003, 3.393148e+003,-1.478614e+003, 2.287155e+003,-2.584053e+001,-2.378855e+001, 2.054819e+003, 0.000000e+000, 0.000000e+000, 0.000000e+000
 4.391500e-001,-1.578719e+003, 3.388500e+003,-1.421015e+003, 2.230661e+003,-2.685458e+001,-2.109555e+001, 1.994219e+003, 0.000000e+000, 0.000000e+000, 0.000000e+000
 4.392000e-001,-1.624432e+003, 3.380707e+003,-1.361937e+003, 2.173377e+003,-2.787685e+001,-1.840853e+001, 1.933307e+003, 0.000000e+000, 0.000000e+000, 0.000000e+000
 4.392500e-001,-1.668682e+003, 3.373365e+003,-1.303583e+003, 2.115317e+003,-2.888758e+001,-1.571267e+001, 1.871320e+003, 0.000000e+000, 0.000000e+000, 0.000000e+000
 4.393000e-001,-1.713313e+003, 3.363453e+003,-1.243333e+003, 2.056508e+003,-2.990528e+001,-1.302396e+001, 1.809061e+003, 0.000000e+000, 0.000000e+000, 0.000000e+000
 4.393500e-001,-1.756280e+003, 3.353427e+003,-1.184305e+003, 1.996966e+003,-3.091000e+001,-1.032787e+001, 1.745773e+003, 0.000000e+000, 0.000000e+000, 0.000000e+000
 4.394000e-001,-1.799773e+003, 3.341408e+003,-1.122978e+003, 1.936718e+003,-3.192014e+001,-7.639857e+000, 1.682253e+003, 0.000000e+000, 0.000000e+000, 0.000000e+000
 4.394500e-001,-1.841386e+003, 3.328715e+003,-1.063350e+003, 1.875779e+003,-3.291594e+001,-4.946054e+000, 1.617753e+003, 0.000000e+000, 0.000000e+000, 0.000000e+000
 4.395000e-001,-1.883688e+003, 3.314598e+003,-1.001043e+003, 1.814179e+003,-3.391536e+001,-2.261009e+000, 1.553061e+003, 0.000000e+000, 0.000000e+000, 0.000000e+000
 4.395500e-001,-1.923879e+003, 3.299264e+003,-9.408868e+002, 1.751932e+003,-3.489919e+001, 4.281268e-001, 1.487437e+003, 0.000000e+000, 0.000000e+000, 0.000000e+000
 4.396000e-001,-1.964941e+003, 3.283058e+003,-8.777072e+002, 1.689067e+003,-3.588456e+001, 3.108055e+000, 1.421664e+003, 0.000000e+000, 0.000000e+000, 0.000000e+000
 4.396500e-001,-2.003641e+003, 3.265119e+003,-8.170891e+002, 1.625600e+003,-3.685320e+001, 5.790253e+000, 1.355008e+003, 0.000000e+000, 0.000000e+000, 0.000000e+000
 4.397000e-001,-2.043414e+003, 3.246828e+003,-7.531473e+002, 1.561563e+003,-3.782106e+001, 8.463000e+000, 1.288245e+003, 0.000000e+000, 0.000000e+000, 0.000000e+000
 4.397500e-001,-2.080557e+003, 3.226329e+003,-6.921307e+002, 1.496968e+003,-3.877115e+001, 1.113608e+001, 1.220650e+003, 0.000000e+000, 0.000000e+000, 0.000000e+000
 4.398000e-001,-2.118997e+003, 3.205958e+003,-6.275432e+002, 1.431849e+003,-3.971795e+001, 1.379965e+001, 1.152989e+003, 0.000000e+000, 0.000000e+000, 0.000000e+000
 4.398500e-001,-2.154519e+003, 3.182950e+003,-5.661878e+002, 1.366219e+003,-4.064604e+001, 1.646150e+001, 1.084549e+003, 0.000000e+000, 0.000000e+000, 0.000000e+000
 4.399000e-001,-2.191580e+003, 3.160502e+003,-5.010754e+002, 1.300112e+003,-4.156814e+001, 1.911392e+001, 1.016086e+003, 0.000000e+000, 0.000000e+000, 0.000000e+000
 4.399500e-001,-2.225420e+003, 3.135044e+003,-4.394378e+002, 1.233541e+003,-4.247071e+001, 2.176249e+001, 9.468967e+002, 0.000000e+000, 0.000000e+000, 0.000000e+000
 4.400000e-001,-2.261060e+003, 3.110523e+003,-3.739250e+002, 1.166540e+003,-4.336444e+001, 2.440180e+001, 8.777269e+002, 0.000000e+000, 0.000000e+000, 0.000000e+000
 4.400500e-001,-2.293160e+003, 3.082681e+003,-3.120595e+002, 1.099124e+003,-4.423790e+001, 2.703505e+001, 8.078842e+002, 0.000000e+000, 0.000000e+000, 0.000000e+000
 4.401000e-001,-2.327336e+003, 3.056091e+003,-2.462737e+002, 1.031325e+003,-4.509958e+001, 2.965931e+001, 7.381041e+002, 0.000000e+000, 0.000000e+000, 0.000000e+000
 4.401500e-001,-2.357643e+003, 3.025936e+003,-1.842328e+002, 9.631598e+002,-4.594035e+001, 3.227519e+001, 6.677059e+002, 0.000000e+000, 0.000000e+000, 0.000000e+000
 4.402000e-001,-2.390312e+003, 2.997281e+003,-1.183031e+002, 8.946613e+002,-4.676635e+001, 3.488239e+001, 5.974132e+002, 0.000000e+000, 0.000000e+000, 0.000000e+000
 4.402500e-001,-2.418776e+003, 2.964891e+003,-5.613852e+001, 8.258439e+002,-4.757084e+001, 3.747886e+001, 5.265580e+002, 0.000000e+000, 0.000000e+000, 0.000000e+000
 4.403000e-001,-2.449898e+003, 2.934176e+003, 9.805147e+000, 7.567429e+002,-4.835757e+001, 4.006693e+001, 4.558512e+002, 0.000000e+000, 0.000000e+000, 0.000000e+000
 4.403500e-001,-2.476475e+003, 2.899631e+003, 7.204202e+001, 6.873721e+002,-4.912229e+001, 4.264191e+001, 3.846383e+002, 0.000000e+000, 0.000000e+000, 0.000000e+000
 4.404000e-001,-2.506006e+003, 2.866867e+003, 1.378699e+002, 6.177669e+002,-4.986629e+001, 4.520871e+001, 3.136165e+002, 0.000000e+000, 0.000000e+000, 0.000000e+000
 4.404500e-001,-2.530656e+003, 2.830252e+003, 2.001270e+002, 5.479417e+002,-5.058781e+001, 4.776003e+001, 2.421457e+002, 0.000000e+000, 0.000000e+000, 0.000000e+000
 4.405000e-001,-2.558554e+003, 2.795450e+003, 2.657108e+002, 4.779315e+002,-5.128574e+001, 5.030332e+001, 1.709090e+002, 0.000000e+000, 0.000000e+000, 0.000000e+000
 4.405500e-001,-2.581244e+003, 2.756850e+003, 3.279346e+002, 4.077513e+002,-5.196080e+001, 5.282875e+001, 9.928062e+001, 0.000000e+000, 0.000000e+000, 0.000000e+000
 4.406000e-001,-2.607466e+003, 2.720028e+003, 3.931481e+002, 3.374359e+002,-5.260951e+001, 5.534617e+001, 2.792940e+001, 0.000000e+000, 0.000000e+000, 0.000000e+000
 4.406500e-001,-2.628168e+003, 2.679531e+003, 4.552830e+002, 2.670006e+002,-5.323499e+001, 5.784339e+001,-4.375589e+001, 0.000000e+000, 0.000000e+000, 0.000000e+000
 4.407000e-001,-2.652669e+003, 2.640709e+003, 5.200034e+002, 1.964799e+002,-5.383155e+001, 6.033244e+001,-1.151209e+002, 0.000000e+000, 0.000000e+000, 0.000000e+000
 4.407500e-001,-2.671361e+003, 2.598405e+003, 5.819907e+002, 1.258896e+002,-5.440454e+001, 6.279902e+001,-1.867621e+002, 0.000000e+000, 0.000000e+000, 0.000000e+000
 4.408000e-001,-2.694097e+003, 2.557611e+003, 6.460995e+002, 5.526357e+001,-5.494628e+001, 6.525707e+001,-2.580399e+002, 0.000000e+000, 0.000000e+000, 0.000000e+000
 4.408500e-001,-2.710764e+003, 2.513586e+003, 7.078770e+002,-1.538130e+001,-5.546412e+001, 6.769045e+001,-3.295359e+002, 0.000000e+000, 0.000000e+000, 0.000000e+000
 4.409000e-001,-2.731688e+003, 2.470852e+003, 7.712607e+002,-8.601251e+001,-5.594862e+001, 7.011472e+001,-4.006255e+002, 0.000000e+000, 0.000000e+000, 0.000000e+000
 4.409500e-001,-2.746320e+003, 2.425195e+003, 8.327619e+002,-1.566118e+002,-5.640893e+001, 7.251224e+001,-4.718754e+002, 0.000000e+000, 0.000000e+000, 0.000000e+000
 4.410000e-001,-2.765388e+003, 2.380562e+003, 8.953131e+002,-2.271481e+002,-5.683411e+001, 7.489980e+001,-5.426757e+002, 0.000000e+000, 0.000000e+000, 0.000000e+000
 4.410500e-001,-2.777980e+003, 2.333357e+003, 9.564668e+002,-2.976017e+002,-5.723479e+001, 7.725862e+001,-6.135786e+002, 0.000000e+000, 0.000000e+000, 0.000000e+000
 4.411000e-001,-2.795145e+003, 2.286871e+003, 1.018085e+003,-3.679432e+002,-5.759888e+001, 7.960641e+001,-6.839887e+002, 0.000000e+000, 0.000000e+000, 0.000000e+000
 4.411500e-001,-2.805700e+003, 2.238201e+003, 1.078815e+003,-4.381515e+002,-5.793819e+001, 8.192360e+001,-7.544441e+002, 0.000000e+000, 0.000000e+000, 0.000000e+000
 4.412000e-001,-2.820917e+003, 2.189918e+003, 1.139405e+003,-5.081987e+002,-5.823980e+001, 8.422837e+001,-8.243635e+002, 0.000000e+000, 0.000000e+000, 0.000000e+000
 4.412500e-001,-2.829441e+003, 2.139864e+003, 1.199630e+003,-5.780623e+002,-5.851634e+001, 8.650085e+001,-8.942714e+002, 0.000000e+000, 0.000000e+000, 0.000000e+000
 4.413000e-001,-2.842664e+003, 2.089844e+003, 1.259106e+003,-6.477162e+002,-5.875444e+001, 8.875927e+001,-9.636002e+002, 0.000000e+000, 0.000000e+000, 0.000000e+000
 4.413500e-001,-2.849168e+003, 2.038483e+003, 1.318739e+003,-7.171363e+002,-5.896718e+001, 9.098384e+001,-1.032861e+003, 0.000000e+000, 0.000000e+000, 0.000000e+000
 4.414000e-001,-2.860354e+003, 1.986798e+003, 1.377023e+003,-7.862987e+002,-5.914113e+001, 9.319241e+001,-1.101500e+003, 0.000000e+000, 0.000000e+000, 0.000000e+000
 4.414500e-001,-2.864856e+003, 1.934202e+003, 1.435972e+003,-8.551772e+002,-5.928943e+001, 9.536574e+001,-1.170015e+003, 0.000000e+000, 0.000000e+000, 0.000000e+000
 4.415000e-001,-2.873962e+003, 1.880931e+003, 1.492992e+003,-9.237505e+002,-5.939898e+001, 9.752086e+001,-1.237865e+003, 0.000000e+000, 0.000000e+000, 0.000000e+000
 4.415500e-001,-2.876480e+003, 1.827170e+003, 1.551160e+003,-9.919903e+002,-5.948260e+001, 9.963952e+001,-1.305536e+003, 0.000000e+000, 0.000000e+000, 0.000000e+000
 4.416000e-001,-2.883467e+003, 1.772397e+003, 1.606853e+003,-1.059878e+003,-5.952789e+001, 1.017375e+002,-1.372500e+003, 0.000000e+000, 0.000000e+000, 0.000000e+000
 4.416500e-001,-2.884024e+003, 1.717538e+003, 1.664137e+003,-1.127382e+003,-5.954701e+001, 1.037980e+002,-1.439231e+003, 0.000000e+000, 0.000000e+000, 0.000000e+000
 4.417000e-001,-2.888855e+003, 1.661356e+003, 1.718447e+003,-1.194488e+003,-5.952857e+001, 1.058350e+002,-1.505211e+003, 0.000000e+000, 0.000000e+000, 0.000000e+000
 4.417500e-001,-2.887477e+003, 1.605462e+003, 1.774743e+003,-1.261163e+003,-5.948373e+001, 1.078336e+002,-1.570906e+003, 0.000000e+000, 0.000000e+000, 0.000000e+000
 4.418000e-001,-2.890119e+003, 1.547969e+003, 1.827619e+003,-1.327393e+003,-5.940248e+001, 1.098060e+002,-1.635808e+003, 0.000000e+000, 0.000000e+000, 0.000000e+000
 4.418500e-001,-2.886834e+003, 1.491101e+003, 1.882818e+003,-1.393143e+003,-5.929466e+001, 1.117391e+002,-1.700374e+003, 0.000000e+000, 0.000000e+000, 0.000000e+000
 4.419000e-001,-2.887257e+003, 1.432403e+003, 1.934218e+003,-1.458404e+003,-5.915189e+001, 1.136429e+002,-1.764103e+003, 0.000000e+000, 0.000000e+000, 0.000000e+000
 4.419500e-001,-2.882093e+003, 1.374617e+003, 1.988208e+003,-1.523138e+003,-5.898240e+001, 1.155067e+002,-1.827445e+003, 0.000000e+000, 0.000000e+000, 0.000000e+000
 4.420000e-001,-2.880273e+003, 1.314826e+003, 2.038094e+003,-1.587337e+003,-5.877975e+001, 1.173381e+002,-1.889909e+003, 0.000000e+000, 0.000000e+000, 0.000000e+000
 4.420500e-001,-2.873261e+003, 1.256178e+003, 2.090763e+003,-1.650964e+003,-5.855031e+001, 1.191289e+002,-1.951937e+003, 0.000000e+000, 0.000000e+000, 0.000000e+000
 4.421000e-001,-2.869179e+003, 1.195407e+003, 2.139103e+003,-1.714011e+003,-5.828973e+001, 1.208839e+002,-2.013046e+003, 0.000000e+000, 0.000000e+000, 0.000000e+000
 4.421500e-001,-2.860350e+003, 1.135951e+003, 2.190337e+003,-1.776441e+003,-5.800238e+001, 1.225980e+002,-2.073670e+003, 0.000000e+000, 0.000000e+000, 0.000000e+000
 4.422000e-001,-2.853992e+003, 1.074319e+003, 2.237100e+003,-1.838248e+003,-5.768615e+001, 1.242729e+002,-2.133333e+003, 0.000000e+000, 0.000000e+000, 0.000000e+000
 4.422500e-001,-2.843375e+003, 1.014109e+003, 2.286789e+003,-1.899393e+003,-5.734324e+001, 1.259064e+002,-2.192467e+003, 0.000000e+000, 0.000000e+000, 0.000000e+000
 4.423000e-001,-2.834734e+003, 9.517356e+002, 2.331949e+003,-1.959873e+003,-5.697389e+001, 1.274975e+002,-2.250599e+003, 0.000000e+000, 0.000000e+000, 0.000000e+000
 4.423500e-001,-2.822360e+003, 8.908246e+002, 2.379981e+003,-2.019648e+003,-5.657807e+001, 1.290467e+002,-2.308156e+003, 0.000000e+000, 0.000000e+000, 0.000000e+000
 4.424000e-001,-2.811434e+003, 8.278334e+002, 2.423514e+003,-2.078715e+003,-5.615837e+001, 1.305503e+002,-2.364670e+003, 0.000000e+000, 0.000000e+000, 0.000000e+000
 4.424500e-001,-2.797333e+003, 7.662757e+002, 2.469782e+003,-2.137035e+003,-5.571252e+001, 1.320116e+002,-2.420568e+003, 0.000000e+000, 0.000000e+000, 0.000000e+000
 4.425000e-001,-2.784127e+003, 7.027889e+002, 2.511664e+003,-2.194607e+003,-5.524545e+001, 1.334241e+002,-2.475383e+003, 0.000000e+000, 0.000000e+000, 0.000000e+000
 4.425500e-001,-2.768327e+003, 6.406401e+002, 2.556067e+003,-2.251391e+003,-5.475267e+001, 1.347939e+002,-2.529540e+003, 0.000000e+000, 0.000000e+000, 0.000000e+000
 4.426000e-001,-2.752854e+003, 5.767797e+002, 2.596273e+003,-2.307387e+003,-5.424135e+001, 1.361119e+002,-2.582575e+003, 0.000000e+000, 0.000000e+000, 0.000000e+000
 4.426500e-001,-2.735383e+003, 5.140980e+002, 2.638713e+003,-2.362555e+003,-5.370491e+001, 1.373867e+002,-2.634914e+003, 0.000000e+000, 0.000000e+000, 0.000000e+000
 4.427000e-001,-2.717661e+003, 4.499843e+002, 2.677220e+003,-2.416896e+003,-5.315260e+001, 1.386070e+002,-2.686092e+003, 0.000000e+000, 0.000000e+000, 0.000000e+000
 4.427500e-001,-2.698546e+003, 3.868309e+002, 2.717606e+003,-2.470370e+003,-5.257589e+001, 1.397835e+002,-2.736536e+003, 0.000000e+000, 0.000000e+000, 0.000000e+000
 4.428000e-001,-2.678599e+003, 3.225815e+002, 2.754386e+003,-2.522979e+003,-5.198590e+001, 1.409029e+002,-2.785781e+003, 0.000000e+000, 0.000000e+000, 0.000000e+000
 4.428500e-001,-2.657867e+003, 2.590213e+002, 2.792635e+003,-2.574684e+003,-5.137240e+001, 1.419779e+002,-2.834257e+003, 0.000000e+000, 0.000000e+000, 0.000000e+000
 4.429000e-001,-2.635728e+003, 1.947507e+002, 2.827660e+003,-2.625488e+003,-5.074809e+001, 1.429935e+002,-2.881498e+003, 0.000000e+000, 0.000000e+000, 0.000000e+000
 4.429500e-001,-2.613402e+003, 1.308527e+002, 2.863697e+003,-2.675352e+003,-5.010132e+001, 1.439639e+002,-2.927936e+003, 0.000000e+000, 0.000000e+000, 0.000000e+000
 4.430000e-001,-2.589108e+003, 6.667085e+001, 2.896934e+003,-2.724279e+003,-4.944606e+001, 1.448731e+002,-2.973103e+003, 0.000000e+000, 0.000000e+000, 0.000000e+000
 4.430500e-001,-2.565215e+003, 2.508941e+000, 2.930693e+003,-2.772232e+003,-4.876951e+001, 1.457362e+002,-3.017436e+003, 0.000000e+000, 0.000000e+000, 0.000000e+000
 4.431000e-001,-2.538808e+003,-6.147889e+001, 2.962106e+003,-2.819213e+003,-4.808661e+001, 1.465363e+002,-3.060463e+003, 0.000000e+000, 0.000000e+000, 0.000000e+000
 4.431500e-001,-2.513372e+003,-1.258258e+002, 2.993529e+003,-2.865187e+003,-4.738375e+001, 1.472895e+002,-3.102627e+003, 0.000000e+000, 0.000000e+000, 0.000000e+000
 4.432000e-001,-2.484902e+003,-1.895199e+002, 3.023079e+003,-2.910155e+003,-4.667645e+001, 1.479784e+002,-3.143451e+003, 0.000000e+000, 0.000000e+000, 0.000000e+000
 4.432500e-001,-2.457947e+003,-2.539677e+002, 3.052120e+003,-2.954086e+003,-4.595063e+001, 1.486192e+002,-3.183385e+003, 0.000000e+000, 0.000000e+000, 0.000000e+000
 4.433000e-001,-2.427468e+003,-3.172738e+002, 3.079765e+003,-2.996979e+003,-4.522204e+001, 1.491948e+002,-3.221947e+003, 0.000000e+000, 0.000000e+000, 0.000000e+000
 4.433500e-001,-2.399018e+003,-3.817332e+002, 3.106385e+003,-3.038804e+003,-4.447650e+001, 1.497212e+002,-3.259593e+003, 0.000000e+000, 0.000000e+000, 0.000000e+000
 4.434000e-001,-2.366589e+003,-4.445632e+002, 3.132077e+003,-3.079561e+003,-4.372960e+001, 1.501817e+002,-3.295835e+003, 0.000000e+000, 0.000000e+000, 0.000000e+000
 4.434500e-001,-2.336669e+003,-5.089395e+002, 3.156249e+003,-3.119221e+003,-4.296741e+001, 1.505918e+002,-3.331140e+003, 0.000000e+000, 0.000000e+000, 0.000000e+000
 4.435000e-001,-2.302353e+003,-5.712112e+002, 3.179938e+003,-3.157785e+003,-4.220499e+001, 1.509357e+002,-3.365011e+003, 0.000000e+000, 0.000000e+000, 0.000000e+000
 4.435500e-001,-2.270989e+003,-6.354048e+002, 3.201643e+003,-3.195224e+003,-4.142903e+001, 1.512279e+002,-3.397923e+003, 0.000000e+000, 0.000000e+000, 0.000000e+000
 4.436000e-001,-2.234851e+003,-6.970422e+002, 3.223276e+003,-3.231540e+003,-4.065366e+001, 1.514540e+002,-3.429373e+003, 0.000000e+000, 0.000000e+000, 0.000000e+000
 4.436500e-001,-2.202072e+003,-7.609490e+002, 3.242505e+003,-3.266706e+003,-3.986658e+001, 1.516270e+002,-3.459845e+003, 0.000000e+000, 0.000000e+000, 0.000000e+000
 4.437000e-001,-2.164183e+003,-8.218815e+002, 3.262027e+003,-3.300722e+003,-3.908064e+001, 1.517344e+002,-3.488829e+003, 0.000000e+000, 0.000000e+000, 0.000000e+000
 4.437500e-001,-2.130016e+003,-8.853933e+002, 3.278777e+003,-3.333564e+003,-3.828484e+001, 1.517872e+002,-3.516818e+003, 0.000000e+000, 0.000000e+000, 0.000000e+000
 4.438000e-001,-2.090448e+003,-9.455556e+002, 3.296132e+003,-3.365232e+003,-3.749046e+001, 1.517751e+002,-3.543294e+003, 0.000000e+000, 0.000000e+000, 0.000000e+000
 4.438500e-001,-2.054925e+003,-1.008561e+003, 3.310410e+003,-3.395704e+003,-3.668806e+001, 1.517071e+002,-3.568760e+003, 0.000000e+000, 0.000000e+000, 0.000000e+000
 4.439000e-001,-2.013753e+003,-1.067893e+003, 3.325540e+003,-3.424978e+003,-3.588710e+001, 1.515751e+002,-3.592690e+003, 0.000000e+000, 0.000000e+000, 0.000000e+000
 4.439500e-001,-1.976906e+003,-1.130277e+003, 3.337359e+003,-3.453036e+003,-3.507996e+001, 1.513860e+002,-3.615598e+003, 0.000000e+000, 0.000000e+000, 0.000000e+000
 4.440000e-001,-1.934207e+003,-1.188723e+003, 3.350206e+003,-3.479876e+003,-3.427404e+001, 1.511341e+002,-3.636948e+003, 0.000000e+000, 0.000000e+000, 0.000000e+000
 4.440500e-001,-1.896071e+003,-1.250370e+003, 3.359585e+003,-3.505480e+003,-3.346373e+001, 1.508237e+002,-3.657265e+003, 0.000000e+000, 0.000000e+000, 0.000000e+000
 4.441000e-001,-1.851925e+003,-1.307877e+003, 3.370094e+003,-3.529846e+003,-3.265418e+001, 1.504521e+002,-3.676004e+003, 0.000000e+000, 0.000000e+000, 0.000000e+000
 4.441500e-001,-1.812536e+003,-1.368670e+003, 3.377058e+003,-3.552959e+003,-3.184196e+001, 1.500208e+002,-3.693702e+003, 0.000000e+000, 0.000000e+000, 0.000000e+000
 4.442000e-001,-1.767023e+003,-1.425188e+003, 3.385175e+003,-3.574816e+003,-3.102988e+001, 1.495299e+002,-3.709805e+003, 0.000000e+000, 0.000000e+000, 0.000000e+000
 4.442500e-001,-1.726421e+003,-1.485011e+003, 3.389749e+003,-3.595405e+003,-3.021673e+001, 1.489785e+002,-3.724860e+003, 0.000000e+000, 0.000000e+000, 0.000000e+000
 4.443000e-001,-1.679623e+003,-1.540493e+003, 3.395425e+003,-3.614722e+003,-2.940293e+001, 1.483691e+002,-3.738304e+003, 0.000000e+000, 0.000000e+000, 0.000000e+000
 4.443500e-001,-1.637851e+003,-1.599229e+003, 3.397641e+003,-3.632757e+003,-2.858954e+001, 1.476984e+002,-3.750696e+003, 0.000000e+000, 0.000000e+000, 0.000000e+000
 4.444000e-001,-1.589849e+003,-1.653629e+003, 3.400830e+003,-3.649505e+003,-2.777460e+001, 1.469716e+002,-3.761463e+003, 0.000000e+000, 0.000000e+000, 0.000000e+000
 4.444500e-001,-1.546951e+003,-1.711164e+003, 3.400720e+003,-3.664959e+003,-2.696139e+001, 1.461831e+002,-3.771175e+003, 0.000000e+000, 0.000000e+000, 0.000000e+000
 4.445000e-001,-1.497830e+003,-1.764437e+003, 3.401383e+003,-3.679114e+003,-2.614562e+001, 1.453404e+002,-3.779250e+003, 0.000000e+000, 0.000000e+000, 0.000000e+000
 4.445500e-001,-1.453853e+003,-1.820660e+003, 3.398979e+003,-3.691964e+003,-2.533274e+001, 1.444355e+002,-3.786271e+003, 0.000000e+000, 0.000000e+000, 0.000000e+000
 4.446000e-001,-1.403696e+003,-1.872759e+003, 3.397082e+003,-3.703505e+003,-2.451627e+001, 1.434785e+002,-3.791645e+003, 0.000000e+000, 0.000000e+000, 0.000000e+000
 4.446500e-001,-1.358690e+003,-1.927564e+003, 3.392417e+003,-3.713732e+003,-2.370363e+001, 1.424594e+002,-3.795965e+003, 0.000000e+000, 0.000000e+000, 0.000000e+000
 4.447000e-001,-1.307582e+003,-1.978444e+003, 3.387935e+003,-3.722641e+003,-2.288634e+001, 1.413902e+002,-3.798630e+003, 0.000000e+000, 0.000000e+000, 0.000000e+000
 4.447500e-001,-1.261598e+003,-2.031728e+003, 3.381042e+003,-3.730230e+003,-2.207364e+001, 1.402590e+002,-3.800247e+003, 0.000000e+000, 0.000000e+000, 0.000000e+000
 4.448000e-001,-1.209623e+003,-2.081339e+003, 3.373956e+003,-3.736494e+003,-2.125524e+001, 1.390798e+002,-3.800201e+003, 0.000000e+000, 0.000000e+000, 0.000000e+000
 4.448500e-001,-1.162716e+003,-2.133005e+003, 3.364864e+003,-3.741433e+003,-2.044197e+001, 1.378392e+002,-3.799113e+003, 0.000000e+000, 0.000000e+000, 0.000000e+000
 4.449000e-001,-1.109959e+003,-2.181299e+003, 3.355167e+003,-3.745041e+003,-1.962201e+001, 1.365525e+002,-3.796359e+003, 0.000000e+000, 0.000000e+000, 0.000000e+000
 4.449500e-001,-1.062186e+003,-2.231256e+003, 3.343905e+003,-3.747321e+003,-1.880748e+001, 1.352055e+002,-3.792570e+003, 0.000000e+000, 0.000000e+000, 0.000000e+000
 4.450000e-001,-1.008732e+003,-2.278180e+003, 3.331596e+003,-3.748267e+003,-1.798535e+001, 1.338142e+002,-3.787112e+003, 0.000000e+000, 0.000000e+000, 0.000000e+000
 4.450500e-001,-9.601508e+002,-2.326344e+003, 3.318189e+003,-3.747885e+003,-1.716876e+001, 1.323638e+002,-3.780629e+003, 0.000000e+000, 0.000000e+000, 0.000000e+000
 4.451000e-001,-9.060852e+002,-2.371844e+003, 3.303280e+003,-3.746167e+003,-1.634374e+001, 1.308709e+002,-3.772478e+003, 0.000000e+000, 0.000000e+000, 0.000000e+000
 4.451500e-001,-8.567560e+002,-2.418137e+003, 3.287750e+003,-3.743120e+003,-1.552413e+001, 1.293206e+002,-3.763313e+003, 0.000000e+000, 0.000000e+000, 0.000000e+000
 4.452000e-001,-8.021638e+002,-2.462155e+003, 3.270259e+003,-3.738739e+003,-1.469541e+001, 1.277295e+002,-3.752481e+003, 0.000000e+000, 0.000000e+000, 0.000000e+000
 4.452500e-001,-7.521491e+002,-2.506508e+003, 3.252626e+003,-3.733031e+003,-1.387178e+001, 1.260829e+002,-3.740650e+003, 0.000000e+000, 0.000000e+000, 0.000000e+000
 4.453000e-001,-6.971151e+002,-2.548984e+003, 3.232584e+003,-3.725992e+003,-1.303846e+001, 1.243971e+002,-3.727155e+003, 0.000000e+000, 0.000000e+000, 0.000000e+000
 4.453500e-001,-6.464790e+002,-2.591334e+003, 3.212865e+003,-3.717631e+003,-1.220972e+001, 1.226581e+002,-3.712676e+003, 0.000000e+000, 0.000000e+000, 0.000000e+000
 4.454000e-001,-5.910878e+002,-2.632206e+003, 3.190312e+003,-3.707942e+003,-1.137089e+001, 1.208814e+002,-3.696538e+003, 0.000000e+000, 0.000000e+000, 0.000000e+000
 4.454500e-001,-5.398959e+002,-2.672496e+003, 3.168520e+003,-3.696938e+003,-1.053594e+001, 1.190541e+002,-3.679435e+003, 0.000000e+000, 0.000000e+000, 0.000000e+000
 4.455000e-001,-4.842317e+002,-2.711699e+003, 3.143502e+003,-3.684613e+003,-9.690644e+000, 1.171905e+002,-3.660678e+003, 0.000000e+000, 0.000000e+000, 0.000000e+000
 4.455500e-001,-4.325513e+002,-2.749882e+003, 3.119650e+003,-3.670980e+003,-8.848387e+000, 1.152790e+002,-3.640978e+003, 0.000000e+000, 0.000000e+000, 0.000000e+000
 4.456000e-001,-3.766975e+002,-2.787349e+003, 3.092226e+003,-3.656035e+003,-7.995680e+000, 1.133325e+002,-3.619631e+003, 0.000000e+000, 0.000000e+000, 0.000000e+000
 4.456500e-001,-3.245976e+002,-2.823383e+003, 3.066323e+003,-3.639792e+003,-7.145048e+000, 1.113413e+002,-3.597362e+003, 0.000000e+000, 0.000000e+000, 0.000000e+000
 4.457000e-001,-2.686372e+002,-2.859047e+003, 3.036558e+003,-3.622246e+003,-6.284018e+000, 1.093163e+002,-3.573458e+003, 0.000000e+000, 0.000000e+000, 0.000000e+000
 4.457500e-001,-2.161880e+002,-2.892897e+003, 3.008612e+003,-3.603415e+003,-5.424001e+000, 1.072498e+002,-3.548655e+003, 0.000000e+000, 0.000000e+000, 0.000000e+000
 4.458000e-001,-1.602029e+002,-2.926688e+003, 2.976578e+003,-3.583294e+003,-4.553786e+000, 1.051506e+002,-3.522228e+003, 0.000000e+000, 0.000000e+000, 0.000000e+000
 4.458500e-001,-1.074760e+002,-2.958326e+003, 2.946597e+003,-3.561900e+003,-3.683460e+000, 1.030134e+002,-3.494928e+003, 0.000000e+000, 0.000000e+000, 0.000000e+000
 4.459000e-001,-5.154742e+001,-2.990175e+003, 2.912373e+003,-3.539232e+003,-2.803273e+000, 1.008446e+002,-3.466017e+003, 0.000000e+000, 0.000000e+000, 0.000000e+000
 4.459500e-001, 1.384113e+000,-3.019576e+003, 2.880366e+003,-3.515305e+003,-1.921818e+000, 9.864122e+001,-3.436260e+003, 0.000000e+000, 0.000000e+000, 0.000000e+000
 4.460000e-001, 5.717636e+001,-3.049416e+003, 2.844037e+003,-3.490120e+003,-1.030969e+000, 9.640728e+001,-3.404908e+003, 0.000000e+000, 0.000000e+000, 0.000000e+000
 4.460500e-001, 1.102383e+002,-3.076562e+003, 2.810013e+003,-3.463695e+003,-1.376954e-001, 9.414244e+001,-3.372738e+003, 0.000000e+000, 0.000000e+000, 0.000000e+000
 4.461000e-001, 1.658155e+002,-3.104325e+003, 2.771668e+003,-3.436029e+003, 7.643917e-001, 9.184799e+001,-3.338990e+003, 0.000000e+000, 0.000000e+000, 0.000000e+000
 4.461500e-001, 2.189325e+002,-3.129202e+003, 2.735637e+003,-3.407142e+003, 1.670024e+000, 8.952630e+001,-3.304454e+003, 0.000000e+000, 0.000000e+000, 0.000000e+000
 4.462000e-001, 2.742171e+002,-3.154823e+003, 2.695368e+003,-3.377033e+003, 2.583789e+000, 8.717595e+001,-3.268358e+003, 0.000000e+000, 0.000000e+000, 0.000000e+000
 4.462500e-001, 3.273128e+002,-3.177420e+003, 2.657345e+003,-3.345725e+003, 3.502151e+000, 8.480200e+001,-3.231507e+003, 0.000000e+000, 0.000000e+000, 0.000000e+000
 4.463000e-001, 3.822290e+002,-3.200838e+003, 2.615248e+003,-3.313217e+003, 4.427883e+000, 8.240036e+001,-3.193115e+003, 0.000000e+000, 0.000000e+000, 0.000000e+000
 4.463500e-001, 4.352259e+002,-3.221146e+003, 2.575250e+003,-3.279532e+003, 5.359165e+000, 7.997869e+001,-3.154001e+003, 0.000000e+000, 0.000000e+000, 0.000000e+000
 4.464000e-001, 4.896991e+002,-3.242302e+003, 2.531421e+003,-3.244671e+003, 6.296982e+000, 7.753032e+001,-3.113369e+003, 0.000000e+000, 0.000000e+000, 0.000000e+000
 4.464500e-001, 5.425193e+002,-3.260316e+003, 2.489470e+003,-3.208657e+003, 7.241173e+000, 7.506539e+001,-3.072049e+003, 0.000000e+000, 0.000000e+000, 0.000000e+000
 4.465000e-001, 5.964763e+002,-3.279156e+003, 2.444006e+003,-3.171492e+003, 8.191010e+000, 7.257478e+001,-3.029233e+003, 0.000000e+000, 0.000000e+000, 0.000000e+000
 4.465500e-001, 6.490413e+002,-3.294873e+003, 2.400130e+003,-3.133201e+003, 9.147889e+000, 7.007094e+001,-2.985767e+003, 0.000000e+000, 0.000000e+000, 0.000000e+000
 4.466000e-001, 7.024105e+002,-3.311348e+003, 2.353126e+003,-3.093786e+003, 1.010949e+001, 6.754250e+001,-2.940829e+003, 0.000000e+000, 0.000000e+000, 0.000000e+000
 4.466500e-001, 7.546412e+002,-3.324764e+003, 2.307359e+003,-3.053271e+003, 1.107861e+001, 6.500397e+001,-2.895278e+003, 0.000000e+000, 0.000000e+000, 0.000000e+000
 4.467000e-001, 8.073525e+002,-3.338831e+003, 2.258912e+003,-3.011662e+003, 1.205149e+001, 6.244201e+001,-2.848280e+003, 0.000000e+000, 0.000000e+000, 0.000000e+000
 4.467500e-001, 8.591699e+002,-3.349946e+003, 2.211294e+003,-2.968983e+003, 1.303219e+001, 5.987288e+001,-2.800709e+003, 0.000000e+000, 0.000000e+000, 0.000000e+000
 4.468000e-001, 9.111543e+002,-3.361566e+003, 2.161495e+003,-2.925240e+003, 1.401567e+001, 5.728156e+001,-2.751719e+003, 0.000000e+000, 0.000000e+000, 0.000000e+000
 4.468500e-001, 9.624797e+002,-3.370377e+003, 2.112074e+003,-2.880458e+003, 1.500702e+001, 5.468573e+001,-2.702195e+003, 0.000000e+000, 0.000000e+000, 0.000000e+000
 4.469000e-001, 1.013670e+003,-3.379521e+003, 2.061013e+003,-2.834643e+003, 1.600018e+001, 5.206907e+001,-2.651281e+003, 0.000000e+000, 0.000000e+000, 0.000000e+000
 4.469500e-001, 1.064425e+003,-3.386028e+003, 2.009845e+003,-2.787821e+003, 1.700105e+001, 4.945030e+001,-2.599875e+003, 0.000000e+000, 0.000000e+000, 0.000000e+000
 4.470000e-001, 1.114754e+003,-3.392670e+003, 1.957608e+003,-2.740001e+003, 1.800272e+001, 4.681216e+001,-2.547108e+003, 0.000000e+000, 0.000000e+000, 0.000000e+000
 4.470500e-001, 1.164861e+003,-3.396871e+003, 1.904756e+003,-2.691208e+003, 1.901171e+001, 4.417402e+001,-2.493891e+003, 0.000000e+000, 0.000000e+000, 0.000000e+000
 4.471000e-001, 1.214263e+003,-3.400995e+003, 1.851425e+003,-2.641452e+003, 2.002050e+001, 4.151809e+001,-2.439345e+003, 0.000000e+000, 0.000000e+000, 0.000000e+000
 4.471500e-001, 1.263646e+003,-3.402887e+003, 1.796961e+003,-2.590757e+003, 2.103597e+001, 3.886397e+001,-2.384393e+003, 0.000000e+000, 0.000000e+000, 0.000000e+000
 4.472000e-001, 1.312058e+003,-3.404484e+003, 1.742613e+003,-2.539136e+003, 2.205026e+001, 3.619374e+001,-2.328145e+003, 0.000000e+000, 0.000000e+000, 0.000000e+000
 4.472500e-001, 1.360642e+003,-3.404067e+003, 1.686617e+003,-2.486614e+003, 2.307033e+001, 3.352686e+001,-2.271533e+003, 0.000000e+000, 0.000000e+000, 0.000000e+000
 4.473000e-001, 1.407998e+003,-3.403131e+003, 1.631327e+003,-2.433202e+003, 2.408823e+001, 3.084566e+001,-2.213662e+003, 0.000000e+000, 0.000000e+000, 0.000000e+000
 4.473500e-001, 1.455709e+003,-3.400403e+003, 1.573886e+003,-2.378927e+003, 2.511079e+001, 2.816903e+001,-2.155470e+003, 0.000000e+000, 0.000000e+000, 0.000000e+000
 4.474000e-001, 1.501948e+003,-3.396939e+003, 1.517723e+003,-2.323802e+003, 2.613018e+001, 2.548001e+001,-2.096055e+003, 0.000000e+000, 0.000000e+000, 0.000000e+000
 4.474500e-001, 1.548716e+003,-3.391897e+003, 1.458932e+003,-2.267853e+003, 2.715290e+001, 2.279646e+001,-2.036366e+003, 0.000000e+000, 0.000000e+000, 0.000000e+000
 4.475000e-001, 1.593774e+003,-3.385915e+003, 1.401960e+003,-2.211094e+003, 2.817142e+001, 2.010257e+001,-1.975490e+003, 0.000000e+000, 0.000000e+000, 0.000000e+000
 4.475500e-001, 1.639529e+003,-3.378561e+003, 1.341923e+003,-2.153552e+003, 2.919175e+001, 1.741481e+001,-1.914386e+003, 0.000000e+000, 0.000000e+000, 0.000000e+000
 4.476000e-001, 1.683345e+003,-3.370076e+003, 1.284203e+003,-2.095241e+003, 3.020683e+001, 1.471883e+001,-1.852134e+003, 0.000000e+000, 0.000000e+000, 0.000000e+000
 4.476500e-001, 1.728020e+003,-3.360408e+003, 1.223027e+003,-2.036189e+003, 3.122199e+001, 1.202939e+001,-1.789700e+003, 0.000000e+000, 0.000000e+000, 0.000000e+000
 4.477000e-001, 1.770534e+003,-3.349443e+003, 1.164618e+003,-1.976410e+003, 3.223085e+001, 9.333936e+000,-1.726159e+003, 0.000000e+000, 0.000000e+000, 0.000000e+000
 4.477500e-001, 1.814065e+003,-3.337463e+003, 1.102418e+003,-1.915932e+003, 3.323790e+001, 6.645207e+000,-1.662482e+003, 0.000000e+000, 0.000000e+000, 0.000000e+000
 4.478000e-001, 1.855214e+003,-3.324045e+003, 1.043372e+003,-1.854771e+003, 3.423756e+001, 3.952748e+000,-1.597740e+003, 0.000000e+000, 0.000000e+000, 0.000000e+000
 4.478500e-001, 1.897540e+003,-3.309756e+003, 9.802693e+002,-1.792956e+003, 3.523337e+001, 1.267011e+000,-1.532909e+003, 0.000000e+000, 0.000000e+000, 0.000000e+000
 4.479000e-001, 1.937267e+003,-3.293917e+003, 9.206394e+002,-1.730501e+003, 3.622067e+001,-1.420119e+000,-1.467056e+003, 0.000000e+000, 0.000000e+000, 0.000000e+000
 4.479500e-001, 1.978329e+003,-3.277324e+003, 8.567569e+002,-1.667437e+003, 3.720197e+001,-4.100686e+000,-1.401161e+003, 0.000000e+000, 0.000000e+000, 0.000000e+000
 4.480000e-001, 2.016573e+003,-3.259102e+003, 7.965925e+002,-1.603778e+003, 3.817359e+001,-6.780270e+000,-1.334289e+003, 0.000000e+000, 0.000000e+000, 0.000000e+000
 4.480500e-001, 2.056315e+003,-3.240213e+003, 7.320578e+002,-1.539555e+003, 3.913699e+001,-9.453563e+000,-1.267422e+003, 0.000000e+000, 0.000000e+000, 0.000000e+000
 4.481000e-001, 2.093020e+003,-3.219647e+003, 6.714075e+002,-1.474784e+003, 4.008948e+001,-1.212348e+001,-1.199624e+003, 0.000000e+000, 0.000000e+000, 0.000000e+000
 4.481500e-001, 2.131388e+003,-3.198474e+003, 6.063502e+002,-1.409495e+003, 4.103148e+001,-1.478744e+001,-1.131878e+003, 0.000000e+000, 0.000000e+000, 0.000000e+000
 4.482000e-001, 2.166497e+003,-3.175608e+003, 5.452625e+002,-1.343705e+003, 4.196131e+001,-1.744564e+001,-1.063248e+003, 0.000000e+000, 0.000000e+000, 0.000000e+000
 4.482500e-001, 2.203442e+003,-3.152166e+003, 4.798132e+002,-1.277443e+003, 4.287834e+001,-2.009826e+001,-9.947188e+002, 0.000000e+000, 0.000000e+000, 0.000000e+000
 4.483000e-001, 2.236900e+003,-3.127046e+003, 4.183368e+002,-1.210728e+003, 4.378188e+001,-2.274273e+001,-9.253527e+002, 0.000000e+000, 0.000000e+000, 0.000000e+000
 4.483500e-001, 2.272372e+003,-3.101355e+003, 3.526262e+002,-1.143589e+003, 4.467034e+001,-2.538199e+001,-8.561347e+002, 0.000000e+000, 0.000000e+000, 0.000000e+000
 4.484000e-001, 2.304127e+003,-3.074029e+003, 2.908112e+002,-1.076043e+003, 4.554393e+001,-2.801076e+001,-7.861294e+002, 0.000000e+000, 0.000000e+000, 0.000000e+000
 4.484500e-001, 2.338080e+003,-3.046113e+003, 2.249691e+002,-1.008123e+003, 4.640022e+001,-3.063463e+001,-7.163197e+002, 0.000000e+000, 0.000000e+000, 0.000000e+000
 4.485000e-001, 2.368084e+003,-3.016631e+003, 1.628676e+002,-9.398450e+002, 4.724020e+001,-3.324571e+001,-6.457729e+002, 0.000000e+000, 0.000000e+000, 0.000000e+000
 4.485500e-001, 2.400472e+003,-2.986519e+003, 9.702179e+001,-8.712405e+002, 4.806073e+001,-3.585212e+001,-5.754693e+002, 0.000000e+000, 0.000000e+000, 0.000000e+000
 4.486000e-001, 2.428677e+003,-2.954934e+003, 3.468854e+001,-8.023271e+002, 4.886347e+001,-3.844352e+001,-5.044797e+002, 0.000000e+000, 0.000000e+000, 0.000000e+000
 4.486500e-001, 2.459458e+003,-2.922659e+003,-3.103586e+001,-7.331364e+002, 4.964472e+001,-4.103033e+001,-4.337808e+002, 0.000000e+000, 0.000000e+000, 0.000000e+000
 4.487000e-001, 2.485821e+003,-2.889023e+003,-9.354276e+001,-6.636860e+002, 5.040668e+001,-4.360001e+001,-3.624478e+002, 0.000000e+000, 0.000000e+000, 0.000000e+000
 4.487500e-001, 2.514953e+003,-2.854626e+003,-1.590244e+002,-5.940078e+002, 5.114523e+001,-4.616500e+001,-2.914528e+002, 0.000000e+000, 0.000000e+000, 0.000000e+000
 4.488000e-001, 2.539434e+003,-2.818991e+003,-2.216429e+002,-5.241194e+002, 5.186296e+001,-4.871083e+001,-2.198765e+002, 0.000000e+000, 0.000000e+000, 0.000000e+000
 4.488500e-001, 2.566876e+003,-2.782518e+003,-2.867651e+002,-4.540530e+002, 5.255553e+001,-5.125169e+001,-1.486853e+002, 0.000000e+000, 0.000000e+000, 0.000000e+000
 4.489000e-001, 2.589440e+003,-2.744938e+003,-3.494287e+002,-3.838263e+002, 5.322574e+001,-5.377148e+001,-7.696619e+001, 0.000000e+000, 0.000000e+000, 0.000000e+000
 4.489500e-001, 2.615152e+003,-2.706440e+003,-4.140796e+002,-3.134712e+002, 5.386922e+001,-5.628580e+001,-5.679100e+000, 0.000000e+000, 0.000000e+000, 0.000000e+000
 4.490000e-001, 2.635769e+003,-2.666968e+003,-4.767172e+002,-2.430061e+002, 5.448880e+001,-5.877723e+001, 6.608193e+001, 0.000000e+000, 0.000000e+000, 0.000000e+000
 4.490500e-001, 2.659710e+003,-2.626501e+003,-5.407908e+002,-1.724624e+002, 5.508028e+001,-6.126245e+001, 1.373642e+002, 0.000000e+000, 0.000000e+000, 0.000000e+000
 4.491000e-001, 2.678354e+003,-2.585192e+003,-6.033262e+002,-1.018591e+002, 5.564637e+001,-6.372310e+001, 2.090661e+002, 0.000000e+000, 0.000000e+000, 0.000000e+000
 4.491500e-001, 2.700486e+003,-2.542819e+003,-6.667224e+002,-3.122695e+001, 5.618319e+001,-6.617655e+001, 2.802428e+002, 0.000000e+000, 0.000000e+000, 0.000000e+000
 4.492000e-001, 2.717135e+003,-2.499727e+003,-7.290744e+002, 3.941444e+001, 5.669316e+001,-6.860387e+001, 3.517842e+002, 0.000000e+000, 0.000000e+000, 0.000000e+000
 4.492500e-001, 2.737419e+003,-2.455514e+003,-7.916994e+002, 1.100349e+002, 5.717292e+001,-7.102273e+001, 4.227543e+002, 0.000000e+000, 0.000000e+000, 0.000000e+000
 4.493000e-001, 2.752058e+003,-2.410693e+003,-8.537818e+002, 1.806141e+002, 5.762445e+001,-7.341402e+001, 4.940342e+002, 0.000000e+000, 0.000000e+000, 0.000000e+000
 4.493500e-001, 2.770454e+003,-2.364714e+003,-9.155484e+002, 2.511227e+002, 5.804506e+001,-7.579534e+001, 5.646970e+002, 0.000000e+000, 0.000000e+000, 0.000000e+000
 4.494000e-001, 2.783073e+003,-2.318219e+003,-9.772701e+002, 3.215397e+002, 5.843615e+001,-7.814777e+001, 6.356143e+002, 0.000000e+000, 0.000000e+000, 0.000000e+000
 4.494500e-001, 2.799544e+003,-2.270550e+003,-1.038097e+003, 3.918368e+002, 5.879584e+001,-8.048846e+001, 7.058692e+002, 0.000000e+000, 0.000000e+000, 0.000000e+000
 4.495000e-001, 2.810138e+003,-2.222437e+003,-1.099363e+003, 4.619919e+002, 5.912482e+001,-8.279906e+001, 7.763233e+002, 0.000000e+000, 0.000000e+000, 0.000000e+000
 4.495500e-001, 2.824644e+003,-2.173159e+003,-1.159176e+003, 5.319781e+002, 5.942217e+001,-8.509588e+001, 8.460700e+002, 0.000000e+000, 0.000000e+000, 0.000000e+000
 4.496000e-001, 2.833214e+003,-2.123483e+003,-1.219885e+003, 6.017720e+002, 5.968777e+001,-8.736152e+001, 9.159608e+002, 0.000000e+000, 0.000000e+000, 0.000000e+000
 4.496500e-001, 2.845718e+003,-2.072682e+003,-1.278616e+003, 6.713484e+002, 5.992171e+001,-8.961114e+001, 9.850995e+002, 0.000000e+000, 0.000000e+000, 0.000000e+000
 4.497000e-001, 2.852268e+003,-2.021502e+003,-1.338666e+003, 7.406825e+002, 6.012302e+001,-9.182855e+001, 1.054327e+003, 0.000000e+000, 0.000000e+000, 0.000000e+000
 4.497500e-001, 2.862733e+003,-1.969264e+003,-1.396250e+003, 8.097508e+002, 6.029289e+001,-9.402750e+001, 1.122759e+003, 0.000000e+000, 0.000000e+000, 0.000000e+000
 4.498000e-001, 2.867274e+003,-1.916639e+003,-1.455535e+003, 8.785272e+002, 6.042941e+001,-9.619332e+001, 1.191225e+003, 0.000000e+000, 0.000000e+000, 0.000000e+000
 4.498500e-001, 2.875666e+003,-1.863056e+003,-1.511916e+003, 9.469900e+002, 6.053491e+001,-9.833804e+001, 1.258852e+003, 0.000000e+000, 0.000000e+000, 0.000000e+000
 4.499000e-001, 2.878211e+003,-1.809046e+003,-1.570326e+003, 1.015112e+003, 6.060654e+001,-1.004488e+002, 1.326458e+003, 0.000000e+000, 0.000000e+000, 0.000000e+000
 4.499500e-001, 2.884495e+003,-1.754209e+003,-1.625451e+003, 1.082872e+003, 6.064776e+001,-1.025356e+002, 1.393183e+003, 0.000000e+000, 0.000000e+000, 0.000000e+000
 4.500000e-001, 2.885064e+003,-1.698877e+003,-1.682877e+003, 1.150243e+003, 6.065482e+001,-1.045876e+002, 1.459833e+003, 0.000000e+000, 0.000000e+000, 0.000000e+000
 4.500500e-001, 2.889208e+003,-1.642881e+003,-1.736695e+003, 1.217206e+003, 6.063224e+001,-1.066129e+002, 1.525558e+003, 0.000000e+000, 0.000000e+000, 0.000000e+000
 4.501000e-001, 2.887822e+003,-1.586293e+003,-1.793028e+003, 1.283732e+003, 6.057543e+001,-1.086025e+002, 1.591156e+003, 0.000000e+000, 0.000000e+000, 0.000000e+000
 4.501500e-001, 2.889799e+003,-1.529231e+003,-1.845493e+003, 1.349803e+003, 6.048993e+001,-1.105623e+002, 1.655788e+003, 0.000000e+000, 0.000000e+000, 0.000000e+000
 4.502000e-001, 2.886481e+003,-1.471456e+003,-1.900622e+003, 1.415389e+003, 6.037035e+001,-1.124858e+002, 1.720240e+003, 0.000000e+000, 0.000000e+000, 0.000000e+000
 4.502500e-001, 2.886264e+003,-1.413423e+003,-1.951692e+003, 1.480475e+003, 6.022315e+001,-1.143765e+002, 1.783684e+003, 0.000000e+000, 0.000000e+000, 0.000000e+000
 4.503000e-001, 2.881043e+003,-1.354532e+003,-2.005508e+003, 1.545029e+003, 6.004229e+001,-1.162301e+002, 1.846897e+003, 0.000000e+000, 0.000000e+000, 0.000000e+000
 4.503500e-001, 2.878611e+003,-1.295622e+003,-2.055140e+003, 1.609039e+003, 5.983500e+001,-1.180478e+002, 1.909062e+003, 0.000000e+000, 0.000000e+000, 0.000000e+000
 4.504000e-001, 2.871514e+003,-1.235690e+003,-2.107538e+003, 1.672470e+003, 5.959467e+001,-1.198276e+002, 1.970945e+003, 0.000000e+000, 0.000000e+000, 0.000000e+000
 4.504500e-001, 2.866850e+003,-1.175996e+003,-2.155692e+003, 1.735314e+003, 5.932920e+001,-1.215686e+002, 2.031741e+003, 0.000000e+000, 0.000000e+000, 0.000000e+000
 4.505000e-001, 2.857907e+003,-1.115102e+003,-2.206567e+003, 1.797534e+003, 5.903160e+001,-1.232708e+002, 2.092203e+003, 0.000000e+000, 0.000000e+000, 0.000000e+000
 4.505500e-001, 2.850999e+003,-1.054716e+003,-2.253205e+003, 1.859122e+003, 5.871017e+001,-1.249313e+002, 2.151542e+003, 0.000000e+000, 0.000000e+000, 0.000000e+000
 4.506000e-001, 2.840241e+003,-9.929426e+002,-2.302458e+003, 1.920043e+003, 5.835775e+001,-1.265521e+002, 2.210497e+003, 0.000000e+000, 0.000000e+000, 0.000000e+000
 4.506500e-001, 2.831082e+003,-9.319545e+002,-2.347538e+003, 1.980290e+003, 5.798289e+001,-1.281284e+002, 2.268291e+003, 0.000000e+000, 0.000000e+000, 0.000000e+000
 4.507000e-001, 2.818538e+003,-8.693878e+002,-2.395075e+003, 2.039826e+003, 5.757838e+001,-1.296640e+002, 2.325655e+003, 0.000000e+000, 0.000000e+000, 0.000000e+000
 4.507500e-001, 2.807128e+003,-8.078852e+002,-2.438558e+003, 2.098646e+003, 5.715282e+001,-1.311526e+002, 2.381820e+003, 0.000000e+000, 0.000000e+000, 0.000000e+000
 4.508000e-001, 2.792829e+003,-7.446158e+002,-2.484288e+003, 2.156714e+003, 5.669919e+001,-1.325994e+002, 2.437508e+003, 0.000000e+000, 0.000000e+000, 0.000000e+000
 4.508500e-001, 2.779173e+003,-6.826840e+002,-2.526133e+003, 2.214026e+003, 5.622590e+001,-1.339966e+002, 2.491962e+003, 0.000000e+000, 0.000000e+000, 0.000000e+000
 4.509000e-001, 2.763148e+003,-6.188065e+002,-2.569972e+003, 2.270544e+003, 5.572631e+001,-1.353511e+002, 2.545895e+003, 0.000000e+000, 0.000000e+000, 0.000000e+000
 4.509500e-001, 2.747259e+003,-5.565282e+002,-2.610137e+003, 2.326266e+003, 5.520841e+001,-1.366536e+002, 2.598559e+003, 0.000000e+000, 0.000000e+000, 0.000000e+000
 4.510000e-001, 2.729536e+003,-4.921408e+002,-2.652008e+003, 2.381155e+003, 5.466617e+001,-1.379123e+002, 2.650656e+003, 0.000000e+000, 0.000000e+000, 0.000000e+000
 4.510500e-001, 2.711432e+003,-4.295959e+002,-2.690449e+003, 2.435209e+003, 5.410691e+001,-1.391169e+002, 2.701453e+003, 0.000000e+000, 0.000000e+000, 0.000000e+000
 4.511000e-001, 2.692040e+003,-3.648004e+002,-2.730281e+003, 2.488391e+003, 5.352542e+001,-1.402764e+002, 2.751641e+003, 0.000000e+000, 0.000000e+000, 0.000000e+000
 4.511500e-001, 2.671746e+003,-3.020662e+002,-2.766953e+003, 2.540701e+003, 5.292817e+001,-1.413799e+002, 2.800497e+003, 0.000000e+000, 0.000000e+000, 0.000000e+000
 4.512000e-001, 2.650711e+003,-2.369679e+002,-2.804681e+003, 2.592103e+003, 5.231091e+001,-1.424372e+002, 2.848702e+003, 0.000000e+000, 0.000000e+000, 0.000000e+000
 4.512500e-001, 2.628260e+003,-1.741189e+002,-2.839538e+003, 2.642596e+003, 5.167902e+001,-1.434368e+002, 2.895544e+003, 0.000000e+000, 0.000000e+000, 0.000000e+000
 4.513000e-001, 2.605606e+003,-1.088260e+002,-2.875104e+003, 2.692144e+003, 5.102948e+001,-1.443888e+002, 2.941697e+003, 0.000000e+000, 0.000000e+000, 0.000000e+000
 4.513500e-001, 2.581037e+003,-4.593404e+001,-2.908098e+003, 2.740749e+003, 5.036638e+001,-1.452817e+002, 2.986458e+003, 0.000000e+000, 0.000000e+000, 0.000000e+000
 4.514000e-001, 2.556788e+003, 1.944254e+001,-2.941453e+003, 2.788374e+003, 4.968802e+001,-1.461258e+002, 3.030491e+003, 0.000000e+000, 0.000000e+000, 0.000000e+000
 4.514500e-001, 2.530146e+003, 8.230785e+001,-2.972533e+003, 2.835021e+003, 4.899707e+001,-1.469096e+002, 3.073104e+003, 0.000000e+000, 0.000000e+000, 0.000000e+000
 4.515000e-001, 2.504326e+003, 1.476552e+002,-3.003634e+003, 2.880657e+003, 4.829328e+001,-1.476432e+002, 3.114955e+003, 0.000000e+000, 0.000000e+000, 0.000000e+000
 4.515500e-001, 2.475663e+003, 2.104264e+002,-3.032750e+003, 2.925281e+003, 4.757775e+001,-1.483155e+002, 3.155359e+003, 0.000000e+000, 0.000000e+000, 0.000000e+000
 4.516000e-001, 2.448294e+003, 2.756301e+002,-3.061559e+003, 2.968864e+003, 4.685184e+001,-1.489363e+002, 3.194966e+003, 0.000000e+000, 0.000000e+000, 0.000000e+000
 4.516500e-001, 2.417666e+003, 3.382413e+002,-3.088660e+003, 3.011402e+003, 4.611492e+001,-1.494952e+002, 3.233101e+003, 0.000000e+000, 0.000000e+000, 0.000000e+000
 4.517000e-001, 2.388770e+003, 4.031860e+002,-3.115147e+003, 3.052869e+003, 4.537001e+001,-1.500011e+002, 3.270407e+003, 0.000000e+000, 0.000000e+000, 0.000000e+000
 4.517500e-001, 2.356240e+003, 4.655728e+002,-3.140182e+003, 3.093261e+003, 4.461473e+001,-1.504448e+002, 3.306218e+003, 0.000000e+000, 0.000000e+000, 0.000000e+000
 4.518000e-001, 2.325839e+003, 5.301428e+002,-3.164324e+003, 3.132554e+003, 4.385380e+001,-1.508342e+002, 3.341170e+003, 0.000000e+000, 0.000000e+000, 0.000000e+000
 4.518500e-001, 2.291473e+003, 5.922417e+002,-3.187241e+003, 3.170744e+003, 4.308303e+001,-1.511610e+002, 3.374605e+003, 0.000000e+000, 0.000000e+000, 0.000000e+000
 4.519000e-001, 2.259590e+003, 6.563215e+002,-3.209019e+003, 3.207807e+003, 4.230884e+001,-1.514324e+002, 3.407153e+003, 0.000000e+000, 0.000000e+000, 0.000000e+000
 4.519500e-001, 2.223459e+003, 7.180696e+002,-3.229767e+003, 3.243740e+003, 4.152523e+001,-1.516412e+002, 3.438162e+003, 0.000000e+000, 0.000000e+000, 0.000000e+000
 4.520000e-001, 2.190118e+003, 7.815452e+002,-3.249169e+003, 3.278521e+003, 4.074030e+001,-1.517934e+002, 3.468259e+003, 0.000000e+000, 0.000000e+000, 0.000000e+000
 4.520500e-001, 2.152296e+003, 8.428792e+002,-3.267700e+003, 3.312146e+003, 3.994630e+001,-1.518831e+002, 3.496799e+003, 0.000000e+000, 0.000000e+000, 0.000000e+000
 4.521000e-001, 2.117522e+003, 9.056381e+002,-3.284716e+003, 3.344595e+003, 3.915290e+001,-1.519152e+002, 3.524402e+003, 0.000000e+000, 0.000000e+000, 0.000000e+000
 4.521500e-001, 2.078087e+003, 9.664945e+002,-3.300983e+003, 3.375865e+003, 3.835070e+001,-1.518853e+002, 3.550430e+003, 0.000000e+000, 0.000000e+000, 0.000000e+000
 4.522000e-001, 2.041906e+003, 1.028427e+003,-3.315609e+003, 3.405937e+003, 3.755085e+001,-1.517967e+002, 3.575501e+003, 0.000000e+000, 0.000000e+000, 0.000000e+000
 4.522500e-001, 2.000937e+003, 1.088741e+003,-3.329568e+003, 3.434806e+003, 3.674239e+001,-1.516467e+002, 3.598981e+003, 0.000000e+000, 0.000000e+000, 0.000000e+000
 4.523000e-001, 1.963379e+003, 1.149740e+003,-3.341804e+003, 3.462457e+003, 3.593779e+001,-1.514372e+002, 3.621484e+003, 0.000000e+000, 0.000000e+000, 0.000000e+000
 4.523500e-001, 1.920957e+003, 1.209446e+003,-3.353414e+003, 3.488884e+003, 3.512475e+001,-1.511670e+002, 3.642382e+003, 0.000000e+000, 0.000000e+000, 0.000000e+000
 4.524000e-001, 1.882053e+003, 1.269408e+003,-3.363262e+003, 3.514076e+003, 3.431686e+001,-1.508367e+002, 3.662286e+003, 0.000000e+000, 0.000000e+000, 0.000000e+000
 4.524500e-001, 1.838261e+003, 1.328438e+003,-3.372485e+003, 3.538023e+003, 3.350063e+001,-1.504465e+002, 3.680572e+003, 0.000000e+000, 0.000000e+000, 0.000000e+000
 4.525000e-001, 1.798046e+003, 1.387266e+003,-3.379951e+003, 3.560718e+003, 3.269060e+001,-1.499958e+002, 3.697849e+003, 0.000000e+000, 0.000000e+000, 0.000000e+000
 4.525500e-001, 1.752967e+003, 1.445549e+003,-3.386755e+003, 3.582151e+003, 3.187233e+001,-1.494861e+002, 3.713498e+003, 0.000000e+000, 0.000000e+000, 0.000000e+000
 4.526000e-001, 1.711479e+003, 1.503148e+003,-3.391845e+003, 3.602317e+003, 3.106102e+001,-1.489157e+002, 3.728125e+003, 0.000000e+000, 0.000000e+000, 0.000000e+000
 4.526500e-001, 1.665195e+003, 1.560613e+003,-3.396203e+003, 3.621205e+003, 3.024156e+001,-1.482873e+002, 3.741114e+003, 0.000000e+000, 0.000000e+000, 0.000000e+000
 4.527000e-001, 1.622475e+003, 1.616896e+003,-3.398925e+003, 3.638812e+003, 2.942957e+001,-1.475983e+002, 3.753072e+003, 0.000000e+000, 0.000000e+000, 0.000000e+000
 4.527500e-001, 1.575072e+003, 1.673466e+003,-3.400815e+003, 3.655127e+003, 2.860953e+001,-1.468524e+002, 3.763384e+003, 0.000000e+000, 0.000000e+000, 0.000000e+000
 4.528000e-001, 1.531165e+003, 1.728350e+003,-3.401180e+003, 3.670149e+003, 2.779718e+001,-1.460461e+002, 3.772657e+003, 0.000000e+000, 0.000000e+000, 0.000000e+000
 4.528500e-001, 1.482724e+003, 1.783947e+003,-3.400585e+003, 3.683868e+003, 2.697691e+001,-1.451842e+002, 3.780279e+003, 0.000000e+000, 0.000000e+000, 0.000000e+000
 4.529000e-001, 1.437679e+003, 1.837356e+003,-3.398603e+003, 3.696283e+003, 2.616429e+001,-1.442624e+002, 3.786856e+003, 0.000000e+000, 0.000000e+000, 0.000000e+000
 4.529500e-001, 1.388282e+003, 1.891900e+003,-3.395513e+003, 3.707385e+003, 2.534391e+001,-1.432861e+002, 3.791776e+003, 0.000000e+000, 0.000000e+000, 0.000000e+000
 4.530000e-001, 1.342151e+003, 1.943764e+003,-3.391195e+003, 3.717174e+003, 2.453087e+001,-1.422507e+002, 3.795649e+003, 0.000000e+000, 0.000000e+000, 0.000000e+000
 4.530500e-001, 1.291881e+003, 1.997170e+003,-3.385608e+003, 3.725642e+003, 2.371029e+001,-1.411622e+002, 3.797863e+003, 0.000000e+000, 0.000000e+000, 0.000000e+000
 4.531000e-001, 1.244719e+003, 2.047426e+003,-3.378965e+003, 3.732791e+003, 2.289646e+001,-1.400156e+002, 3.799030e+003, 0.000000e+000, 0.000000e+000, 0.000000e+000
 4.531500e-001, 1.193656e+003, 2.099607e+003,-3.370883e+003, 3.738611e+003, 2.207538e+001,-1.388172e+002, 3.798534e+003, 0.000000e+000, 0.000000e+000, 0.000000e+000
 4.532000e-001, 1.145524e+003, 2.148198e+003,-3.361927e+003, 3.743108e+003, 2.126024e+001,-1.375619e+002, 3.796995e+003, 0.000000e+000, 0.000000e+000, 0.000000e+000
 4.532500e-001, 1.093748e+003, 2.199065e+003,-3.351361e+003, 3.746272e+003, 2.043819e+001,-1.362562e+002, 3.793793e+003, 0.000000e+000, 0.000000e+000, 0.000000e+000
 4.533000e-001, 1.044706e+003, 2.245939e+003,-3.340104e+003, 3.748110e+003, 1.962104e+001,-1.348951e+002, 3.789551e+003, 0.000000e+000, 0.000000e+000, 0.000000e+000
 4.533500e-001, 9.922964e+002, 2.295401e+003,-3.327070e+003, 3.748611e+003, 1.879738e+001,-1.334851e+002, 3.783649e+003, 0.000000e+000, 0.000000e+000, 0.000000e+000
 4.534000e-001, 9.424113e+002, 2.340515e+003,-3.313522e+003, 3.747785e+003, 1.797742e+001,-1.320214e+002, 3.776714e+003, 0.000000e+000, 0.000000e+000, 0.000000e+000
 4.534500e-001, 8.894457e+002, 2.388478e+003,-3.298044e+003, 3.745623e+003, 1.715140e+001,-1.305102e+002, 3.768121e+003, 0.000000e+000, 0.000000e+000, 0.000000e+000
 4.535000e-001, 8.387851e+002, 2.431792e+003,-3.282219e+003, 3.742133e+003, 1.632769e+001,-1.289473e+002, 3.758505e+003, 0.000000e+000, 0.000000e+000, 0.000000e+000
 4.535500e-001, 7.853410e+002, 2.478163e+003,-3.264327e+003, 3.737309e+003, 1.549845e+001,-1.273383e+002, 3.747235e+003, 0.000000e+000, 0.000000e+000, 0.000000e+000
 4.536000e-001, 7.339756e+002, 2.519643e+003,-3.246236e+003, 3.731159e+003, 1.467001e+001,-1.256798e+002, 3.734954e+003, 0.000000e+000, 0.000000e+000, 0.000000e+000
 4.536500e-001, 6.801297e+002, 2.564328e+003,-3.225966e+003, 3.723678e+003, 1.383662e+001,-1.239767e+002, 3.721025e+003, 0.000000e+000, 0.000000e+000, 0.000000e+000
 4.537000e-001, 6.281321e+002, 2.603944e+003,-3.205623e+003, 3.714876e+003, 1.300242e+001,-1.222265e+002, 3.706099e+003, 0.000000e+000, 0.000000e+000, 0.000000e+000
 4.537500e-001, 5.739604e+002, 2.646850e+003,-3.183017e+003, 3.704748e+003, 1.216389e+001,-1.204331e+002, 3.689532e+003, 0.000000e+000, 0.000000e+000, 0.000000e+000
 4.538000e-001, 5.214050e+002, 2.684578e+003,-3.160436e+003, 3.693305e+003, 1.132288e+001,-1.185951e+002, 3.671984e+003, 0.000000e+000, 0.000000e+000, 0.000000e+000
 4.538500e-001, 4.669831e+002, 2.725610e+003,-3.135542e+003, 3.680543e+003, 1.047821e+001,-1.167155e+002, 3.652804e+003, 0.000000e+000, 0.000000e+000, 0.000000e+000
 4.539000e-001, 4.139461e+002, 2.761428e+003,-3.110737e+003, 3.666475e+003, 9.629356e+000,-1.147939e+002, 3.632662e+003, 0.000000e+000, 0.000000e+000, 0.000000e+000
 4.539500e-001, 3.593491e+002, 2.800499e+003,-3.083608e+003, 3.651096e+003, 8.777526e+000,-1.128323e+002, 3.610898e+003, 0.000000e+000, 0.000000e+000, 0.000000e+000
 4.540000e-001, 3.059077e+002, 2.834387e+003,-3.056597e+003, 3.634420e+003, 7.919852e+000,-1.108316e+002, 3.588193e+003, 0.000000e+000, 0.000000e+000, 0.000000e+000
 4.540500e-001, 2.512103e+002, 2.871407e+003,-3.027290e+003, 3.616446e+003, 7.059882e+000,-1.087922e+002, 3.563877e+003, 0.000000e+000, 0.000000e+000, 0.000000e+000
 4.541000e-001, 1.974427e+002, 2.903350e+003,-2.998092e+003, 3.597186e+003, 6.192461e+000,-1.067167e+002, 3.538642e+003, 0.000000e+000, 0.000000e+000, 0.000000e+000
 4.541500e-001, 1.427194e+002, 2.938236e+003,-2.966667e+003, 3.576640e+003, 5.323420e+000,-1.046041e+002, 3.511811e+003, 0.000000e+000, 0.000000e+000, 0.000000e+000
 4.542000e-001, 8.870465e+001, 2.968217e+003,-2.935305e+003, 3.554823e+003, 4.445420e+000,-1.024583e+002, 3.484085e+003, 0.000000e+000, 0.000000e+000, 0.000000e+000
 4.542500e-001, 3.402963e+001, 3.000891e+003,-2.901828e+003, 3.531734e+003, 3.566450e+000,-1.002770e+002, 3.454777e+003, 0.000000e+000, 0.000000e+000, 0.000000e+000
 4.543000e-001,-2.015277e+001, 3.028895e+003,-2.868325e+003, 3.507390e+003, 2.677150e+000,-9.806554e+001, 3.424601e+003, 0.000000e+000, 0.000000e+000, 0.000000e+000
 4.543500e-001,-7.470576e+001, 3.059283e+003,-2.832863e+003, 3.481791e+003, 1.787491e+000,-9.582021e+001, 3.392859e+003, 0.000000e+000, 0.000000e+000, 0.000000e+000
 4.544000e-001,-1.289758e+002, 3.085294e+003,-2.797250e+003, 3.454953e+003, 8.863040e-001,-9.354759e+001, 3.360277e+003, 0.000000e+000, 0.000000e+000, 0.000000e+000
 4.544500e-001,-1.833334e+002, 3.113330e+003,-2.759871e+003, 3.426879e+003,-1.468586e-002,-9.124282e+001, 3.326147e+003, 0.000000e+000, 0.000000e+000, 0.000000e+000
 4.545000e-001,-2.376109e+002, 3.137333e+003,-2.722180e+003, 3.397586e+003,-9.281976e-001,-8.891368e+001, 3.291207e+003, 0.000000e+000, 0.000000e+000, 0.000000e+000
 4.545500e-001,-2.917000e+002, 3.162956e+003,-2.682956e+003, 3.367077e+003,-1.841021e+000,-8.655411e+001, 3.254738e+003, 0.000000e+000, 0.000000e+000, 0.000000e+000
 4.546000e-001,-3.459046e+002, 3.184933e+003,-2.643224e+003, 3.335370e+003,-2.767127e+000,-8.417301e+001, 3.217491e+003, 0.000000e+000, 0.000000e+000, 0.000000e+000
 4.546500e-001,-3.996530e+002, 3.208093e+003,-2.602227e+003, 3.302469e+003,-3.692131e+000,-8.176326e+001, 3.178735e+003, 0.000000e+000, 0.000000e+000, 0.000000e+000
 4.547000e-001,-4.537043e+002, 3.228024e+003,-2.560497e+003, 3.268393e+003,-4.630918e+000,-7.933472e+001, 3.139235e+003, 0.000000e+000, 0.000000e+000, 0.000000e+000
 4.547500e-001,-5.070401e+002, 3.248676e+003,-2.517797e+003, 3.233147e+003,-5.568271e+000,-7.687935e+001, 3.098247e+003, 0.000000e+000, 0.000000e+000, 0.000000e+000
 4.548000e-001,-5.608577e+002, 3.266541e+003,-2.474118e+003, 3.196751e+003,-6.519631e+000,-7.440780e+001, 3.056551e+003, 0.000000e+000, 0.000000e+000, 0.000000e+000
 4.548500e-001,-6.137101e+002, 3.284650e+003,-2.429788e+003, 3.159210e+003,-7.469313e+000,-7.191129e+001, 3.013390e+003, 0.000000e+000, 0.000000e+000, 0.000000e+000
 4.549000e-001,-6.672136e+002, 3.300425e+003,-2.384213e+003, 3.120544e+003,-8.432932e+000,-6.940106e+001, 2.969557e+003, 0.000000e+000, 0.000000e+000, 0.000000e+000
 4.549500e-001,-7.195129e+002, 3.315965e+003,-2.338323e+003, 3.080762e+003,-9.394715e+000,-6.686781e+001, 2.924284e+003, 0.000000e+000, 0.000000e+000, 0.000000e+000
 4.550000e-001,-7.726218e+002, 3.329623e+003,-2.290911e+003, 3.039884e+003,-1.037006e+001,-6.432311e+001, 2.878377e+003, 0.000000e+000, 0.000000e+000, 0.000000e+000
 4.550500e-001,-8.242992e+002, 3.342578e+003,-2.243532e+003, 2.997917e+003,-1.134350e+001,-6.175739e+001, 2.831056e+003, 0.000000e+000, 0.000000e+000, 0.000000e+000
 4.551000e-001,-8.769332e+002, 3.354090e+003,-2.194350e+003, 2.954884e+003,-1.232982e+001,-5.918229e+001, 2.783139e+003, 0.000000e+000, 0.000000e+000, 0.000000e+000
 4.551500e-001,-9.279216e+002, 3.364451e+003,-2.145551e+003, 2.910794e+003,-1.331424e+001,-5.658820e+001, 2.733837e+003, 0.000000e+000, 0.000000e+000, 0.000000e+000
 4.552000e-001,-9.800006e+002, 3.373787e+003,-2.094669e+003, 2.865668e+003,-1.431056e+001,-5.398664e+001, 2.683979e+003, 0.000000e+000, 0.000000e+000, 0.000000e+000
 4.552500e-001,-1.030234e+003, 3.381555e+003,-2.044517e+003, 2.819517e+003,-1.530504e+001,-5.136816e+001, 2.632765e+003, 0.000000e+000, 0.000000e+000, 0.000000e+000
 4.553000e-001,-1.081678e+003, 3.388681e+003,-1.992013e+003, 2.772363e+003,-1.631014e+001,-4.874388e+001, 2.581036e+003, 0.000000e+000, 0.000000e+000, 0.000000e+000
 4.553500e-001,-1.131092e+003, 3.393867e+003,-1.940574e+003, 2.724218e+003,-1.731352e+001,-4.610481e+001, 2.527981e+003, 0.000000e+000, 0.000000e+000, 0.000000e+000
 4.554000e-001,-1.181821e+003, 3.398749e+003,-1.886531e+003, 2.675103e+003,-1.832596e+001,-4.346141e+001, 2.474454e+003, 0.000000e+000, 0.000000e+000, 0.000000e+000
 4.554500e-001,-1.230354e+003, 3.401368e+003,-1.833870e+003, 2.625033e+003,-1.933682e+001,-4.080535e+001, 2.419633e+003, 0.000000e+000, 0.000000e+000, 0.000000e+000
 4.555000e-001,-1.280289e+003, 3.403970e+003,-1.778377e+003, 2.574030e+003,-2.035493e+001,-3.814623e+001, 2.364383e+003, 0.000000e+000, 0.000000e+000, 0.000000e+000
 4.555500e-001,-1.327879e+003, 3.404049e+003,-1.724557e+003, 2.522108e+003,-2.137160e+001,-3.547662e+001, 2.307873e+003, 0.000000e+000, 0.000000e+000, 0.000000e+000
 4.556000e-001,-1.376941e+003, 3.404336e+003,-1.667706e+003, 2.469288e+003,-2.239346e+001,-3.280502e+001, 2.250977e+003, 0.000000e+000, 0.000000e+000, 0.000000e+000
 4.556500e-001,-1.423530e+003, 3.401905e+003,-1.612789e+003, 2.415588e+003,-2.341404e+001,-3.012510e+001, 2.192856e+003, 0.000000e+000, 0.000000e+000, 0.000000e+000
 4.557000e-001,-1.471640e+003, 3.399842e+003,-1.554680e+003, 2.361030e+003,-2.443752e+001,-2.744408e+001, 2.134394e+003, 0.000000e+000, 0.000000e+000, 0.000000e+000
 4.557500e-001,-1.517171e+003, 3.394939e+003,-1.498726e+003, 2.305629e+003,-2.545982e+001,-2.475689e+001, 2.074744e+003, 0.000000e+000, 0.000000e+000, 0.000000e+000
 4.558000e-001,-1.564251e+003, 3.390491e+003,-1.439460e+003, 2.249410e+003,-2.648259e+001,-2.206934e+001, 2.014797e+003, 0.000000e+000, 0.000000e+000, 0.000000e+000
 4.558500e-001,-1.608670e+003, 3.383159e+003,-1.382531e+003, 2.192389e+003,-2.750419e+001,-1.937775e+001, 1.953700e+003, 0.000000e+000, 0.000000e+000, 0.000000e+000
 4.559000e-001,-1.654644e+003, 3.376297e+003,-1.322213e+003, 2.134590e+003,-2.852369e+001,-1.668639e+001, 1.892353e+003, 0.000000e+000, 0.000000e+000, 0.000000e+000
 4.559500e-001,-1.697897e+003, 3.366581e+003,-1.264370e+003, 2.076031e+003,-2.954196e+001,-1.399310e+001, 1.829894e+003, 0.000000e+000, 0.000000e+000, 0.000000e+000
 4.560000e-001,-1.742689e+003, 3.357276e+003,-1.203108e+003, 2.016735e+003,-3.055544e+001,-1.130052e+001, 1.767231e+003, 0.000000e+000, 0.000000e+000, 0.000000e+000
 4.560500e-001,-1.784726e+003, 3.345227e+003,-1.144410e+003, 1.956723e+003,-3.156751e+001,-8.608052e+000, 1.703498e+003, 0.000000e+000, 0.000000e+000, 0.000000e+000
 4.561000e-001,-1.828261e+003, 3.333455e+003,-1.082313e+003, 1.896016e+003,-3.257206e+001,-5.916692e+000, 1.639607e+003, 0.000000e+000, 0.000000e+000, 0.000000e+000
 4.561500e-001,-1.869032e+003, 3.319124e+003,-1.022824e+003, 1.834637e+003,-3.357484e+001,-3.227437e+000, 1.574688e+003, 0.000000e+000, 0.000000e+000, 0.000000e+000
 4.562000e-001,-1.911239e+003, 3.304868e+003,-9.600033e+002, 1.772607e+003,-3.456737e+001,-5.396274e-001, 1.509658e+003, 0.000000e+000, 0.000000e+000, 0.000000e+000
 4.562500e-001,-1.950696e+003, 3.288308e+003,-8.997855e+002, 1.709949e+003,-3.555764e+001, 2.144162e+000, 1.443643e+003, 0.000000e+000, 0.000000e+000, 0.000000e+000
 4.563000e-001,-1.991503e+003, 3.271555e+003,-8.363515e+002, 1.646684e+003,-3.653492e+001, 4.826190e+000, 1.377565e+003, 0.000000e+000, 0.000000e+000, 0.000000e+000
 4.563500e-001,-2.029601e+003, 3.252818e+003,-7.754702e+002, 1.582837e+003,-3.750925e+001, 7.502369e+000, 1.310546e+003, 0.000000e+000, 0.000000e+000, 0.000000e+000
 4.564000e-001,-2.068940e+003, 3.233564e+003,-7.115336e+002, 1.518429e+003,-3.846795e+001, 1.017646e+001, 1.243511e+003, 0.000000e+000, 0.000000e+000, 0.000000e+000
 4.564500e-001,-2.105634e+003, 3.212703e+003,-6.500565e+002, 1.453486e+003,-3.942280e+001, 1.284297e+001, 1.175582e+003, 0.000000e+000, 0.000000e+000, 0.000000e+000
 4.565000e-001,-2.143440e+003, 3.190951e+003,-5.857262e+002, 1.388027e+003,-4.035948e+001, 1.550703e+001, 1.107684e+003, 0.000000e+000, 0.000000e+000, 0.000000e+000
 4.565500e-001,-2.178686e+003, 3.168017e+003,-5.237237e+002, 1.322080e+003,-4.129121e+001, 1.816187e+001, 1.038939e+003, 0.000000e+000, 0.000000e+000, 0.000000e+000
 4.566000e-001,-2.214896e+003, 3.143778e+003,-4.591071e+002, 1.255664e+003,-4.220237e+001, 2.081382e+001, 9.702733e+002, 0.000000e+000, 0.000000e+000, 0.000000e+000
 4.566500e-001,-2.248653e+003, 3.118818e+003,-3.966530e+002, 1.188807e+003,-4.310726e+001, 2.345504e+001, 9.008077e+002, 0.000000e+000, 0.000000e+000, 0.000000e+000
 4.567000e-001,-2.283208e+003, 3.092115e+003,-3.318549e+002, 1.121530e+003,-4.398939e+001, 2.609284e+001, 8.314700e+002, 0.000000e+000, 0.000000e+000, 0.000000e+000
 4.567500e-001,-2.315433e+003, 3.065174e+003,-2.690264e+002, 1.053860e+003,-4.486369e+001, 2.871848e+001, 7.613812e+002, 0.000000e+000, 0.000000e+000, 0.000000e+000
 4.568000e-001,-2.348276e+003, 3.036036e+003,-2.041483e+002, 9.858173e+002,-4.571324e+001, 3.134005e+001, 6.914686e+002, 0.000000e+000, 0.000000e+000, 0.000000e+000
 4.568500e-001,-2.378930e+003, 3.007158e+003,-1.410265e+002, 9.174311e+002,-4.655322e+001, 3.394817e+001, 6.208543e+002, 0.000000e+000, 0.000000e+000, 0.000000e+000
 4.569000e-001,-2.410009e+003, 2.975625e+003,-7.616685e+001, 8.487201e+002,-4.736668e+001, 3.655141e+001, 5.504645e+002, 0.000000e+000, 0.000000e+000, 0.000000e+000
 4.569500e-001,-2.439054e+003, 2.944849e+003,-1.283671e+001, 7.797150e+002,-4.816864e+001, 3.914000e+001, 4.794236e+002, 0.000000e+000, 0.000000e+000, 0.000000e+000
 4.570000e-001,-2.468319e+003, 2.910972e+003, 5.191012e+001, 7.104341e+002,-4.894258e+001, 4.172276e+001, 4.086555e+002, 0.000000e+000, 0.000000e+000, 0.000000e+000
 4.570500e-001,-2.495716e+003, 2.878333e+003, 1.153597e+002, 6.409084e+002,-4.970289e+001, 4.428977e+001, 3.372873e+002, 0.000000e+000, 0.000000e+000, 0.000000e+000
 4.571000e-001,-2.523122e+003, 2.842171e+003, 1.799032e+002, 5.711565e+002,-5.043398e+001, 4.684981e+001, 2.662403e+002, 0.000000e+000, 0.000000e+000, 0.000000e+000
 4.571500e-001,-2.548834e+003, 2.807701e+003, 2.433797e+002, 5.012096e+002,-5.114915e+001, 4.939310e+001, 1.946450e+002, 0.000000e+000, 0.000000e+000, 0.000000e+000
 4.572000e-001,-2.574342e+003, 2.769323e+003, 3.076332e+002, 4.310860e+002,-5.183416e+001, 5.192812e+001, 1.234191e+002, 0.000000e+000, 0.000000e+000, 0.000000e+000
 4.572500e-001,-2.598332e+003, 2.733052e+003, 3.710403e+002, 3.608172e+002,-5.250087e+001, 5.444545e+001, 5.169709e+001, 0.000000e+000, 0.000000e+000, 0.000000e+000
 4.573000e-001,-2.621905e+003, 2.692537e+003, 4.349215e+002, 2.904218e+002,-5.313678e+001, 5.695302e+001,-1.960720e+001, 0.000000e+000, 0.000000e+000, 0.000000e+000
 4.573500e-001,-2.644137e+003, 2.654489e+003, 4.981597e+002, 2.199311e+002,-5.375189e+001, 5.944203e+001,-9.135498e+001, 0.000000e+000, 0.000000e+000, 0.000000e+000
 4.574000e-001,-2.665743e+003, 2.611924e+003, 5.615900e+002, 1.493639e+002,-5.433585e+001, 6.191964e+001,-1.626369e+002, 0.000000e+000, 0.000000e+000, 0.000000e+000
 4.574500e-001,-2.686183e+003, 2.572125e+003, 6.245570e+002, 7.875150e+001,-5.489648e+001, 6.437785e+001,-2.343094e+002, 0.000000e+000, 0.000000e+000, 0.000000e+000
 4.575000e-001,-2.705794e+003, 2.527603e+003, 6.874612e+002, 8.112742e+000,-5.542589e+001, 6.682282e+001,-3.054682e+002, 0.000000e+000, 0.000000e+000, 0.000000e+000
 4.575500e-001,-2.724409e+003, 2.486074e+003, 7.500526e+002,-6.252122e+001,-5.592944e+001, 6.924760e+001,-3.769642e+002, 0.000000e+000, 0.000000e+000, 0.000000e+000
 4.576000e-001,-2.742001e+003, 2.439697e+003, 8.123588e+002,-1.331313e+002,-5.640195e+001, 7.165717e+001,-4.478987e+002, 0.000000e+000, 0.000000e+000, 0.000000e+000
 4.576500e-001,-2.758758e+003, 2.396459e+003, 8.744684e+002,-2.036867e+002,-5.684611e+001, 7.404574e+001,-5.191172e+002, 0.000000e+000, 0.000000e+000, 0.000000e+000
 4.577000e-001,-2.774313e+003, 2.348333e+003, 9.361077e+002,-2.741681e+002,-5.725969e+001, 7.641699e+001,-5.897267e+002, 0.000000e+000, 0.000000e+000, 0.000000e+000
 4.577500e-001,-2.789182e+003, 2.303409e+003, 9.976285e+002,-3.445450e+002,-5.764248e+001, 7.876643e+001,-6.605668e+002, 0.000000e+000, 0.000000e+000, 0.000000e+000
 4.578000e-001,-2.802684e+003, 2.253645e+003, 1.058534e+003,-4.147978e+002,-5.799540e+001, 8.109634e+001,-7.307508e+002, 0.000000e+000, 0.000000e+000, 0.000000e+000
 4.578500e-001,-2.815634e+003, 2.207056e+003, 1.119359e+003,-4.848967e+002,-5.831523e+001, 8.340356e+001,-8.011119e+002, 0.000000e+000, 0.000000e+000, 0.000000e+000
 4.579000e-001,-2.827072e+003, 2.155770e+003, 1.179465e+003,-5.548215e+002,-5.860609e+001, 8.568894e+001,-8.707701e+002, 0.000000e+000, 0.000000e+000, 0.000000e+000
 4.579500e-001,-2.838077e+003, 2.107539e+003, 1.239487e+003,-6.245433e+002,-5.886175e+001, 8.795073e+001,-9.405522e+002, 0.000000e+000, 0.000000e+000, 0.000000e+000
 4.580000e-001,-2.847444e+003, 2.054848e+003, 1.298731e+003,-6.940414e+002,-5.908951e+001, 9.018832e+001,-1.009585e+003, 0.000000e+000, 0.000000e+000, 0.000000e+000
 4.580500e-001,-2.856478e+003, 2.005003e+003, 1.357846e+003,-7.632876e+002,-5.928017e+001, 9.240131e+001,-1.078689e+003, 0.000000e+000, 0.000000e+000, 0.000000e+000
 4.581000e-001,-2.863770e+003, 1.951025e+003, 1.416164e+003,-8.322607e+002,-5.944418e+001, 9.458771e+001,-1.146997e+003, 0.000000e+000, 0.000000e+000, 0.000000e+000
 4.581500e-001,-2.870810e+003, 1.899595e+003, 1.474267e+003,-9.009336e+002,-5.956944e+001, 9.674842e+001,-1.215324e+003, 0.000000e+000, 0.000000e+000, 0.000000e+000
 4.582000e-001,-2.876026e+003, 1.844450e+003, 1.531596e+003,-9.692844e+002,-5.966940e+001, 9.888013e+001,-1.282810e+003, 0.000000e+000, 0.000000e+000, 0.000000e+000
 4.582500e-001,-2.881051e+003, 1.791470e+003, 1.588589e+003,-1.037287e+003,-5.972926e+001, 1.009850e+002,-1.350262e+003, 0.000000e+000, 0.000000e+000, 0.000000e+000
 4.583000e-001,-2.884196e+003, 1.735275e+003, 1.644864e+003,-1.104919e+003,-5.976527e+001, 1.030584e+002,-1.416828e+003, 0.000000e+000, 0.000000e+000, 0.000000e+000
 4.583500e-001,-2.887186e+003, 1.680785e+003, 1.700650e+003,-1.172156e+003,-5.976014e+001, 1.051037e+002,-1.483308e+003, 0.000000e+000, 0.000000e+000, 0.000000e+000
 4.584000e-001,-2.888267e+003, 1.623655e+003, 1.755808e+003,-1.238974e+003,-5.973269e+001, 1.071152e+002,-1.548860e+003, 0.000000e+000, 0.000000e+000, 0.000000e+000
 4.584500e-001,-2.889207e+003, 1.567701e+003, 1.810294e+003,-1.305350e+003,-5.966341e+001, 1.090971e+002,-1.614273e+003, 0.000000e+000, 0.000000e+000, 0.000000e+000
 4.585000e-001,-2.888233e+003, 1.509749e+003, 1.864269e+003,-1.371260e+003,-5.957333e+001, 1.110430e+002,-1.678714e+003, 0.000000e+000, 0.000000e+000, 0.000000e+000
 4.585500e-001,-2.887110e+003, 1.452384e+003, 1.917368e+003,-1.436681e+003,-5.944112e+001, 1.129578e+002,-1.742966e+003, 0.000000e+000, 0.000000e+000, 0.000000e+000
 4.586000e-001,-2.884094e+003, 1.393718e+003, 1.970092e+003,-1.501591e+003,-5.928965e+001, 1.148344e+002,-1.806204e+003, 0.000000e+000, 0.000000e+000, 0.000000e+000
 4.586500e-001,-2.880898e+003, 1.335002e+003, 2.021723e+003,-1.565966e+003,-5.909610e+001, 1.166780e+002,-1.869203e+003, 0.000000e+000, 0.000000e+000, 0.000000e+000
 4.587000e-001,-2.875856e+003, 1.275727e+003, 2.073125e+003,-1.629783e+003,-5.888480e+001, 1.184816e+002,-1.931145e+003, 0.000000e+000, 0.000000e+000, 0.000000e+000
 4.587500e-001,-2.870579e+003, 1.215728e+003, 2.123211e+003,-1.693021e+003,-5.863188e+001, 1.202503e+002,-1.992799e+003, 0.000000e+000, 0.000000e+000, 0.000000e+000
 4.588000e-001,-2.863529e+003, 1.155941e+003, 2.173223e+003,-1.755656e+003,-5.836264e+001, 1.219770e+002,-2.053357e+003, 0.000000e+000, 0.000000e+000, 0.000000e+000
 4.588500e-001,-2.856169e+003, 1.094735e+003, 2.221694e+003,-1.817669e+003,-5.805262e+001, 1.236670e+002,-2.113578e+003, 0.000000e+000, 0.000000e+000, 0.000000e+000
 4.589000e-001,-2.847131e+003, 1.034530e+003, 2.270240e+003,-1.879034e+003,-5.772765e+001, 1.253132e+002,-2.172662e+003, 0.000000e+000, 0.000000e+000, 0.000000e+000
 4.589500e-001,-2.837688e+003, 9.722008e+002, 2.317031e+003,-1.939733e+003,-5.736312e+001, 1.269206e+002,-2.231362e+003, 0.000000e+000, 0.000000e+000, 0.000000e+000
 4.590000e-001,-2.826685e+003, 9.116647e+002, 2.364038e+003,-1.999742e+003,-5.698489e+001, 1.284826e+002,-2.288888e+003, 0.000000e+000, 0.000000e+000, 0.000000e+000
 4.590500e-001,-2.815163e+003, 8.483035e+002, 2.409090e+003,-2.059043e+003,-5.656869e+001, 1.300037e+002,-2.345982e+003, 0.000000e+000, 0.000000e+000, 0.000000e+000
 4.591000e-001,-2.802220e+003, 7.875169e+002, 2.454482e+003,-2.117612e+003,-5.613992e+001, 1.314780e+002,-2.401865e+003, 0.000000e+000, 0.000000e+000, 0.000000e+000
 4.591500e-001,-2.788625e+003, 7.232236e+002, 2.497743e+003,-2.175431e+003,-5.567511e+001, 1.329091e+002,-2.457271e+003, 0.000000e+000, 0.000000e+000, 0.000000e+000
 4.592000e-001,-2.773770e+003, 6.622612e+002, 2.541442e+003,-2.232477e+003,-5.519872e+001, 1.342920e+002,-2.511429e+003, 0.000000e+000, 0.000000e+000, 0.000000e+000
 4.592500e-001,-2.758114e+003, 5.971429e+002, 2.582865e+003,-2.288733e+003,-5.468854e+001, 1.356296e+002,-2.565066e+003, 0.000000e+000, 0.000000e+000, 0.000000e+000
 4.593000e-001,-2.741376e+003, 5.360732e+002, 2.624794e+003,-2.344176e+003,-5.416765e+001, 1.369179e+002,-2.617421e+003, 0.000000e+000, 0.000000e+000, 0.000000e+000
 4.593500e-001,-2.723673e+003, 4.702439e+002, 2.664335e+003,-2.398790e+003,-5.361547e+001, 1.381586e+002,-2.669211e+003, 0.000000e+000, 0.000000e+000, 0.000000e+000
 4.594000e-001,-2.705083e+003, 4.091300e+002, 2.704417e+003,-2.452552e+003,-5.305330e+001, 1.393490e+002,-2.719686e+003, 0.000000e+000, 0.000000e+000, 0.000000e+000
 4.594500e-001,-2.685352e+003, 3.427098e+002, 2.742040e+003,-2.505448e+003,-5.246260e+001, 1.404895e+002,-2.769553e+003, 0.000000e+000, 0.000000e+000, 0.000000e+000
 4.595000e-001,-2.664942e+003, 2.816096e+002, 2.780197e+003,-2.557453e+003,-5.186247e+001, 1.415789e+002,-2.818075e+003, 0.000000e+000, 0.000000e+000, 0.000000e+000
 4.595500e-001,-2.643205e+003, 2.147245e+002, 2.815869e+003,-2.608556e+003,-5.123676e+001, 1.426162e+002,-2.865948e+003, 0.000000e+000, 0.000000e+000, 0.000000e+000
 4.596000e-001,-2.621011e+003, 1.536907e+002, 2.852026e+003,-2.658732e+003,-5.060204e+001, 1.436017e+002,-2.912446e+003, 0.000000e+000, 0.000000e+000, 0.000000e+000
 4.596500e-001,-2.597295e+003, 8.647129e+001, 2.885718e+003,-2.707969e+003,-4.994484e+001, 1.445328e+002,-2.958254e+003, 0.000000e+000, 0.000000e+000, 0.000000e+000
 4.597000e-001,-2.573351e+003, 2.555311e+001, 2.919801e+003,-2.756245e+003,-4.927892e+001, 1.454117e+002,-3.002659e+003, 0.000000e+000, 0.000000e+000, 0.000000e+000
 4.597500e-001,-2.547688e+003,-4.186630e+001, 2.951487e+003,-2.803549e+003,-4.859371e+001, 1.462341e+002,-3.046338e+003, 0.000000e+000, 0.000000e+000, 0.000000e+000
 4.598000e-001,-2.522031e+003,-1.026234e+002, 2.983426e+003,-2.849856e+003,-4.789992e+001, 1.470037e+002,-3.088585e+003, 0.000000e+000, 0.000000e+000, 0.000000e+000
 4.598500e-001,-2.494454e+003,-1.701055e+002, 3.013082e+003,-2.895159e+003,-4.719010e+001, 1.477150e+002,-3.130070e+003, 0.000000e+000, 0.000000e+000, 0.000000e+000
 4.599000e-001,-2.467124e+003,-2.306585e+002, 3.042809e+003,-2.939434e+003,-4.647173e+001, 1.483731e+002,-3.170098e+003, 0.000000e+000, 0.000000e+000, 0.000000e+000
 4.599500e-001,-2.437671e+003,-2.980645e+002, 3.070414e+003,-2.982672e+003,-4.574058e+001, 1.489711e+002,-3.209329e+003, 0.000000e+000, 0.000000e+000, 0.000000e+000
 4.600000e-001,-2.408706e+003,-3.583721e+002, 3.097867e+003,-3.024851e+003,-4.500079e+001, 1.495155e+002,-3.247080e+003, 0.000000e+000, 0.000000e+000, 0.000000e+000
 4.600500e-001,-2.377422e+003,-4.255621e+002, 3.123400e+003,-3.065963e+003,-4.425143e+001, 1.499983e+002,-3.284000e+003, 0.000000e+000, 0.000000e+000, 0.000000e+000
 4.601000e-001,-2.346861e+003,-4.855842e+002, 3.148521e+003,-3.105987e+003,-4.349325e+001, 1.504274e+002,-3.319419e+003, 0.000000e+000, 0.000000e+000, 0.000000e+000
 4.601500e-001,-2.313793e+003,-5.524189e+002, 3.171963e+003,-3.144916e+003,-4.272862e+001, 1.507933e+002,-3.353975e+003, 0.000000e+000, 0.000000e+000, 0.000000e+000
 4.602000e-001,-2.281678e+003,-6.121154e+002, 3.194700e+003,-3.182728e+003,-4.195490e+001, 1.511053e+002,-3.387010e+003, 0.000000e+000, 0.000000e+000, 0.000000e+000
 4.602500e-001,-2.246876e+003,-6.784568e+002, 3.216032e+003,-3.219418e+003,-4.117771e+001, 1.513531e+002,-3.419153e+003, 0.000000e+000, 0.000000e+000, 0.000000e+000
 4.603000e-001,-2.213248e+003,-7.377868e+002, 3.236340e+003,-3.254965e+003,-4.039112e+001, 1.515469e+002,-3.449757e+003, 0.000000e+000, 0.000000e+000, 0.000000e+000
 4.603500e-001,-2.176768e+003,-8.034994e+002, 3.255542e+003,-3.289364e+003,-3.960385e+001, 1.516754e+002,-3.479440e+003, 0.000000e+000, 0.000000e+000, 0.000000e+000
 4.604000e-001,-2.141669e+003,-8.624207e+002, 3.273380e+003,-3.322595e+003,-3.880682e+001, 1.517498e+002,-3.507568e+003, 0.000000e+000, 0.000000e+000, 0.000000e+000
 4.604500e-001,-2.103571e+003,-9.273723e+002, 3.290434e+003,-3.354654e+003,-3.801168e+001, 1.517585e+002,-3.534750e+003, 0.000000e+000, 0.000000e+000, 0.000000e+000
 4.605000e-001,-2.067042e+003,-9.858403e+002, 3.305770e+003,-3.385523e+003,-3.720640e+001, 1.517128e+002,-3.560361e+003, 0.000000e+000, 0.000000e+000, 0.000000e+000
 4.605500e-001,-2.027391e+003,-1.049903e+003, 3.320655e+003,-3.415196e+003,-3.640533e+001, 1.516011e+002,-3.585002e+003, 0.000000e+000, 0.000000e+000, 0.000000e+000
 4.606000e-001,-1.989475e+003,-1.107871e+003, 3.333465e+003,-3.443658e+003,-3.559375e+001, 1.514350e+002,-3.608061e+003, 0.000000e+000, 0.000000e+000, 0.000000e+000
 4.606500e-001,-1.948337e+003,-1.170922e+003, 3.346161e+003,-3.470903e+003,-3.478842e+001, 1.512027e+002,-3.630128e+003, 0.000000e+000, 0.000000e+000, 0.000000e+000
 4.607000e-001,-1.909076e+003,-1.228339e+003, 3.356425e+003,-3.496918e+003,-3.397220e+001, 1.509160e+002,-3.650600e+003, 0.000000e+000, 0.000000e+000, 0.000000e+000
 4.607500e-001,-1.866523e+003,-1.290260e+003, 3.366911e+003,-3.521696e+003,-3.316398e+001, 1.505635e+002,-3.670062e+003, 0.000000e+000, 0.000000e+000, 0.000000e+000
 4.608000e-001,-1.825960e+003,-1.347072e+003, 3.374620e+003,-3.545226e+003,-3.234453e+001, 1.501564e+002,-3.687918e+003, 0.000000e+000, 0.000000e+000, 0.000000e+000
 4.608500e-001,-1.782069e+003,-1.407754e+003, 3.382873e+003,-3.567501e+003,-3.153450e+001, 1.496840e+002,-3.704749e+003, 0.000000e+000, 0.000000e+000, 0.000000e+000
 4.609000e-001,-1.740245e+003,-1.463902e+003, 3.388023e+003,-3.588512e+003,-3.071295e+001, 1.491571e+002,-3.719965e+003, 0.000000e+000, 0.000000e+000, 0.000000e+000
 4.609500e-001,-1.695095e+003,-1.523241e+003, 3.394021e+003,-3.608252e+003,-2.990191e+001, 1.485657e+002,-3.734140e+003, 0.000000e+000, 0.000000e+000, 0.000000e+000
 4.610000e-001,-1.652054e+003,-1.578663e+003, 3.396618e+003,-3.626714e+003,-2.907912e+001, 1.479198e+002,-3.746696e+003, 0.000000e+000, 0.000000e+000, 0.000000e+000
 4.610500e-001,-1.605727e+003,-1.636562e+003, 3.400338e+003,-3.643890e+003,-2.826761e+001, 1.472105e+002,-3.758197e+003, 0.000000e+000, 0.000000e+000, 0.000000e+000
 4.611000e-001,-1.561511e+003,-1.691189e+003, 3.400392e+003,-3.659775e+003,-2.744418e+001, 1.464468e+002,-3.768074e+003, 0.000000e+000, 0.000000e+000, 0.000000e+000
 4.611500e-001,-1.514093e+003,-1.747559e+003, 3.401811e+003,-3.674362e+003,-2.663246e+001, 1.456210e+002,-3.776887e+003, 0.000000e+000, 0.000000e+000, 0.000000e+000
 4.612000e-001,-1.468746e+003,-1.801321e+003, 3.399339e+003,-3.687648e+003,-2.580874e+001, 1.447410e+002,-3.784073e+003, 0.000000e+000, 0.000000e+000, 0.000000e+000
 4.612500e-001,-1.420325e+003,-1.856081e+003, 3.398435e+003,-3.699624e+003,-2.499683e+001, 1.438006e+002,-3.790187e+003, 0.000000e+000, 0.000000e+000, 0.000000e+000
 4.613000e-001,-1.373890e+003,-1.908900e+003, 3.393462e+003,-3.710290e+003,-2.417295e+001, 1.428060e+002,-3.794672e+003, 0.000000e+000, 0.000000e+000, 0.000000e+000
 4.613500e-001,-1.324557e+003,-1.961977e+003, 3.390214e+003,-3.719637e+003,-2.336065e+001, 1.417529e+002,-3.798080e+003, 0.000000e+000, 0.000000e+000, 0.000000e+000
 4.614000e-001,-1.277078e+003,-2.013774e+003, 3.382769e+003,-3.727668e+003,-2.253649e+001, 1.406459e+002,-3.799859e+003, 0.000000e+000, 0.000000e+000, 0.000000e+000
 4.614500e-001,-1.226927e+003,-2.065100e+003, 3.377157e+003,-3.734372e+003,-2.172342e+001, 1.394825e+002,-3.800558e+003, 0.000000e+000, 0.000000e+000, 0.000000e+000
 4.615000e-001,-1.178449e+003,-2.115791e+003, 3.367275e+003,-3.739754e+003,-2.089867e+001, 1.382655e+002,-3.799630e+003, 0.000000e+000, 0.000000e+000, 0.000000e+000
 4.615500e-001,-1.127572e+003,-2.165309e+003, 3.359281e+003,-3.743804e+003,-2.008425e+001, 1.369944e+002,-3.797622e+003, 0.000000e+000, 0.000000e+000, 0.000000e+000
 4.616000e-001,-1.078143e+003,-2.214805e+003, 3.347001e+003,-3.746529e+003,-1.925843e+001, 1.356701e+002,-3.793989e+003, 0.000000e+000, 0.000000e+000, 0.000000e+000
 4.616500e-001,-1.026636e+003,-2.262464e+003, 3.336611e+003,-3.747917e+003,-1.844194e+001, 1.342942e+002,-3.789279e+003, 0.000000e+000, 0.000000e+000, 0.000000e+000
 4.617000e-001,-9.763033e+002,-2.310675e+003, 3.321975e+003,-3.747980e+003,-1.761443e+001, 1.328657e+002,-3.782948e+003, 0.000000e+000, 0.000000e+000, 0.000000e+000
 4.617500e-001,-9.242601e+002,-2.356430e+003, 3.309178e+003,-3.746705e+003,-1.679501e+001, 1.313880e+002,-3.775545e+003, 0.000000e+000, 0.000000e+000, 0.000000e+000
 4.618000e-001,-8.730746e+002,-2.403264e+003, 3.292232e+003,-3.744104e+003,-1.596505e+001, 1.298585e+002,-3.766527e+003, 0.000000e+000, 0.000000e+000, 0.000000e+000
 4.618500e-001,-8.205907e+002,-2.447076e+003, 3.277020e+003,-3.740166e+003,-1.514177e+001, 1.282825e+002,-3.756444e+003, 0.000000e+000, 0.000000e+000, 0.000000e+000
 4.619000e-001,-7.686044e+002,-2.492439e+003, 3.257813e+003,-3.734904e+003,-1.430850e+001, 1.266556e+002,-3.744752e+003, 0.000000e+000, 0.000000e+000, 0.000000e+000
 4.619500e-001,-7.157739e+002,-2.534276e+003, 3.240183e+003,-3.728306e+003,-1.348035e+001, 1.249848e+002,-3.732006e+003, 0.000000e+000, 0.000000e+000, 0.000000e+000
 4.620000e-001,-6.630419e+002,-2.578072e+003, 3.218765e+003,-3.720389e+003,-1.264283e+001, 1.232641e+002,-3.717660e+003, 0.000000e+000, 0.000000e+000, 0.000000e+000
 4.620500e-001,-6.099575e+002,-2.617907e+003, 3.198720e+003,-3.711140e+003,-1.180878e+001, 1.215024e+002,-3.702271e+003, 0.000000e+000, 0.000000e+000, 0.000000e+000
 4.621000e-001,-5.565378e+002,-2.660042e+003, 3.175142e+003,-3.700578e+003,-1.096603e+001, 1.196920e+002,-3.685292e+003, 0.000000e+000, 0.000000e+000, 0.000000e+000
 4.621500e-001,-5.032903e+002,-2.697851e+003, 3.152690e+003,-3.688691e+003,-1.012502e+001, 1.178432e+002,-3.667284e+003, 0.000000e+000, 0.000000e+000, 0.000000e+000
 4.622000e-001,-4.492445e+002,-2.738231e+003, 3.127005e+003,-3.675498e+003,-9.276030e+000, 1.159473e+002,-3.647698e+003, 0.000000e+000, 0.000000e+000, 0.000000e+000
 4.622500e-001,-3.959221e+002,-2.773994e+003, 3.102161e+003,-3.660987e+003,-8.427026e+000, 1.140156e+002,-3.627100e+003, 0.000000e+000, 0.000000e+000, 0.000000e+000
 4.623000e-001,-3.413152e+002,-2.812527e+003, 3.074420e+003,-3.645181e+003,-7.570808e+000, 1.120384e+002,-3.604936e+003, 0.000000e+000, 0.000000e+000, 0.000000e+000
 4.623500e-001,-2.880033e+002,-2.846230e+003, 3.047204e+003,-3.628067e+003,-6.712822e+000, 1.100281e+002,-3.581779e+003, 0.000000e+000, 0.000000e+000, 0.000000e+000
 4.624000e-001,-2.329041e+002,-2.882826e+003, 3.017461e+003,-3.609669e+003,-5.848405e+000, 1.079740e+002,-3.557070e+003, 0.000000e+000, 0.000000e+000, 0.000000e+000
 4.624500e-001,-1.796848e+002,-2.914454e+003, 2.987901e+003,-3.589975e+003,-4.980516e+000, 1.058896e+002,-3.531389e+003, 0.000000e+000, 0.000000e+000, 0.000000e+000
 4.625000e-001,-1.241664e+002,-2.949027e+003, 2.956206e+003,-3.569010e+003,-4.106988e+000, 1.037632e+002,-3.504170e+003, 0.000000e+000, 0.000000e+000, 0.000000e+000
 4.625500e-001,-7.111797e+001,-2.978568e+003, 2.924337e+003,-3.546763e+003,-3.228365e+000, 1.016089e+002,-3.476004e+003, 0.000000e+000, 0.000000e+000, 0.000000e+000
 4.626000e-001,-1.525733e+001,-3.011036e+003, 2.890740e+003,-3.523261e+003,-2.344896e+000, 9.941482e+001,-3.446316e+003, 0.000000e+000, 0.000000e+000, 0.000000e+000
 4.626500e-001, 3.754583e+001,-3.038480e+003, 2.856605e+003,-3.498492e+003,-1.454821e+000, 9.719525e+001,-3.415706e+003, 0.000000e+000, 0.000000e+000, 0.000000e+000
 4.627000e-001, 9.366734e+001,-3.068766e+003, 2.821156e+003,-3.472485e+003,-5.606794e-001, 9.493819e+001,-3.383593e+003, 0.000000e+000, 0.000000e+000, 0.000000e+000
 4.627500e-001, 1.461551e+002,-3.094103e+003, 2.784803e+003,-3.445230e+003, 3.414315e-001, 9.265788e+001,-3.350584e+003, 0.000000e+000, 0.000000e+000, 0.000000e+000
 4.628000e-001, 2.024520e+002,-3.122135e+003, 2.747551e+003,-3.416754e+003, 1.246851e+000, 9.034251e+001,-3.316091e+003, 0.000000e+000, 0.000000e+000, 0.000000e+000
 4.628500e-001, 2.545586e+002,-3.145355e+003, 2.709038e+003,-3.387050e+003, 2.161431e+000, 8.800599e+001,-3.280732e+003, 0.000000e+000, 0.000000e+000, 0.000000e+000
 4.629000e-001, 3.109413e+002,-3.171067e+003, 2.670027e+003,-3.356146e+003, 3.078593e+000, 8.563699e+001,-3.243909e+003, 0.000000e+000, 0.000000e+000, 0.000000e+000
 4.629500e-001, 3.626053e+002,-3.192160e+003, 2.629417e+003,-3.324036e+003, 4.005906e+000, 8.324879e+001,-3.206251e+003, 0.000000e+000, 0.000000e+000, 0.000000e+000
 4.630000e-001, 4.189803e+002,-3.215494e+003, 2.588694e+003,-3.290747e+003, 4.935111e+000, 8.083080e+001,-3.167151e+003, 0.000000e+000, 0.000000e+000, 0.000000e+000
 4.630500e-001, 4.701446e+002,-3.234450e+003, 2.546059e+003,-3.256276e+003, 5.875239e+000, 7.839539e+001,-3.127249e+003, 0.000000e+000, 0.000000e+000, 0.000000e+000
 4.631000e-001, 5.264150e+002,-3.255354e+003, 2.503667e+003,-3.220649e+003, 6.816609e+000, 7.593298e+001,-3.085927e+003, 0.000000e+000, 0.000000e+000, 0.000000e+000
 4.631500e-001, 5.770266e+002,-3.272161e+003, 2.459084e+003,-3.183866e+003, 7.769439e+000, 7.345477e+001,-3.043837e+003, 0.000000e+000, 0.000000e+000, 0.000000e+000
 4.632000e-001, 6.330923e+002,-3.290590e+003, 2.415065e+003,-3.145953e+003, 8.722902e+000, 7.095241e+001,-3.000353e+003, 0.000000e+000, 0.000000e+000, 0.000000e+000
 4.632500e-001, 6.831021e+002,-3.305235e+003, 2.368618e+003,-3.106912e+003, 9.688111e+000, 6.843571e+001,-2.956136e+003, 0.000000e+000, 0.000000e+000, 0.000000e+000
 4.633000e-001, 7.388603e+002,-3.321152e+003, 2.323016e+003,-3.066766e+003, 1.065339e+001, 6.589778e+001,-2.910550e+003, 0.000000e+000, 0.000000e+000, 0.000000e+000
 4.633500e-001, 7.882228e+002,-3.333622e+003, 2.274793e+003,-3.025521e+003, 1.163044e+001, 6.334680e+001,-2.864270e+003, 0.000000e+000, 0.000000e+000, 0.000000e+000
 4.634000e-001, 8.435685e+002,-3.346999e+003, 2.227649e+003,-2.983200e+003, 1.260703e+001, 6.077751e+001,-2.816647e+003, 0.000000e+000, 0.000000e+000, 0.000000e+000
 4.634500e-001, 8.922416e+002,-3.357279e+003, 2.177744e+003,-2.939812e+003, 1.359516e+001, 5.819632e+001,-2.768369e+003, 0.000000e+000, 0.000000e+000, 0.000000e+000
 4.635000e-001, 9.470682e+002,-3.368093e+003, 2.129100e+003,-2.895377e+003, 1.458232e+001, 5.559975e+001,-2.718775e+003, 0.000000e+000, 0.000000e+000, 0.000000e+000
 4.635500e-001, 9.950123e+002,-3.376168e+003, 2.077612e+003,-2.849906e+003, 1.558054e+001, 5.299229e+001,-2.668568e+003, 0.000000e+000, 0.000000e+000, 0.000000e+000
 4.636000e-001, 1.049213e+003,-3.384406e+003, 2.027511e+003,-2.803421e+003, 1.657731e+001, 5.037233e+001,-2.617074e+003, 0.000000e+000, 0.000000e+000, 0.000000e+000
 4.636500e-001, 1.096391e+003,-3.390258e+003, 1.974541e+003,-2.755934e+003, 1.758438e+001, 4.774236e+001,-2.565007e+003, 0.000000e+000, 0.000000e+000, 0.000000e+000
 4.637000e-001, 1.149857e+003,-3.395913e+003, 1.923026e+003,-2.707466e+003, 1.858955e+001, 4.510275e+001,-2.511685e+003, 0.000000e+000, 0.000000e+000, 0.000000e+000
 4.637500e-001, 1.196234e+003,-3.399527e+003, 1.868680e+003,-2.658031e+003, 1.960401e+001, 4.245389e+001,-2.457833e+003, 0.000000e+000, 0.000000e+000, 0.000000e+000
 4.638000e-001, 1.248859e+003,-3.402600e+003, 1.815797e+003,-2.607649e+003, 2.061610e+001, 3.979814e+001,-2.402757e+003, 0.000000e+000, 0.000000e+000, 0.000000e+000
 4.638500e-001, 1.294400e+003,-3.403957e+003, 1.760179e+003,-2.556338e+003, 2.163626e+001, 3.713383e+001,-2.347195e+003, 0.000000e+000, 0.000000e+000, 0.000000e+000
 4.639000e-001, 1.346078e+003,-3.404455e+003, 1.705975e+003,-2.504114e+003, 2.265357e+001, 3.446529e+001,-2.290442e+003, 0.000000e+000, 0.000000e+000, 0.000000e+000
 4.639500e-001, 1.390750e+003,-3.403539e+003, 1.649196e+003,-2.451001e+003, 2.367749e+001, 3.178881e+001,-2.233248e+003, 0.000000e+000, 0.000000e+000, 0.000000e+000
 4.640000e-001, 1.441377e+003,-3.401475e+003, 1.593721e+003,-2.397012e+003, 2.469804e+001, 2.911061e+001,-2.174897e+003, 0.000000e+000, 0.000000e+000, 0.000000e+000
 4.640500e-001, 1.485148e+003,-3.398272e+003, 1.535887e+003,-2.342173e+003, 2.572356e+001, 2.642506e+001,-2.116151e+003, 0.000000e+000, 0.000000e+000, 0.000000e+000
 4.641000e-001, 1.534622e+003,-3.393665e+003, 1.479196e+003,-2.286496e+003, 2.674516e+001, 2.374016e+001,-2.056284e+003, 0.000000e+000, 0.000000e+000, 0.000000e+000
 4.641500e-001, 1.577458e+003,-3.388159e+003, 1.420415e+003,-2.230010e+003, 2.776990e+001, 2.104847e+001,-1.996067e+003, 0.000000e+000, 0.000000e+000, 0.000000e+000
 4.642000e-001, 1.625681e+003,-3.381035e+003, 1.362565e+003,-2.172726e+003, 2.879010e+001, 1.835963e+001,-1.934767e+003, 0.000000e+000, 0.000000e+000, 0.000000e+000
 4.642500e-001, 1.667549e+003,-3.373214e+003, 1.302944e+003,-2.114674e+003, 2.981146e+001, 1.566458e+001,-1.873164e+003, 0.000000e+000, 0.000000e+000, 0.000000e+000
 4.643000e-001, 1.714427e+003,-3.363600e+003, 1.243995e+003,-2.055865e+003, 3.082759e+001, 1.297440e+001,-1.810516e+003, 0.000000e+000, 0.000000e+000, 0.000000e+000
 4.643500e-001, 1.755291e+003,-3.353455e+003, 1.183640e+003,-1.996332e+003, 3.184279e+001, 1.027862e+001,-1.747613e+003, 0.000000e+000, 0.000000e+000, 0.000000e+000
 4.644000e-001, 1.800734e+003,-3.341385e+003, 1.123660e+003,-1.936083e+003, 3.285198e+001, 7.589542e+000,-1.683704e+003, 0.000000e+000, 0.000000e+000, 0.000000e+000
 4.644500e-001, 1.840558e+003,-3.328909e+003, 1.062672e+003,-1.875154e+003, 3.385803e+001, 4.895522e+000,-1.619589e+003, 0.000000e+000, 0.000000e+000, 0.000000e+000
 4.645000e-001, 1.884480e+003,-3.314419e+003, 1.001732e+003,-1.813552e+003, 3.485721e+001, 2.209844e+000,-1.554507e+003, 0.000000e+000, 0.000000e+000, 0.000000e+000
 4.645500e-001, 1.923227e+003,-3.299610e+003, 9.402103e+002,-1.751315e+003, 3.585098e+001,-4.800373e-001,-1.489270e+003, 0.000000e+000, 0.000000e+000, 0.000000e+000
 4.646000e-001, 1.965549e+003,-3.282739e+003, 8.783873e+002,-1.688448e+003, 3.683690e+001,-3.160142e+000,-1.423106e+003, 0.000000e+000, 0.000000e+000, 0.000000e+000
 4.646500e-001, 2.003179e+003,-3.265599e+003, 8.164288e+002,-1.624993e+003, 3.781511e+001,-5.843606e+000,-1.356837e+003, 0.000000e+000, 0.000000e+000, 0.000000e+000
 4.647000e-001, 2.043826e+003,-3.246388e+003, 7.538043e+002,-1.560952e+003, 3.878438e+001,-8.516059e+000,-1.289684e+003, 0.000000e+000, 0.000000e+000, 0.000000e+000
 4.647500e-001, 2.080297e+003,-3.226924e+003, 6.915012e+002,-1.496369e+003, 3.974363e+001,-1.119091e+001,-1.222475e+003, 0.000000e+000, 0.000000e+000, 0.000000e+000
 4.648000e-001, 2.119201e+003,-3.205416e+003, 6.281625e+002,-1.431246e+003, 4.069272e+001,-1.385371e+001,-1.154425e+003, 0.000000e+000, 0.000000e+000, 0.000000e+000
 4.648500e-001, 2.154471e+003,-3.183640e+003, 5.656031e+002,-1.365628e+003, 4.162952e+001,-1.651782e+001,-1.086371e+003, 0.000000e+000, 0.000000e+000, 0.000000e+000
 4.649000e-001, 2.191568e+003,-3.159879e+003, 5.016430e+002,-1.299517e+003, 4.255484e+001,-1.916901e+001,-1.017520e+003, 0.000000e+000, 0.000000e+000, 0.000000e+000
 4.649500e-001, 2.225592e+003,-3.135809e+003, 4.389113e+002,-1.232958e+003, 4.346561e+001,-2.182027e+001,-9.487145e+002, 0.000000e+000, 0.000000e+000, 0.000000e+000
 4.650000e-001, 2.260825e+003,-3.109840e+003, 3.744279e+002,-1.165954e+003, 4.436349e+001,-2.445793e+001,-8.791580e+002, 0.000000e+000, 0.000000e+000, 0.000000e+000
 4.650500e-001, 2.293558e+003,-3.083499e+003, 3.116036e+002,-1.098549e+003, 4.524466e+001,-2.709426e+001,-8.096982e+002, 0.000000e+000, 0.000000e+000, 0.000000e+000
 4.651000e-001, 2.326875e+003,-3.055368e+003, 2.467000e+002,-1.030748e+003, 4.611139e+001,-2.971646e+001,-7.395330e+002, 0.000000e+000, 0.000000e+000, 0.000000e+000
 4.651500e-001, 2.358268e+003,-3.026786e+003, 1.838587e+002,-9.625941e+002, 4.695936e+001,-3.233578e+001,-6.695162e+002, 0.000000e+000, 0.000000e+000, 0.000000e+000
 4.652000e-001, 2.389625e+003,-2.996539e+003, 1.186424e+002,-8.940922e+002, 4.779128e+001,-3.494055e+001,-5.988403e+002, 0.000000e+000, 0.000000e+000, 0.000000e+000
 4.652500e-001, 2.419629e+003,-2.965752e+003, 5.585571e+001,-8.252867e+002, 4.860248e+001,-3.754075e+001,-5.283645e+002, 0.000000e+000, 0.000000e+000, 0.000000e+000
 4.653000e-001, 2.448984e+003,-2.933436e+003,-9.561603e+000,-7.561823e+002, 4.939596e+001,-4.012609e+001,-4.572766e+002, 0.000000e+000, 0.000000e+000, 0.000000e+000
 4.653500e-001, 2.477552e+003,-2.900485e+003,-7.222584e+001,-6.868232e+002, 5.016690e+001,-4.270501e+001,-3.864408e+002, 0.000000e+000, 0.000000e+000, 0.000000e+000
 4.654000e-001, 2.504871e+003,-2.866146e+003,-1.377289e+002,-6.172149e+002, 5.091839e+001,-4.526884e+001,-3.150405e+002, 0.000000e+000, 0.000000e+000, 0.000000e+000
 4.654500e-001, 2.531952e+003,-2.831080e+003,-2.002062e+002,-5.474012e+002, 5.164569e+001,-4.782425e+001,-2.439443e+002, 0.000000e+000, 0.000000e+000, 0.000000e+000
 4.655000e-001, 2.557205e+003,-2.794764e+003,-2.656769e+002,-4.773883e+002, 5.235177e+001,-5.036440e+001,-1.723317e+002, 0.000000e+000, 0.000000e+000, 0.000000e+000
 4.655500e-001, 2.582751e+003,-2.757637e+003,-3.279055e+002,-4.072194e+002, 5.303218e+001,-5.289399e+001,-1.010751e+002, 0.000000e+000, 0.000000e+000, 0.000000e+000
 4.656000e-001, 2.605912e+003,-2.719392e+003,-3.932238e+002,-3.369016e+002, 5.368962e+001,-5.540818e+001,-2.935083e+001, 0.000000e+000, 0.000000e+000, 0.000000e+000
 4.656500e-001, 2.629874e+003,-2.680263e+003,-4.551445e+002,-2.664773e+002, 5.432008e+001,-5.790954e+001, 4.196558e+001, 0.000000e+000, 0.000000e+000, 0.000000e+000
 4.657000e-001, 2.650923e+003,-2.640136e+003,-5.201887e+002,-1.959545e+002, 5.492582e+001,-6.039535e+001, 1.137007e+002, 0.000000e+000, 0.000000e+000, 0.000000e+000
 4.657500e-001, 2.673254e+003,-2.599069e+003,-5.817439e+002,-1.253749e+002, 5.550346e+001,-6.286598e+001, 1.849761e+002, 0.000000e+000, 0.000000e+000, 0.000000e+000
 4.658000e-001, 2.692173e+003,-2.557110e+003,-6.463920e+002,-5.474740e+001, 5.605471e+001,-6.532086e+001, 2.566209e+002, 0.000000e+000, 0.000000e+000, 0.000000e+000
 4.658500e-001, 2.712826e+003,-2.514174e+003,-7.075254e+002, 1.588741e+001, 5.657692e+001,-6.775813e+001, 3.277545e+002, 0.000000e+000, 0.000000e+000, 0.000000e+000
 4.659000e-001, 2.729604e+003,-2.470431e+003,-7.716558e+002, 8.651939e+001, 5.707115e+001,-7.017938e+001, 3.992078e+002, 0.000000e+000, 0.000000e+000, 0.000000e+000
 4.659500e-001, 2.748535e+003,-2.425700e+003,-8.323114e+002, 1.571092e+002, 5.753560e+001,-7.258054e+001, 4.700986e+002, 0.000000e+000, 0.000000e+000, 0.000000e+000
 4.660000e-001, 2.763162e+003,-2.380225e+003,-8.958036e+002, 2.276455e+002, 5.797059e+001,-7.496532e+001, 5.412593e+002, 0.000000e+000, 0.000000e+000, 0.000000e+000
 4.660500e-001, 2.780328e+003,-2.333775e+003,-9.559255e+002, 2.980903e+002, 5.837524e+001,-7.732747e+001, 6.118067e+002, 0.000000e+000, 0.000000e+000, 0.000000e+000
 4.661000e-001, 2.792797e+003,-2.286620e+003,-1.018661e+003, 3.684311e+002, 5.874910e+001,-7.967277e+001, 6.825739e+002, 0.000000e+000, 0.000000e+000, 0.000000e+000
 4.661500e-001, 2.808160e+003,-2.238532e+003,-1.078193e+003, 4.386312e+002, 5.909225e+001,-8.199292e+001, 7.526773e+002, 0.000000e+000, 0.000000e+000, 0.000000e+000
 4.662000e-001, 2.818469e+003,-2.189753e+003,-1.140057e+003, 5.086770e+002, 5.940346e+001,-8.429559e+001, 8.229506e+002, 0.000000e+000, 0.000000e+000, 0.000000e+000
 4.662500e-001, 2.831990e+003,-2.140108e+003,-1.198939e+003, 5.785330e+002, 5.968375e+001,-8.657060e+001, 8.925099e+002, 0.000000e+000, 0.000000e+000, 0.000000e+000
 4.663000e-001, 2.840138e+003,-2.089762e+003,-1.259820e+003, 6.481847e+002, 5.993115e+001,-8.882735e+001, 9.621891e+002, 0.000000e+000, 0.000000e+000, 0.000000e+000
 4.663500e-001, 2.851785e+003,-2.038644e+003,-1.317994e+003, 7.175980e+002, 6.014761e+001,-9.105397e+001, 1.031105e+003, 0.000000e+000, 0.000000e+000, 0.000000e+000
 4.664000e-001, 2.857775e+003,-1.986792e+003,-1.377785e+003, 7.867573e+002, 6.033044e+001,-9.326137e+001, 1.100091e+003, 0.000000e+000, 0.000000e+000, 0.000000e+000
 4.664500e-001, 2.867515e+003,-1.934287e+003,-1.435186e+003, 8.556298e+002, 6.048246e+001,-9.543623e+001, 1.168265e+003, 0.000000e+000, 0.000000e+000, 0.000000e+000
 4.665000e-001, 2.871352e+003,-1.880994e+003,-1.493786e+003, 9.241990e+002, 6.060036e+001,-9.759073e+001, 1.236459e+003, 0.000000e+000, 0.000000e+000, 0.000000e+000
 4.665500e-001, 2.879158e+003,-1.827187e+003,-1.550350e+003, 9.924336e+002, 6.068773e+001,-9.971038e+001, 1.303792e+003, 0.000000e+000, 0.000000e+000, 0.000000e+000
 4.666000e-001, 2.880851e+003,-1.772519e+003,-1.607662e+003, 1.060316e+003, 6.074075e+001,-1.018083e+002, 1.371097e+003, 0.000000e+000, 0.000000e+000, 0.000000e+000
 4.666500e-001, 2.886698e+003,-1.717497e+003,-1.663320e+003, 1.127817e+003, 6.076365e+001,-1.038692e+002, 1.437493e+003, 0.000000e+000, 0.000000e+000, 0.000000e+000
 4.667000e-001, 2.886255e+003,-1.661526e+003,-1.719255e+003, 1.194917e+003, 6.075223e+001,-1.059068e+002, 1.503812e+003, 0.000000e+000, 0.000000e+000, 0.000000e+000
 4.667500e-001, 2.890124e+003,-1.605373e+003,-1.773935e+003, 1.261588e+003, 6.071124e+001,-1.079053e+002, 1.569176e+003, 0.000000e+000, 0.000000e+000, 0.000000e+000
 4.668000e-001, 2.887559e+003,-1.548175e+003,-1.828409e+003, 1.327811e+003, 6.063623e+001,-1.098788e+002, 1.634412e+003, 0.000000e+000, 0.000000e+000, 0.000000e+000
 4.668500e-001, 2.889430e+003,-1.490977e+003,-1.882036e+003, 1.393559e+003, 6.053231e+001,-1.118113e+002, 1.698650e+003, 0.000000e+000, 0.000000e+000, 0.000000e+000
 4.669000e-001, 2.884758e+003,-1.432632e+003,-1.934973e+003, 1.458812e+003, 6.039494e+001,-1.137167e+002, 1.762711e+003, 0.000000e+000, 0.000000e+000, 0.000000e+000
 4.669500e-001, 2.884618e+003,-1.374473e+003,-1.987469e+003, 1.523544e+003, 6.022940e+001,-1.155794e+002, 1.825729e+003, 0.000000e+000, 0.000000e+000, 0.000000e+000
 4.670000e-001, 2.877857e+003,-1.315063e+003,-2.038799e+003, 1.587735e+003, 6.003128e+001,-1.174130e+002, 1.888522e+003, 0.000000e+000, 0.000000e+000, 0.000000e+000
 4.670500e-001, 2.875695e+003,-1.256025e+003,-2.090081e+003, 1.651360e+003, 5.980582e+001,-1.192023e+002, 1.950229e+003, 0.000000e+000, 0.000000e+000, 0.000000e+000
 4.671000e-001, 2.866864e+003,-1.195639e+003,-2.139743e+003, 1.714399e+003, 5.954887e+001,-1.209601e+002, 2.011663e+003, 0.000000e+000, 0.000000e+000, 0.000000e+000
 4.671500e-001, 2.862672e+003,-1.135804e+003,-2.189725e+003, 1.776828e+003, 5.926550e+001,-1.226721e+002, 2.071969e+003, 0.000000e+000, 0.000000e+000, 0.000000e+000
 4.672000e-001, 2.851796e+003,-1.074531e+003,-2.237663e+003, 1.838626e+003, 5.895199e+001,-1.243503e+002, 2.131957e+003, 0.000000e+000, 0.000000e+000, 0.000000e+000
 4.672500e-001, 2.845570e+003,-1.013980e+003,-2.286259e+003, 1.899771e+003, 5.861304e+001,-1.259814e+002, 2.190775e+003, 0.000000e+000, 0.000000e+000, 0.000000e+000
 4.673000e-001, 2.832673e+003,-9.519167e+002,-2.332423e+003, 1.960241e+003, 5.824551e+001,-1.275762e+002, 2.249228e+003, 0.000000e+000, 0.000000e+000, 0.000000e+000
 4.673500e-001, 2.824412e+003,-8.907269e+002,-2.379543e+003, 2.020016e+003, 5.785358e+001,-1.291228e+002, 2.306472e+003, 0.000000e+000, 0.000000e+000, 0.000000e+000
 4.674000e-001, 2.809522e+003,-8.279705e+002,-2.423891e+003, 2.079073e+003, 5.743481e+001,-1.306304e+002, 2.363306e+003, 0.000000e+000, 0.000000e+000, 0.000000e+000
 4.674500e-001, 2.799228e+003,-7.662204e+002,-2.469445e+003, 2.137395e+003, 5.699275e+001,-1.320889e+002, 2.418893e+003, 0.000000e+000, 0.000000e+000, 0.000000e+000
 4.675000e-001, 2.782377e+003,-7.028712e+002,-2.511938e+003, 2.194956e+003, 5.652576e+001,-1.335056e+002, 2.474025e+003, 0.000000e+000, 0.000000e+000, 0.000000e+000
 4.675500e-001, 2.770055e+003,-6.406373e+002,-2.555833e+003, 2.251741e+003, 5.603661e+001,-1.348725e+002, 2.527874e+003, 0.000000e+000, 0.000000e+000, 0.000000e+000
 4.676000e-001, 2.751276e+003,-5.767977e+002,-2.596441e+003, 2.307726e+003, 5.552458e+001,-1.361949e+002, 2.581224e+003, 0.000000e+000, 0.000000e+000, 0.000000e+000
 4.676500e-001, 2.736934e+003,-5.141561e+002,-2.638586e+003, 2.362896e+003, 5.499155e+001,-1.374669e+002, 2.633257e+003, 0.000000e+000, 0.000000e+000, 0.000000e+000
 4.677000e-001, 2.716262e+003,-4.499305e+002,-2.677280e+003, 2.417225e+003, 5.443779e+001,-1.386916e+002, 2.684748e+003, 0.000000e+000, 0.000000e+000, 0.000000e+000
 4.677500e-001, 2.699912e+003,-3.869567e+002,-2.717585e+003, 2.470701e+003, 5.386421e+001,-1.398654e+002, 2.734888e+003, 0.000000e+000, 0.000000e+000, 0.000000e+000
 4.678000e-001, 2.677388e+003,-3.224504e+002,-2.754341e+003, 2.523300e+003, 5.327212e+001,-1.409892e+002, 2.784445e+003, 0.000000e+000, 0.000000e+000, 0.000000e+000
 4.678500e-001, 2.659043e+003,-2.592196e+002,-2.792716e+003, 2.575007e+003, 5.266141e+001,-1.420617e+002, 2.832619e+003, 0.000000e+000, 0.000000e+000, 0.000000e+000
 4.679000e-001, 2.634707e+003,-1.945384e+002,-2.827514e+003, 2.625800e+003, 5.203443e+001,-1.430816e+002, 2.880169e+003, 0.000000e+000, 0.000000e+000, 0.000000e+000
 4.679500e-001, 2.614385e+003,-1.311264e+002,-2.863874e+003, 2.675666e+003, 5.139005e+001,-1.440499e+002, 2.926308e+003, 0.000000e+000, 0.000000e+000, 0.000000e+000
 4.680000e-001, 2.588280e+003,-6.637583e+001,-2.896695e+003, 2.724582e+003, 5.073162e+001,-1.449631e+002, 2.971783e+003, 0.000000e+000, 0.000000e+000, 0.000000e+000
 4.680500e-001, 2.566001e+003,-2.858720e+000,-2.930956e+003, 2.772537e+003, 5.005703e+001,-1.458245e+002, 3.015818e+003, 0.000000e+000, 0.000000e+000, 0.000000e+000
 4.681000e-001, 2.538175e+003, 6.185610e+001,-2.961784e+003, 2.819508e+003, 4.937056e+001,-1.466284e+002, 3.059151e+003, 0.000000e+000, 0.000000e+000, 0.000000e+000
 4.681500e-001, 2.513963e+003, 1.254012e+002,-2.993868e+003, 2.865484e+003, 4.866915e+001,-1.473803e+002, 3.101018e+003, 0.000000e+000, 0.000000e+000, 0.000000e+000
 4.682000e-001, 2.484462e+003, 1.899767e+002,-3.022688e+003, 2.910442e+003, 4.795795e+001,-1.480726e+002, 3.142148e+003, 0.000000e+000, 0.000000e+000, 0.000000e+000
 4.682500e-001, 2.458343e+003, 2.534715e+002,-3.052521e+003, 2.954375e+003, 4.723306e+001,-1.487127e+002, 3.181786e+003, 0.000000e+000, 0.000000e+000, 0.000000e+000
 4.683000e-001, 2.427219e+003, 3.178057e+002,-3.079318e+003, 2.997258e+003, 4.650035e+001,-1.492912e+002, 3.220652e+003, 0.000000e+000, 0.000000e+000, 0.000000e+000
 4.683500e-001, 2.399223e+003, 3.811704e+002,-3.106833e+003, 3.039085e+003, 4.575517e+001,-1.498175e+002, 3.258004e+003, 0.000000e+000, 0.000000e+000, 0.000000e+000
 4.684000e-001, 2.366526e+003, 4.451638e+002,-3.131590e+003, 3.079833e+003, 4.500400e+001,-1.502805e+002, 3.294549e+003, 0.000000e+000, 0.000000e+000, 0.000000e+000
 4.684500e-001, 2.336687e+003, 5.083169e+002,-3.156726e+003, 3.119496e+003, 4.424158e+001,-1.506911e+002, 3.329561e+003, 0.000000e+000, 0.000000e+000, 0.000000e+000
 4.685000e-001, 2.302472e+003, 5.718727e+002,-3.179429e+003, 3.158050e+003, 4.347482e+001,-1.510370e+002, 3.363733e+003, 0.000000e+000, 0.000000e+000, 0.000000e+000
 4.685500e-001, 2.270825e+003, 6.347307e+002,-3.202133e+003, 3.195492e+003, 4.269801e+001,-1.513304e+002, 3.396353e+003, 0.000000e+000, 0.000000e+000, 0.000000e+000
 4.686000e-001, 2.235147e+003, 6.977552e+002,-3.222763e+003, 3.231798e+003, 4.191833e+001,-1.515580e+002, 3.428104e+003, 0.000000e+000, 0.000000e+000, 0.000000e+000
 4.686500e-001, 2.201733e+003, 7.602327e+002,-3.242988e+003, 3.266967e+003, 4.112978e+001,-1.517329e+002, 3.458285e+003, 0.000000e+000, 0.000000e+000, 0.000000e+000
 4.687000e-001, 2.164647e+003, 8.226355e+002,-3.261528e+003, 3.300974e+003, 4.033960e+001,-1.518411e+002, 3.487568e+003, 0.000000e+000, 0.000000e+000, 0.000000e+000
 4.687500e-001, 2.129508e+003, 8.846452e+002,-3.279237e+003, 3.333819e+003, 3.954171e+001,-1.518965e+002, 3.515267e+003, 0.000000e+000, 0.000000e+000, 0.000000e+000
 4.688000e-001, 2.091074e+003, 9.463395e+002,-3.295665e+003, 3.365478e+003, 3.874323e+001,-1.518848e+002, 3.542041e+003, 0.000000e+000, 0.000000e+000, 0.000000e+000
 4.688500e-001, 2.054257e+003, 1.007792e+003,-3.310828e+003, 3.395953e+003, 3.793813e+001,-1.518200e+002, 3.567218e+003, 0.000000e+000, 0.000000e+000, 0.000000e+000
 4.689000e-001, 2.014532e+003, 1.068695e+003,-3.325122e+003, 3.425219e+003, 3.713326e+001,-1.516879e+002, 3.591445e+003, 0.000000e+000, 0.000000e+000, 0.000000e+000
 4.689500e-001, 1.976085e+003, 1.129499e+003,-3.337718e+003, 3.453280e+003, 3.632285e+001,-1.515025e+002, 3.614064e+003, 0.000000e+000, 0.000000e+000, 0.000000e+000
 4.690000e-001, 1.935130e+003, 1.189531e+003,-3.349854e+003, 3.480112e+003, 3.551324e+001,-1.512500e+002, 3.635710e+003, 0.000000e+000, 0.000000e+000, 0.000000e+000
 4.690500e-001, 1.895108e+003, 1.249594e+003,-3.359871e+003, 3.505719e+003, 3.469910e+001,-1.509440e+002, 3.655739e+003, 0.000000e+000, 0.000000e+000, 0.000000e+000
 4.691000e-001, 1.852982e+003, 1.308679e+003,-3.369822e+003, 3.530078e+003, 3.388612e+001,-1.505713e+002, 3.674774e+003, 0.000000e+000, 0.000000e+000, 0.000000e+000
 4.691500e-001, 1.811440e+003, 1.367908e+003,-3.377255e+003, 3.553194e+003, 3.306957e+001,-1.501450e+002, 3.692185e+003, 0.000000e+000, 0.000000e+000, 0.000000e+000
 4.692000e-001, 1.768204e+003, 1.425973e+003,-3.384995e+003, 3.575045e+003, 3.225433e+001,-1.496526e+002, 3.708582e+003, 0.000000e+000, 0.000000e+000, 0.000000e+000
 4.692500e-001, 1.725202e+003, 1.484273e+003,-3.389849e+003, 3.595636e+003, 3.143639e+001,-1.491065e+002, 3.723350e+003, 0.000000e+000, 0.000000e+000, 0.000000e+000
 4.693000e-001, 1.680919e+003, 1.541249e+003,-3.395348e+003, 3.614947e+003, 3.061971e+001,-1.484954e+002, 3.737088e+003, 0.000000e+000, 0.000000e+000, 0.000000e+000
 4.693500e-001, 1.636518e+003, 1.598525e+003,-3.397633e+003, 3.632984e+003, 2.980113e+001,-1.478303e+002, 3.749193e+003, 0.000000e+000, 0.000000e+000, 0.000000e+000
 4.694000e-001, 1.591250e+003, 1.654347e+003,-3.400863e+003, 3.649727e+003, 2.898358e+001,-1.471017e+002, 3.760252e+003, 0.000000e+000, 0.000000e+000, 0.000000e+000
 4.694500e-001, 1.545515e+003, 1.710504e+003,-3.400599e+003, 3.665184e+003, 2.816485e+001,-1.463189e+002, 3.769678e+003, 0.000000e+000, 0.000000e+000, 0.000000e+000
 4.695000e-001, 1.499325e+003, 1.765108e+003,-3.401530e+003, 3.679334e+003, 2.734674e+001,-1.454742e+002, 3.778046e+003, 0.000000e+000, 0.000000e+000, 0.000000e+000
 4.695500e-001, 1.452323e+003, 1.820051e+003,-3.398741e+003, 3.692187e+003, 2.652807e+001,-1.445752e+002, 3.784780e+003, 0.000000e+000, 0.000000e+000, 0.000000e+000
 4.696000e-001, 1.405275e+003, 1.873375e+003,-3.397346e+003, 3.703724e+003, 2.570949e+001,-1.436163e+002, 3.790445e+003, 0.000000e+000, 0.000000e+000, 0.000000e+000
 4.696500e-001, 1.357077e+003, 1.927013e+003,-3.392063e+003, 3.713953e+003, 2.489087e+001,-1.426030e+002, 3.794479e+003, 0.000000e+000, 0.000000e+000, 0.000000e+000
 4.697000e-001, 1.309234e+003, 1.978999e+003,-3.388314e+003, 3.722859e+003, 2.407170e+001,-1.415319e+002, 3.797435e+003, 0.000000e+000, 0.000000e+000, 0.000000e+000
 4.697500e-001, 1.259913e+003, 2.031240e+003,-3.380575e+003, 3.730450e+003, 2.325288e+001,-1.404064e+002, 3.798764e+003, 0.000000e+000, 0.000000e+000, 0.000000e+000
 4.698000e-001, 1.211339e+003, 2.081829e+003,-3.374445e+003, 3.736712e+003, 2.243279e+001,-1.392255e+002, 3.799010e+003, 0.000000e+000, 0.000000e+000, 0.000000e+000
 4.698500e-001, 1.160969e+003, 2.132584e+003,-3.364291e+003, 3.741652e+003, 2.161334e+001,-1.379904e+002, 3.797635e+003, 0.000000e+000, 0.000000e+000, 0.000000e+000
 4.699000e-001, 1.111729e+003, 2.181720e+003,-3.355759e+003, 3.745259e+003, 2.079184e+001,-1.367023e+002, 3.795172e+003, 0.000000e+000, 0.000000e+000, 0.000000e+000
 4.699500e-001, 1.060386e+003, 2.230904e+003,-3.343234e+003, 3.747541e+003, 1.997115e+001,-1.353604e+002, 3.791094e+003, 0.000000e+000, 0.000000e+000, 0.000000e+000
 4.700000e-001, 1.010545e+003, 2.278531e+003,-3.332280e+003, 3.748486e+003, 1.914760e+001,-1.339680e+002, 3.785928e+003, 0.000000e+000, 0.000000e+000, 0.000000e+000
 4.700500e-001, 9.583088e+002, 2.326061e+003,-3.317432e+003, 3.748104e+003, 1.832491e+001,-1.325222e+002, 3.779156e+003, 0.000000e+000, 0.000000e+000, 0.000000e+000
 4.701000e-001, 9.079307e+002, 2.372124e+003,-3.304042e+003, 3.746386e+003, 1.749856e+001,-1.310287e+002, 3.771297e+003, 0.000000e+000, 0.000000e+000, 0.000000e+000
 4.701500e-001, 8.548821e+002, 2.417923e+003,-3.286922e+003, 3.743341e+003, 1.667299e+001,-1.294825e+002, 3.761842e+003, 0.000000e+000, 0.000000e+000, 0.000000e+000
 4.702000e-001, 8.040325e+002, 2.462366e+003,-3.271086e+003, 3.738960e+003, 1.584297e+001,-1.278913e+002, 3.751303e+003, 0.000000e+000, 0.000000e+000, 0.000000e+000
 4.702500e-001, 7.502533e+002, 2.506361e+003,-3.251744e+003, 3.733254e+003, 1.501355e+001,-1.262482e+002, 3.739180e+003, 0.000000e+000, 0.000000e+000, 0.000000e+000
 4.703000e-001, 6.989972e+002, 2.549128e+003,-3.233458e+003, 3.726215e+003, 1.417896e+001,-1.245628e+002, 3.725978e+003, 0.000000e+000, 0.000000e+000, 0.000000e+000
 4.703500e-001, 6.445712e+002, 2.591250e+003,-3.211947e+003, 3.717856e+003, 1.334465e+001,-1.228266e+002, 3.711206e+003, 0.000000e+000, 0.000000e+000, 0.000000e+000
 4.704000e-001, 5.929736e+002, 2.632286e+003,-3.191212e+003, 3.708168e+003, 1.250453e+001,-1.210509e+002, 3.695363e+003, 0.000000e+000, 0.000000e+000, 0.000000e+000
 4.704500e-001, 5.379858e+002, 2.672472e+003,-3.167585e+003, 3.697165e+003, 1.166426e+001,-1.192257e+002, 3.677965e+003, 0.000000e+000, 0.000000e+000, 0.000000e+000
 4.705000e-001, 4.861116e+002, 2.711720e+003,-3.144410e+003, 3.684842e+003, 1.081763e+001,-1.173636e+002, 3.659505e+003, 0.000000e+000, 0.000000e+000, 0.000000e+000
 4.705500e-001, 4.306487e+002, 2.749914e+003,-3.118719e+003, 3.671210e+003, 9.970326e+000,-1.154535e+002, 3.639507e+003, 0.000000e+000, 0.000000e+000, 0.000000e+000
 4.706000e-001, 3.785623e+002, 2.787316e+003,-3.093121e+003, 3.656267e+003, 9.116227e+000,-1.135092e+002, 3.618458e+003, 0.000000e+000, 0.000000e+000, 0.000000e+000
 4.706500e-001, 3.227118e+002, 2.823465e+003,-3.065416e+003, 3.640025e+003, 8.260834e+000,-1.115185e+002, 3.595890e+003, 0.000000e+000, 0.000000e+000, 0.000000e+000
 4.707000e-001, 2.704776e+002, 2.858965e+003,-3.037419e+003, 3.622483e+003, 7.398336e+000,-1.094963e+002, 3.572286e+003, 0.000000e+000, 0.000000e+000, 0.000000e+000
 4.707500e-001, 2.143284e+002, 2.893024e+003,-3.007751e+003, 3.603652e+003, 6.533846e+000,-1.074296e+002, 3.547181e+003, 0.000000e+000, 0.000000e+000, 0.000000e+000
 4.708000e-001, 1.620099e+002, 2.926563e+003,-2.977385e+003, 3.583535e+003, 5.662081e+000,-1.053338e+002, 3.521056e+003, 0.000000e+000, 0.000000e+000, 0.000000e+000
 4.708500e-001, 1.056519e+002, 2.958491e+003,-2.945802e+003, 3.562142e+003, 4.787559e+000,-1.031955e+002, 3.493451e+003, 0.000000e+000, 0.000000e+000, 0.000000e+000
 4.709000e-001, 5.331216e+001, 2.990012e+003,-2.913106e+003, 3.539477e+003, 3.905738e+000,-1.010307e+002, 3.464845e+003, 0.000000e+000, 0.000000e+000, 0.000000e+000
 4.709500e-001,-3.163842e+000, 3.019776e+003,-2.879656e+003, 3.515551e+003, 3.020347e+000,-9.882555e+001, 3.434780e+003, 0.000000e+000, 0.000000e+000, 0.000000e+000
 4.710000e-001,-5.546252e+001, 3.049220e+003,-2.844678e+003, 3.490370e+003, 2.127783e+000,-9.659607e+001, 3.403735e+003, 0.000000e+000, 0.000000e+000, 0.000000e+000
 4.710500e-001,-1.119648e+002, 3.076792e+003,-2.809405e+003, 3.463945e+003, 1.230807e+000,-9.432877e+001, 3.371255e+003, 0.000000e+000, 0.000000e+000, 0.000000e+000
 4.711000e-001,-1.641610e+002, 3.104101e+003,-2.772199e+003, 3.436284e+003, 3.269318e-001,-9.203922e+001, 3.337816e+003, 0.000000e+000, 0.000000e+000, 0.000000e+000
 4.711500e-001,-2.205972e+002, 3.129457e+003,-2.735148e+003, 3.407397e+003,-5.822030e-001,-8.971443e+001, 3.302967e+003, 0.000000e+000, 0.000000e+000, 0.000000e+000
 4.712000e-001,-2.726302e+002, 3.154574e+003,-2.695775e+003, 3.377293e+003,-1.497816e+000,-8.736935e+001, 3.267184e+003, 0.000000e+000, 0.000000e+000, 0.000000e+000
 4.712500e-001,-3.289073e+002, 3.177697e+003,-2.656989e+003, 3.345985e+003,-2.419524e+000,-8.499175e+001, 3.230015e+003, 0.000000e+000, 0.000000e+000, 0.000000e+000
 4.713000e-001,-3.807176e+002, 3.200567e+003,-2.615518e+003, 3.313483e+003,-3.347146e+000,-8.259566e+001, 3.191940e+003, 0.000000e+000, 0.000000e+000, 0.000000e+000
 4.713500e-001,-4.367422e+002, 3.221443e+003,-2.575037e+003, 3.279797e+003,-4.281661e+000,-8.016987e+001, 3.152506e+003, 0.000000e+000, 0.000000e+000, 0.000000e+000
 4.714000e-001,-4.882709e+002, 3.242011e+003,-2.531544e+003, 3.244942e+003,-5.221393e+000,-7.772726e+001, 3.112192e+003, 0.000000e+000, 0.000000e+000, 0.000000e+000
 4.714500e-001,-5.439495e+002, 3.260632e+003,-2.489410e+003, 3.208928e+003,-6.168755e+000,-7.525781e+001, 3.070549e+003, 0.000000e+000, 0.000000e+000, 0.000000e+000
 4.715000e-001,-5.951389e+002, 3.278847e+003,-2.443974e+003, 3.171769e+003,-7.120511e+000,-7.277307e+001, 3.028056e+003, 0.000000e+000, 0.000000e+000, 0.000000e+000
 4.715500e-001,-6.503779e+002, 3.295208e+003,-2.400228e+003, 3.133477e+003,-8.080549e+000,-7.026443e+001, 2.984262e+003, 0.000000e+000, 0.000000e+000, 0.000000e+000
 4.716000e-001,-7.011709e+002, 3.311020e+003,-2.352937e+003, 3.094068e+003,-9.044046e+000,-6.774187e+001, 2.939650e+003, 0.000000e+000, 0.000000e+000, 0.000000e+000
 4.716500e-001,-7.558770e+002, 3.325118e+003,-2.307620e+003, 3.053553e+003,-1.001637e+001,-6.519836e+001, 2.893767e+003, 0.000000e+000, 0.000000e+000, 0.000000e+000
 4.717000e-001,-8.062175e+002, 3.338483e+003,-2.258562e+003, 3.011950e+003,-1.099112e+001,-6.264219e+001, 2.847101e+003, 0.000000e+000, 0.000000e+000, 0.000000e+000
 4.717500e-001,-8.602981e+002, 3.350321e+003,-2.211716e+003, 2.969271e+003,-1.197511e+001,-6.006799e+001, 2.799194e+003, 0.000000e+000, 0.000000e+000, 0.000000e+000
 4.718000e-001,-9.101305e+002, 3.361197e+003,-2.160986e+003, 2.925534e+003,-1.296040e+001,-5.748228e+001, 2.750539e+003, 0.000000e+000, 0.000000e+000, 0.000000e+000
 4.718500e-001,-9.634938e+002, 3.370777e+003,-2.112654e+003, 2.880750e+003,-1.395519e+001,-5.488140e+001, 2.700675e+003, 0.000000e+000, 0.000000e+000, 0.000000e+000
 4.719000e-001,-1.012763e+003, 3.379126e+003,-2.060350e+003, 2.834943e+003,-1.495008e+001,-5.227009e+001, 2.650100e+003, 0.000000e+000, 0.000000e+000, 0.000000e+000
 4.719500e-001,-1.065319e+003, 3.386455e+003,-2.010578e+003, 2.788120e+003,-1.595457e+001,-4.964640e+001, 2.598349e+003, 0.000000e+000, 0.000000e+000, 0.000000e+000
 4.720000e-001,-1.113970e+003, 3.392247e+003,-1.956797e+003, 2.740307e+003,-1.695790e+001,-4.701325e+001, 2.545926e+003, 0.000000e+000, 0.000000e+000, 0.000000e+000
 4.720500e-001,-1.165629e+003, 3.397330e+003,-1.905633e+003, 2.691512e+003,-1.797072e+001,-4.437041e+001, 2.492360e+003, 0.000000e+000, 0.000000e+000, 0.000000e+000
 4.721000e-001,-1.213608e+003, 3.400538e+003,-1.850477e+003, 2.641763e+003,-1.898111e+001,-4.171904e+001, 2.438162e+003, 0.000000e+000, 0.000000e+000, 0.000000e+000
 4.721500e-001,-1.264283e+003, 3.403384e+003,-1.797971e+003, 2.591067e+003,-2.000066e+001,-3.906053e+001, 2.382857e+003, 0.000000e+000, 0.000000e+000, 0.000000e+000
 4.722000e-001,-1.311535e+003, 3.403989e+003,-1.741540e+003, 2.539453e+003,-2.101645e+001,-3.639436e+001, 2.326961e+003, 0.000000e+000, 0.000000e+000, 0.000000e+000
 4.722500e-001,-1.361143e+003, 3.404606e+003,-1.687747e+003, 2.486928e+003,-2.204087e+001,-3.372346e+001, 2.269992e+003, 0.000000e+000, 0.000000e+000, 0.000000e+000
 4.723000e-001,-1.407613e+003, 3.402593e+003,-1.630142e+003, 2.433524e+003,-2.306020e+001,-3.104577e+001, 2.212477e+003, 0.000000e+000, 0.000000e+000, 0.000000e+000
 4.723500e-001,-1.456071e+003, 3.400989e+003,-1.575120e+003, 2.379247e+003,-2.408740e+001,-2.836558e+001, 2.153925e+003, 0.000000e+000, 0.000000e+000, 0.000000e+000
 4.724000e-001,-1.501704e+003, 3.396352e+003,-1.516442e+003, 2.324130e+003,-2.510817e+001,-2.567945e+001, 2.094870e+003, 0.000000e+000, 0.000000e+000, 0.000000e+000
 4.724500e-001,-1.548935e+003, 3.392537e+003,-1.460254e+003, 2.268179e+003,-2.613580e+001,-2.299288e+001, 2.034815e+003, 0.000000e+000, 0.000000e+000, 0.000000e+000
 4.725000e-001,-1.593674e+003, 3.385276e+003,-1.400601e+003, 2.211427e+003,-2.715568e+001,-2.030124e+001, 1.974305e+003, 0.000000e+000, 0.000000e+000, 0.000000e+000
 4.725500e-001,-1.639602e+003, 3.379257e+003,-1.343315e+003, 2.153883e+003,-2.818118e+001,-1.761101e+001, 1.912831e+003, 0.000000e+000, 0.000000e+000, 0.000000e+000
 4.726000e-001,-1.683391e+003, 3.369380e+003,-1.282783e+003, 2.095580e+003,-2.919763e+001,-1.491661e+001, 1.850948e+003, 0.000000e+000, 0.000000e+000, 0.000000e+000
 4.726500e-001,-1.727946e+003, 3.361165e+003,-1.224471e+003, 2.036525e+003,-3.021822e+001,-1.222530e+001, 1.788141e+003, 0.000000e+000, 0.000000e+000, 0.000000e+000
 4.727000e-001,-1.770727e+003, 3.348687e+003,-1.163156e+003, 1.976754e+003,-3.122848e+001,-9.530749e+000, 1.724973e+003, 0.000000e+000, 0.000000e+000, 0.000000e+000
 4.727500e-001,-1.813842e+003, 3.338283e+003,-1.103894e+003, 1.916274e+003,-3.224118e+001,-6.840768e+000, 1.660919e+003, 0.000000e+000, 0.000000e+000, 0.000000e+000
 4.728000e-001,-1.855556e+003, 3.323227e+003,-1.041889e+003, 1.855120e+003,-3.324232e+001,-4.148543e+000, 1.596554e+003, 0.000000e+000, 0.000000e+000, 0.000000e+000
 4.728500e-001,-1.897169e+003, 3.310641e+003,-9.817579e+002, 1.793302e+003,-3.424397e+001,-1.462181e+000, 1.531342e+003, 0.000000e+000, 0.000000e+000, 0.000000e+000
 4.729000e-001,-1.937756e+003, 3.293036e+003,-9.191533e+002, 1.730855e+003,-3.523287e+001, 1.225375e+000, 1.465871e+003, 0.000000e+000, 0.000000e+000, 0.000000e+000
 4.729500e-001,-1.977810e+003, 3.278274e+003,-8.582391e+002, 1.667788e+003,-3.622015e+001, 3.905943e+000, 1.399591e+003, 0.000000e+000, 0.000000e+000, 0.000000e+000
 4.730000e-001,-2.017208e+003, 3.258158e+003,-7.951221e+002, 1.604137e+003,-3.719355e+001, 6.586586e+000, 1.333104e+003, 0.000000e+000, 0.000000e+000, 0.000000e+000
 4.730500e-001,-2.055651e+003, 3.241227e+003,-7.335153e+002, 1.539912e+003,-3.816301e+001, 9.259275e+000, 1.265849e+003, 0.000000e+000, 0.000000e+000, 0.000000e+000
 4.731000e-001,-2.093799e+003, 3.218644e+003,-6.699708e+002, 1.475148e+003,-3.911752e+001, 1.193085e+001, 1.198439e+003, 0.000000e+000, 0.000000e+000, 0.000000e+000
 4.731500e-001,-2.130582e+003, 3.199548e+003,-6.077656e+002, 1.409856e+003,-4.006560e+001, 1.459363e+001, 1.130302e+003, 0.000000e+000, 0.000000e+000, 0.000000e+000
 4.732000e-001,-2.167416e+003, 3.174548e+003,-5.438761e+002, 1.344073e+003,-4.099772e+001, 1.725403e+001, 1.062064e+003, 0.000000e+000, 0.000000e+000, 0.000000e+000
 4.732500e-001,-2.202497e+003, 3.153296e+003,-4.811703e+002, 1.277809e+003,-4.192079e+001, 1.990494e+001, 9.931394e+002, 0.000000e+000, 0.000000e+000, 0.000000e+000
 4.733000e-001,-2.237954e+003, 3.125936e+003,-4.170161e+002, 1.211101e+003,-4.282697e+001, 2.255211e+001, 9.241691e+002, 0.000000e+000, 0.000000e+000, 0.000000e+000
 4.733500e-001,-2.271294e+003, 3.102533e+003,-3.539103e+002, 1.143960e+003,-4.372136e+001, 2.518917e+001, 8.545528e+002, 0.000000e+000, 0.000000e+000, 0.000000e+000
 4.734000e-001,-2.305311e+003, 3.072876e+003,-2.895698e+002, 1.076421e+003,-4.459797e+001, 2.782107e+001, 7.849463e+002, 0.000000e+000, 0.000000e+000, 0.000000e+000
 4.734500e-001,-2.336877e+003, 3.047331e+003,-2.261675e+002, 1.008499e+003,-4.545999e+001, 3.044230e+001, 7.147355e+002, 0.000000e+000, 0.000000e+000, 0.000000e+000
 4.735000e-001,-2.369389e+003, 3.015445e+003,-1.617174e+002, 9.402271e+002,-4.630343e+001, 3.305689e+001, 6.445903e+002, 0.000000e+000, 0.000000e+000, 0.000000e+000
 4.735500e-001,-2.399152e+003, 2.987768e+003,-9.812361e+001, 8.716211e+002,-4.712944e+001, 3.566029e+001, 5.738831e+002, 0.000000e+000, 0.000000e+000, 0.000000e+000
 4.736000e-001,-2.430095e+003, 2.953725e+003,-3.363931e+001, 8.027137e+002,-4.793612e+001, 3.825550e+001, 5.032977e+002, 0.000000e+000, 0.000000e+000, 0.000000e+000
 4.736500e-001,-2.458030e+003, 2.923926e+003, 3.003943e+001, 7.335217e+002,-4.872252e+001, 4.083900e+001, 4.321927e+002, 0.000000e+000, 0.000000e+000, 0.000000e+000
 4.737000e-001,-2.487341e+003, 2.887804e+003, 9.448329e+001, 6.640770e+002,-4.948893e+001, 4.341270e+001, 3.612663e+002, 0.000000e+000, 0.000000e+000, 0.000000e+000
 4.737500e-001,-2.513427e+003, 2.855897e+003, 1.581400e+002, 5.943979e+002,-5.023223e+001, 4.597416e+001, 2.898631e+002, 0.000000e+000, 0.000000e+000, 0.000000e+000
 4.738000e-001,-2.541046e+003, 2.817776e+003, 2.224693e+002, 5.245148e+002,-5.095496e+001, 4.852416e+001, 2.186954e+002, 0.000000e+000, 0.000000e+000, 0.000000e+000
 4.738500e-001,-2.565265e+003, 2.783779e+003, 2.859971e+002, 4.544478e+002,-5.165182e+001, 5.106135e+001, 1.470942e+002, 0.000000e+000, 0.000000e+000, 0.000000e+000
 4.739000e-001,-2.591131e+003, 2.743742e+003, 3.501376e+002, 3.842260e+002,-5.232759e+001, 5.358537e+001, 7.578540e+001, 0.000000e+000, 0.000000e+000, 0.000000e+000
 4.739500e-001,-2.613469e+003, 2.707674e+003, 4.134303e+002, 3.138708e+002,-5.297485e+001, 5.609593e+001, 4.086662e+000, 0.000000e+000, 0.000000e+000, 0.000000e+000
 4.740000e-001,-2.637524e+003, 2.665807e+003, 4.773074e+002, 2.434101e+002,-5.360055e+001, 5.859160e+001,-6.726249e+001, 0.000000e+000, 0.000000e+000, 0.000000e+000
 4.740500e-001,-2.657970e+003, 2.627693e+003, 5.402602e+002, 1.728669e+002,-5.419526e+001, 6.107306e+001,-1.389578e+002, 0.000000e+000, 0.000000e+000, 0.000000e+000
 4.741000e-001,-2.680159e+003, 2.584082e+003, 6.037986e+002, 1.022673e+002,-5.476801e+001, 6.353789e+001,-2.102465e+002, 0.000000e+000, 0.000000e+000, 0.000000e+000
 4.741500e-001,-2.698703e+003, 2.543951e+003, 6.663087e+002, 3.163614e+001,-5.530747e+001, 6.598764e+001,-2.818374e+002, 0.000000e+000, 0.000000e+000, 0.000000e+000
 4.742000e-001,-2.718974e+003, 2.498684e+003, 7.294318e+002,-3.900198e+001,-5.582464e+001, 6.841901e+001,-3.529647e+002, 0.000000e+000, 0.000000e+000, 0.000000e+000
 4.742500e-001,-2.735610e+003, 2.456569e+003, 7.913988e+002,-1.096209e+002,-5.630642e+001, 7.083429e+001,-4.243499e+002, 0.000000e+000, 0.000000e+000, 0.000000e+000
 4.743000e-001,-2.753915e+003, 2.409735e+003, 8.540288e+002,-1.801974e+002,-5.676566e+001, 7.322945e+001,-4.952150e+002, 0.000000e+000, 0.000000e+000, 0.000000e+000
 4.743500e-001,-2.768636e+003, 2.365675e+003, 9.153555e+002,-2.507040e+002,-5.718766e+001, 7.560738e+001,-5.662934e+002, 0.000000e+000, 0.000000e+000, 0.000000e+000
 4.744000e-001,-2.784932e+003, 2.317361e+003, 9.774127e+002,-3.211188e+002,-5.758691e+001, 7.796345e+001,-6.367955e+002, 0.000000e+000, 0.000000e+000, 0.000000e+000
 4.744500e-001,-2.797733e+003, 2.271401e+003, 1.038005e+003,-3.914133e+002,-5.794735e+001, 8.030097e+001,-7.074664e+002, 0.000000e+000, 0.000000e+000, 0.000000e+000
 4.745000e-001,-2.811980e+003, 2.221695e+003, 1.099408e+003,-4.615669e+002,-5.828491e+001, 8.261494e+001,-7.775052e+002, 0.000000e+000, 0.000000e+000, 0.000000e+000
 4.745500e-001,-2.822858e+003, 2.173885e+003, 1.159177e+003,-5.315498e+002,-5.858238e+001, 8.490888e+001,-8.476680e+002, 0.000000e+000, 0.000000e+000, 0.000000e+000
 4.746000e-001,-2.835022e+003, 2.122873e+003, 1.219842e+003,-6.013428e+002,-5.885690e+001, 8.717760e+001,-9.171436e+002, 0.000000e+000, 0.000000e+000, 0.000000e+000
 4.746500e-001,-2.843975e+003, 2.073269e+003, 1.278700e+003,-6.709153e+002,-5.909036e+001, 8.942464e+001,-9.866982e+002, 0.000000e+000, 0.000000e+000, 0.000000e+000
 4.747000e-001,-2.854025e+003, 2.021035e+003, 1.338544e+003,-7.402491e+002,-5.930085e+001, 9.164481e+001,-1.055511e+003, 0.000000e+000, 0.000000e+000, 0.000000e+000
 4.747500e-001,-2.861050e+003, 1.969699e+003, 1.396409e+003,-8.093130e+002,-5.946966e+001, 9.384152e+001,-1.124359e+003, 0.000000e+000, 0.000000e+000, 0.000000e+000
 4.748000e-001,-2.868964e+003, 1.916327e+003, 1.455343e+003,-8.780897e+002,-5.961554e+001, 9.600977e+001,-1.192411e+003, 0.000000e+000, 0.000000e+000, 0.000000e+000
 4.748500e-001,-2.874058e+003, 1.863328e+003, 1.512139e+003,-9.465475e+002,-5.971944e+001, 9.815259e+001,-1.260452e+003, 0.000000e+000, 0.000000e+000, 0.000000e+000
 4.749000e-001,-2.879817e+003, 1.808897e+003, 1.570075e+003,-1.014670e+003,-5.980052e+001, 1.002654e+002,-1.327646e+003, 0.000000e+000, 0.000000e+000, 0.000000e+000
 4.749500e-001,-2.882979e+003, 1.754310e+003, 1.625728e+003,-1.082425e+003,-5.983966e+001, 1.023507e+002,-1.394784e+003, 0.000000e+000, 0.000000e+000, 0.000000e+000
 4.750000e-001,-2.886570e+003, 1.698900e+003, 1.682576e+003,-1.149797e+003,-5.985615e+001, 1.044045e+002,-1.461022e+003, 0.000000e+000, 0.000000e+000, 0.000000e+000
 4.750500e-001,-2.887799e+003, 1.642805e+003, 1.737018e+003,-1.216755e+003,-5.983107e+001, 1.064285e+002,-1.527160e+003, 0.000000e+000, 0.000000e+000, 0.000000e+000
 4.751000e-001,-2.889214e+003, 1.586492e+003, 1.792687e+003,-1.283282e+003,-5.978357e+001, 1.084196e+002,-1.592348e+003, 0.000000e+000, 0.000000e+000, 0.000000e+000
 4.751500e-001,-2.888510e+003, 1.528974e+003, 1.845851e+003,-1.349347e+003,-5.969522e+001, 1.103786e+002,-1.657391e+003, 0.000000e+000, 0.000000e+000, 0.000000e+000
 4.752000e-001,-2.887746e+003, 1.471832e+003, 1.900250e+003,-1.414935e+003,-5.958472e+001, 1.123033e+002,-1.721434e+003, 0.000000e+000, 0.000000e+000, 0.000000e+000
 4.752500e-001,-2.885108e+003, 1.412985e+003, 1.952077e+003,-1.480014e+003,-5.943439e+001, 1.141934e+002,-1.785288e+003, 0.000000e+000, 0.000000e+000, 0.000000e+000
 4.753000e-001,-2.882169e+003, 1.355085e+003, 2.005112e+003,-1.544571e+003,-5.926228e+001, 1.160479e+002,-1.848095e+003, 0.000000e+000, 0.000000e+000, 0.000000e+000
 4.753500e-001,-2.877598e+003, 1.295004e+003, 2.055544e+003,-1.608574e+003,-5.905165e+001, 1.178654e+002,-1.910667e+003, 0.000000e+000, 0.000000e+000, 0.000000e+000
 4.754000e-001,-2.872492e+003, 1.236416e+003, 2.107126e+003,-1.672008e+003,-5.881965e+001, 1.196459e+002,-1.972146e+003, 0.000000e+000, 0.000000e+000, 0.000000e+000
 4.754500e-001,-2.865989e+003, 1.175203e+003, 2.156109e+003,-1.734844e+003,-5.855072e+001, 1.213869e+002,-2.033346e+003, 0.000000e+000, 0.000000e+000, 0.000000e+000
 4.755000e-001,-2.858729e+003, 1.115995e+003, 2.206145e+003,-1.797068e+003,-5.826089e+001, 1.230897e+002,-2.093408e+003, 0.000000e+000, 0.000000e+000, 0.000000e+000
 4.755500e-001,-2.850297e+003, 1.053756e+003, 2.253629e+003,-1.858649e+003,-5.793596e+001, 1.247503e+002,-2.153148e+003, 0.000000e+000, 0.000000e+000, 0.000000e+000
 4.756000e-001,-2.840901e+003, 9.939937e+002, 2.302030e+003,-1.919573e+003,-5.759068e+001, 1.263716e+002,-2.211706e+003, 0.000000e+000, 0.000000e+000, 0.000000e+000
 4.756500e-001,-2.830543e+003, 9.308367e+002, 2.347966e+003,-1.979812e+003,-5.721235e+001, 1.279482e+002,-2.269899e+003, 0.000000e+000, 0.000000e+000, 0.000000e+000
 4.757000e-001,-2.819032e+003, 8.705856e+002, 2.394644e+003,-2.039352e+003,-5.681426e+001, 1.294843e+002,-2.326868e+003, 0.000000e+000, 0.000000e+000, 0.000000e+000
 4.757500e-001,-2.806756e+003, 8.066224e+002, 2.438986e+003,-2.098165e+003,-5.638536e+001, 1.309732e+002,-2.383429e+003, 0.000000e+000, 0.000000e+000, 0.000000e+000
 4.758000e-001,-2.793156e+003, 7.459466e+002, 2.483857e+003,-2.156236e+003,-5.593734e+001, 1.324205e+002,-2.438726e+003, 0.000000e+000, 0.000000e+000, 0.000000e+000
 4.758500e-001,-2.778968e+003, 6.812911e+002, 2.526561e+003,-2.213541e+003,-5.546090e+001, 1.338182e+002,-2.493573e+003, 0.000000e+000, 0.000000e+000, 0.000000e+000
 4.759000e-001,-2.763307e+003, 6.202545e+002, 2.569541e+003,-2.270062e+003,-5.496604e+001, 1.351732e+002,-2.547117e+003, 0.000000e+000, 0.000000e+000, 0.000000e+000
 4.759500e-001,-2.747219e+003, 5.550222e+002, 2.610564e+003,-2.325777e+003,-5.444525e+001, 1.364762e+002,-2.600171e+003, 0.000000e+000, 0.000000e+000, 0.000000e+000
 4.760000e-001,-2.729530e+003, 4.936881e+002, 2.651577e+003,-2.380669e+003,-5.390681e+001, 1.377354e+002,-2.651884e+003, 0.000000e+000, 0.000000e+000, 0.000000e+000
 4.760500e-001,-2.711555e+003, 4.279952e+002, 2.690877e+003,-2.434716e+003,-5.334499e+001, 1.389404e+002,-2.703067e+003, 0.000000e+000, 0.000000e+000, 0.000000e+000
 4.761000e-001,-2.691873e+003, 3.664279e+002, 2.729847e+003,-2.487902e+003,-5.276632e+001, 1.401006e+002,-2.752875e+003, 0.000000e+000, 0.000000e+000, 0.000000e+000
 4.761500e-001,-2.672027e+003, 3.003910e+002, 2.767384e+003,-2.540206e+003,-5.216687e+001, 1.412046e+002,-2.802113e+003, 0.000000e+000, 0.000000e+000, 0.000000e+000
 4.762000e-001,-2.650388e+003, 2.386550e+002, 2.804243e+003,-2.591611e+003,-5.155143e+001, 1.422626e+002,-2.849941e+003, 0.000000e+000, 0.000000e+000, 0.000000e+000
 4.762500e-001,-2.628691e+003, 1.723902e+002, 2.839974e+003,-2.642097e+003,-5.091778e+001, 1.432626e+002,-2.897162e+003, 0.000000e+000, 0.000000e+000, 0.000000e+000
 4.763000e-001,-2.605135e+003, 1.105515e+002, 2.874658e+003,-2.691648e+003,-5.026904e+001, 1.442156e+002,-2.942942e+003, 0.000000e+000, 0.000000e+000, 0.000000e+000
 4.763500e-001,-2.581611e+003, 4.417367e+001, 2.908543e+003,-2.740246e+003,-4.960462e+001, 1.451088e+002,-2.988077e+003, 0.000000e+000, 0.000000e+000, 0.000000e+000
 4.764000e-001,-2.556180e+003,-1.770049e+001, 2.940994e+003,-2.787875e+003,-4.892605e+001, 1.459540e+002,-3.031741e+003, 0.000000e+000, 0.000000e+000, 0.000000e+000
 4.764500e-001,-2.530853e+003,-8.407787e+001, 2.972993e+003,-2.834516e+003,-4.823424e+001, 1.467379e+002,-3.074726e+003, 0.000000e+000, 0.000000e+000, 0.000000e+000
 4.765000e-001,-2.503590e+003,-1.459184e+002, 3.003157e+003,-2.880155e+003,-4.752925e+001, 1.474728e+002,-3.116211e+003, 0.000000e+000, 0.000000e+000, 0.000000e+000
 4.765500e-001,-2.476490e+003,-2.121841e+002, 3.033228e+003,-2.924774e+003,-4.681334e+001, 1.481452e+002,-3.156983e+003, 0.000000e+000, 0.000000e+000, 0.000000e+000
 4.766000e-001,-2.447441e+003,-2.739199e+002, 3.061061e+003,-2.968358e+003,-4.608525e+001, 1.487676e+002,-3.196228e+003, 0.000000e+000, 0.000000e+000, 0.000000e+000
 4.766500e-001,-2.418602e+003,-3.399653e+002, 3.089162e+003,-3.010892e+003,-4.534844e+001, 1.493264e+002,-3.234727e+003, 0.000000e+000, 0.000000e+000, 0.000000e+000
 4.767000e-001,-2.387814e+003,-4.015232e+002, 3.114623e+003,-3.052360e+003,-4.460044e+001, 1.498341e+002,-3.271675e+003, 0.000000e+000, 0.000000e+000, 0.000000e+000
 4.767500e-001,-2.357271e+003,-4.672426e+002, 3.140712e+003,-3.092749e+003,-4.384573e+001, 1.502775e+002,-3.307847e+003, 0.000000e+000, 0.000000e+000, 0.000000e+000
 4.768000e-001,-2.324792e+003,-5.285470e+002, 3.163769e+003,-3.132043e+003,-4.308086e+001, 1.506689e+002,-3.342444e+003, 0.000000e+000, 0.000000e+000, 0.000000e+000
 4.768500e-001,-2.292587e+003,-5.938380e+002, 3.187803e+003,-3.170229e+003,-4.231109e+001, 1.509954e+002,-3.376236e+003, 0.000000e+000, 0.000000e+000, 0.000000e+000
 4.769000e-001,-2.258467e+003,-6.548110e+002, 3.208429e+003,-3.207293e+003,-4.153217e+001, 1.512689e+002,-3.408432e+003, 0.000000e+000, 0.000000e+000, 0.000000e+000
 4.769500e-001,-2.224642e+003,-7.195747e+002, 3.230366e+003,-3.243223e+003,-4.074997e+001, 1.514773e+002,-3.439795e+003, 0.000000e+000, 0.000000e+000, 0.000000e+000
 4.770000e-001,-2.188932e+003,-7.801362e+002, 3.248541e+003,-3.278005e+003,-3.995961e+001, 1.516317e+002,-3.469544e+003, 0.000000e+000, 0.000000e+000, 0.000000e+000
 4.770500e-001,-2.153534e+003,-8.442774e+002, 3.268337e+003,-3.311627e+003,-3.916738e+001, 1.517211e+002,-3.498434e+003, 0.000000e+000, 0.000000e+000, 0.000000e+000
 4.771000e-001,-2.116288e+003,-9.043452e+002, 3.284048e+003,-3.344077e+003,-3.836795e+001, 1.517555e+002,-3.525693e+003, 0.000000e+000, 0.000000e+000, 0.000000e+000
 4.771500e-001,-2.079365e+003,-9.677722e+002, 3.301660e+003,-3.375344e+003,-3.756783e+001, 1.517251e+002,-3.552069e+003, 0.000000e+000, 0.000000e+000, 0.000000e+000
 4.772000e-001,-2.040637e+003,-1.027262e+003, 3.314900e+003,-3.405417e+003,-3.676143e+001, 1.516389e+002,-3.576797e+003, 0.000000e+000, 0.000000e+000, 0.000000e+000
 4.772500e-001,-2.002241e+003,-1.089887e+003, 3.330286e+003,-3.434284e+003,-3.595530e+001, 1.514885e+002,-3.600622e+003, 0.000000e+000, 0.000000e+000, 0.000000e+000
 4.773000e-001,-1.962088e+003,-1.148713e+003, 3.341054e+003,-3.461935e+003,-3.514377e+001, 1.512814e+002,-3.622785e+003, 0.000000e+000, 0.000000e+000, 0.000000e+000
 4.773500e-001,-1.922274e+003,-1.210452e+003, 3.354172e+003,-3.488361e+003,-3.433323e+001, 1.510108e+002,-3.644025e+003, 0.000000e+000, 0.000000e+000, 0.000000e+000
 4.774000e-001,-1.880755e+003,-1.268526e+003, 3.362472e+003,-3.513552e+003,-3.351812e+001, 1.506829e+002,-3.663592e+003, 0.000000e+000, 0.000000e+000, 0.000000e+000
 4.774500e-001,-1.839578e+003,-1.329298e+003, 3.373282e+003,-3.537499e+003,-3.270452e+001, 1.502924e+002,-3.682217e+003, 0.000000e+000, 0.000000e+000, 0.000000e+000
 4.775000e-001,-1.796752e+003,-1.386532e+003, 3.379124e+003,-3.560193e+003,-3.188709e+001, 1.498440e+002,-3.699160e+003, 0.000000e+000, 0.000000e+000, 0.000000e+000
 4.775500e-001,-1.754272e+003,-1.446259e+003, 3.387587e+003,-3.581626e+003,-3.107148e+001, 1.493342e+002,-3.715145e+003, 0.000000e+000, 0.000000e+000, 0.000000e+000
 4.776000e-001,-1.710201e+003,-1.502565e+003, 3.390985e+003,-3.601790e+003,-3.025271e+001, 1.487659e+002,-3.729440e+003, 0.000000e+000, 0.000000e+000, 0.000000e+000
 4.776500e-001,-1.666477e+003,-1.561173e+003, 3.397064e+003,-3.620679e+003,-2.943588e+001, 1.481376e+002,-3.742764e+003, 0.000000e+000, 0.000000e+000, 0.000000e+000
 4.777000e-001,-1.621226e+003,-1.616462e+003, 3.398038e+003,-3.638284e+003,-2.861648e+001, 1.474505e+002,-3.754391e+003, 0.000000e+000, 0.000000e+000, 0.000000e+000
 4.777500e-001,-1.576319e+003,-1.673879e+003, 3.401701e+003,-3.654601e+003,-2.779897e+001, 1.467050e+002,-3.765037e+003, 0.000000e+000, 0.000000e+000, 0.000000e+000
 4.778000e-001,-1.529953e+003,-1.728061e+003, 3.400272e+003,-3.669621e+003,-2.697937e+001, 1.459004e+002,-3.773980e+003, 0.000000e+000, 0.000000e+000, 0.000000e+000
 4.778500e-001,-1.483927e+003,-1.784217e+003, 3.401488e+003,-3.683341e+003,-2.616146e+001, 1.450391e+002,-3.781933e+003, 0.000000e+000, 0.000000e+000, 0.000000e+000
 4.779000e-001,-1.436514e+003,-1.837207e+003, 3.397682e+003,-3.695754e+003,-2.534183e+001, 1.441187e+002,-3.788182e+003, 0.000000e+000, 0.000000e+000, 0.000000e+000
 4.779500e-001,-1.389432e+003,-1.892034e+003, 3.396425e+003,-3.706858e+003,-2.452358e+001, 1.431433e+002,-3.793433e+003, 0.000000e+000, 0.000000e+000, 0.000000e+000
 4.780000e-001,-1.341043e+003,-1.943746e+003, 3.390270e+003,-3.716645e+003,-2.370386e+001, 1.421090e+002,-3.796979e+003, 0.000000e+000, 0.000000e+000, 0.000000e+000
 4.780500e-001,-1.292969e+003,-1.997178e+003, 3.386519e+003,-3.725115e+003,-2.288511e+001, 1.410217e+002,-3.799522e+003, 0.000000e+000, 0.000000e+000, 0.000000e+000
 4.781000e-001,-1.243675e+003,-2.047527e+003, 3.378045e+003,-3.732261e+003,-2.206504e+001, 1.398758e+002,-3.800361e+003, 0.000000e+000, 0.000000e+000, 0.000000e+000
 4.781500e-001,-1.194676e+003,-2.099500e+003, 3.371784e+003,-3.738084e+003,-2.124544e+001, 1.386789e+002,-3.800196e+003, 0.000000e+000, 0.000000e+000, 0.000000e+000
 4.782000e-001,-1.144550e+003,-2.148407e+003, 3.361023e+003,-3.742579e+003,-2.042455e+001, 1.374240e+002,-3.798329e+003, 0.000000e+000, 0.000000e+000, 0.000000e+000
 4.782500e-001,-1.094693e+003,-2.198856e+003, 3.352241e+003,-3.745745e+003,-1.960358e+001, 1.361202e+002,-3.795456e+003, 0.000000e+000, 0.000000e+000, 0.000000e+000
 4.783000e-001,-1.043809e+003,-2.246242e+003, 3.339225e+003,-3.747580e+003,-1.878122e+001, 1.347592e+002,-3.790887e+003, 0.000000e+000, 0.000000e+000, 0.000000e+000
 4.783500e-001,-9.931605e+002,-2.295105e+003, 3.327918e+003,-3.748085e+003,-1.795823e+001, 1.333513e+002,-3.785314e+003, 0.000000e+000, 0.000000e+000, 0.000000e+000
 4.784000e-001,-9.415954e+002,-2.340896e+003, 3.312681e+003,-3.747257e+003,-1.713363e+001, 1.318873e+002,-3.778051e+003, 0.000000e+000, 0.000000e+000, 0.000000e+000
 4.784500e-001,-8.902244e+002,-2.388110e+003, 3.298851e+003,-3.745097e+003,-1.630784e+001, 1.303786e+002,-3.769788e+003, 0.000000e+000, 0.000000e+000, 0.000000e+000
 4.785000e-001,-8.380553e+002,-2.432236e+003, 3.281425e+003,-3.741605e+003,-1.548011e+001, 1.288150e+002,-3.759843e+003, 0.000000e+000, 0.000000e+000, 0.000000e+000
 4.785500e-001,-7.860307e+002,-2.477739e+003, 3.265082e+003,-3.736784e+003,-1.465064e+001, 1.272088e+002,-3.748904e+003, 0.000000e+000, 0.000000e+000, 0.000000e+000
 4.786000e-001,-7.333353e+002,-2.520134e+003, 3.245500e+003,-3.730632e+003,-1.381881e+001, 1.255492e+002,-3.736292e+003, 0.000000e+000, 0.000000e+000, 0.000000e+000
 4.786500e-001,-6.807271e+002,-2.563864e+003, 3.226659e+003,-3.723154e+003,-1.298472e+001, 1.238492e+002,-3.722695e+003, 0.000000e+000, 0.000000e+000, 0.000000e+000
 4.787000e-001,-6.275841e+002,-2.604467e+003, 3.204954e+003,-3.714350e+003,-1.214775e+001, 1.220975e+002,-3.707438e+003, 0.000000e+000, 0.000000e+000, 0.000000e+000
 4.787500e-001,-5.744633e+002,-2.646362e+003, 3.183639e+003,-3.704225e+003,-1.130808e+001, 1.203075e+002,-3.691204e+003, 0.000000e+000, 0.000000e+000, 0.000000e+000
 4.788000e-001,-5.209515e+002,-2.685115e+003, 3.159842e+003,-3.692780e+003,-1.046491e+001, 1.184678e+002,-3.673323e+003, 0.000000e+000, 0.000000e+000, 0.000000e+000
 4.788500e-001,-4.673899e+002,-2.725114e+003, 3.136085e+003,-3.680022e+003,-9.618657e+000, 1.165917e+002,-3.654478e+003, 0.000000e+000, 0.000000e+000, 0.000000e+000
 4.789000e-001,-4.135882e+002,-2.761965e+003, 3.110227e+003,-3.665951e+003,-8.768242e+000, 1.146681e+002,-3.634000e+003, 0.000000e+000, 0.000000e+000, 0.000000e+000
 4.789500e-001,-3.596589e+002,-2.800008e+003, 3.084065e+003,-3.650576e+003,-7.914426e+000, 1.127102e+002,-3.612573e+003, 0.000000e+000, 0.000000e+000, 0.000000e+000
 4.790000e-001,-3.056460e+002,-2.834910e+003, 3.056176e+003,-3.633898e+003,-7.055728e+000, 1.107072e+002,-3.589530e+003, 0.000000e+000, 0.000000e+000, 0.000000e+000
 4.790500e-001,-2.514230e+002,-2.870937e+003, 3.027655e+003,-3.615927e+003,-6.193411e+000, 1.086717e+002,-3.565553e+003, 0.000000e+000, 0.000000e+000, 0.000000e+000
 4.791000e-001,-1.972772e+002,-2.903846e+003, 2.997765e+003,-3.596665e+003,-5.325456e+000, 1.065937e+002,-3.539979e+003, 0.000000e+000, 0.000000e+000, 0.000000e+000
 4.791500e-001,-1.428356e+002,-2.937797e+003, 2.966938e+003,-3.576123e+003,-4.453755e+000, 1.044850e+002,-3.513488e+003, 0.000000e+000, 0.000000e+000, 0.000000e+000
 4.792000e-001,-8.863439e+001,-2.968675e+003, 2.935076e+003,-3.554303e+003,-3.575647e+000, 1.023366e+002,-3.485420e+003, 0.000000e+000, 0.000000e+000, 0.000000e+000
 4.792500e-001,-3.405051e+001,-3.000494e+003, 2.902001e+003,-3.531219e+003,-2.693760e+000, 1.001593e+002,-3.456455e+003, 0.000000e+000, 0.000000e+000, 0.000000e+000
 4.793000e-001, 2.012936e+001,-3.029306e+003, 2.868195e+003,-3.506872e+003,-1.804709e+000, 9.794505e+001,-3.425935e+003, 0.000000e+000, 0.000000e+000, 0.000000e+000
 4.793500e-001, 7.477807e+001,-3.058936e+003, 2.832938e+003,-3.481277e+003,-9.119376e-001, 9.570359e+001,-3.394538e+003, 0.000000e+000, 0.000000e+000, 0.000000e+000
 4.794000e-001, 1.288611e+002,-3.085651e+003, 2.797218e+003,-3.454437e+003,-1.127617e-002, 9.342822e+001,-3.361609e+003, 0.000000e+000, 0.000000e+000, 0.000000e+000
 4.794500e-001, 1.834961e+002,-3.113039e+003, 2.759850e+003,-3.426367e+003, 8.929545e-001, 9.112721e+001,-3.327826e+003, 0.000000e+000, 0.000000e+000, 0.000000e+000
 4.795000e-001, 2.374079e+002,-3.137631e+003, 2.722245e+003,-3.397072e+003, 1.805746e+000, 8.879535e+001,-3.292537e+003, 0.000000e+000, 0.000000e+000, 0.000000e+000
 4.795500e-001, 2.919496e+002,-3.162725e+003, 2.682841e+003,-3.366567e+003, 2.721870e+000, 8.643937e+001,-3.256418e+003, 0.000000e+000, 0.000000e+000, 0.000000e+000
 4.796000e-001, 3.456172e+002,-3.185170e+003, 2.643381e+003,-3.334858e+003, 3.647147e+000, 8.405564e+001,-3.218819e+003, 0.000000e+000, 0.000000e+000, 0.000000e+000
 4.796500e-001, 3.999852e+002,-3.207922e+003, 2.602022e+003,-3.301961e+003, 4.575441e+000, 8.164924e+001,-3.180416e+003, 0.000000e+000, 0.000000e+000, 0.000000e+000
 4.797000e-001, 4.533369e+002,-3.228199e+003, 2.560741e+003,-3.267883e+003, 5.513377e+000, 7.921822e+001,-3.140561e+003, 0.000000e+000, 0.000000e+000, 0.000000e+000
 4.797500e-001, 5.074499e+002,-3.248566e+003, 2.517510e+003,-3.232641e+003, 6.453941e+000, 7.676591e+001,-3.099929e+003, 0.000000e+000, 0.000000e+000, 0.000000e+000
 4.798000e-001, 5.604158e+002,-3.266657e+003, 2.474441e+003,-3.196243e+003, 7.404513e+000, 7.429208e+001,-3.057875e+003, 0.000000e+000, 0.000000e+000, 0.000000e+000
 4.798500e-001, 6.141917e+002,-3.284598e+003, 2.429426e+003,-3.158705e+003, 8.357261e+000, 7.179830e+001,-3.015073e+003, 0.000000e+000, 0.000000e+000, 0.000000e+000
 4.799000e-001, 6.667032e+002,-3.300486e+003, 2.384606e+003,-3.120039e+003, 9.320237e+000, 6.928604e+001,-2.970879e+003, 0.000000e+000, 0.000000e+000, 0.000000e+000
 4.799500e-001, 7.200598e+002,-3.315965e+003, 2.337896e+003,-3.080260e+003, 1.028488e+001, 6.675514e+001,-2.925968e+003, 0.000000e+000, 0.000000e+000, 0.000000e+000
 4.800000e-001, 7.720497e+002,-3.329635e+003, 2.291366e+003,-3.039380e+003, 1.125980e+001, 6.420870e+001,-2.879697e+003, 0.000000e+000, 0.000000e+000, 0.000000e+000
 4.800500e-001, 8.249042e+002,-3.342622e+003, 2.243051e+003,-2.997417e+003, 1.223584e+001, 6.164491e+001,-2.832740e+003, 0.000000e+000, 0.000000e+000, 0.000000e+000
 4.801000e-001, 8.763070e+002,-3.354062e+003, 2.194854e+003,-2.954383e+003, 1.322203e+001, 5.906841e+001,-2.784457e+003, 0.000000e+000, 0.000000e+000, 0.000000e+000
 4.801500e-001, 9.285768e+002,-3.364531e+003, 2.145027e+003,-2.910295e+003, 1.420873e+001, 5.647583e+001,-2.735521e+003, 0.000000e+000, 0.000000e+000, 0.000000e+000
 4.802000e-001, 9.793283e+002,-3.373728e+003, 2.095211e+003,-2.865168e+003, 1.520527e+001, 5.387321e+001,-2.685294e+003, 0.000000e+000, 0.000000e+000, 0.000000e+000
 4.802500e-001, 1.030931e+003,-3.381661e+003, 2.043962e+003,-2.819020e+003, 1.620168e+001, 5.125578e+001,-2.634450e+003, 0.000000e+000, 0.000000e+000, 0.000000e+000
 4.803000e-001, 1.080968e+003,-3.388604e+003, 1.992580e+003,-2.771865e+003, 1.720741e+001, 4.863083e+001,-2.582349e+003, 0.000000e+000, 0.000000e+000, 0.000000e+000
 4.803500e-001, 1.131822e+003,-3.393986e+003, 1.940000e+003,-2.723722e+003, 1.821233e+001, 4.599233e+001,-2.529667e+003, 0.000000e+000, 0.000000e+000, 0.000000e+000
 4.804000e-001, 1.181084e+003,-3.398664e+003, 1.887112e+003,-2.674608e+003, 1.922585e+001, 4.334865e+001,-2.475765e+003, 0.000000e+000, 0.000000e+000, 0.000000e+000
 4.804500e-001, 1.231107e+003,-3.401488e+003, 1.833290e+003,-2.624540e+003, 2.023785e+001, 4.069271e+001,-2.421319e+003, 0.000000e+000, 0.000000e+000, 0.000000e+000
 4.805000e-001, 1.279533e+003,-3.403891e+003, 1.778957e+003,-2.573537e+003, 2.125750e+001, 3.803370e+001,-2.365692e+003, 0.000000e+000, 0.000000e+000, 0.000000e+000
 4.805500e-001, 1.328645e+003,-3.404157e+003, 1.723983e+003,-2.521616e+003, 2.227491e+001, 3.536376e+001,-2.309559e+003, 0.000000e+000, 0.000000e+000, 0.000000e+000
 4.806000e-001, 1.376176e+003,-3.404276e+003, 1.668275e+003,-2.468798e+003, 2.329880e+001, 3.269265e+001,-2.252284e+003, 0.000000e+000, 0.000000e+000, 0.000000e+000
 4.806500e-001, 1.424300e+003,-3.401988e+003, 1.612234e+003,-2.415098e+003, 2.431970e+001, 3.001196e+001,-2.194543e+003, 0.000000e+000, 0.000000e+000, 0.000000e+000
 4.807000e-001, 1.470877e+003,-3.399814e+003, 1.555224e+003,-2.360541e+003, 2.534570e+001, 2.733179e+001,-2.135699e+003, 0.000000e+000, 0.000000e+000, 0.000000e+000
 4.807500e-001, 1.517934e+003,-3.394983e+003, 1.498201e+003,-2.305141e+003, 2.636794e+001, 2.464345e+001,-2.076431e+003, 0.000000e+000, 0.000000e+000, 0.000000e+000
 4.808000e-001, 1.563500e+003,-3.390510e+003, 1.439970e+003,-2.248923e+003, 2.739369e+001, 2.195706e+001,-2.016100e+003, 0.000000e+000, 0.000000e+000, 0.000000e+000
 4.808500e-001, 1.609416e+003,-3.383153e+003, 1.382046e+003,-2.191903e+003, 2.841488e+001, 1.926398e+001,-1.955388e+003, 0.000000e+000, 0.000000e+000, 0.000000e+000
 4.809000e-001, 1.653915e+003,-3.376372e+003, 1.322679e+003,-2.134105e+003, 2.943781e+001, 1.657408e+001,-1.893654e+003, 0.000000e+000, 0.000000e+000, 0.000000e+000
 4.809500e-001, 1.698615e+003,-3.366513e+003, 1.263932e+003,-2.075547e+003, 3.045534e+001, 1.387899e+001,-1.831582e+003, 0.000000e+000, 0.000000e+000, 0.000000e+000
 4.810000e-001, 1.741993e+003,-3.357419e+003, 1.203522e+003,-2.016253e+003, 3.147267e+001, 1.118811e+001,-1.768530e+003, 0.000000e+000, 0.000000e+000, 0.000000e+000
 4.810500e-001, 1.785406e+003,-3.345086e+003, 1.144029e+003,-1.956240e+003, 3.248372e+001, 8.493595e+000,-1.705186e+003, 0.000000e+000, 0.000000e+000, 0.000000e+000
 4.811000e-001, 1.827607e+003,-3.333677e+003, 1.082669e+003,-1.895536e+003, 3.349247e+001, 5.804131e+000,-1.640905e+003, 0.000000e+000, 0.000000e+000, 0.000000e+000
 4.811500e-001, 1.869666e+003,-3.318903e+003, 1.022504e+003,-1.834156e+003, 3.449402e+001, 3.112644e+000,-1.576376e+003, 0.000000e+000, 0.000000e+000, 0.000000e+000
 4.812000e-001, 1.910636e+003,-3.305175e+003, 9.602957e+002,-1.772128e+003, 3.549107e+001, 4.268653e-001,-1.510954e+003, 0.000000e+000, 0.000000e+000, 0.000000e+000
 4.812500e-001, 1.951274e+003,-3.287998e+003, 8.995303e+002,-1.709469e+003, 3.647993e+001,-2.259275e+000,-1.445332e+003, 0.000000e+000, 0.000000e+000, 0.000000e+000
 4.813000e-001, 1.990961e+003,-3.271954e+003, 8.365776e+002,-1.646208e+003, 3.746197e+001,-4.939198e+000,-1.378859e+003, 0.000000e+000, 0.000000e+000, 0.000000e+000
 4.813500e-001, 2.030114e+003,-3.252416e+003, 7.752820e+002,-1.582360e+003, 3.843481e+001,-7.617781e+000,-1.312235e+003, 0.000000e+000, 0.000000e+000, 0.000000e+000
 4.814000e-001, 2.068467e+003,-3.234058e+003, 7.116926e+002,-1.517955e+003, 3.939843e+001,-1.028976e+001,-1.244804e+003, 0.000000e+000, 0.000000e+000, 0.000000e+000
 4.814500e-001, 2.106075e+003,-3.212206e+003, 6.499351e+002,-1.453010e+003, 4.035178e+001,-1.295865e+001,-1.177272e+003, 0.000000e+000, 0.000000e+000, 0.000000e+000
 4.815000e-001, 2.143042e+003,-3.191542e+003, 5.858192e+002,-1.387554e+003, 4.129346e+001,-1.562065e+001,-1.108975e+003, 0.000000e+000, 0.000000e+000, 0.000000e+000
 4.815500e-001, 2.179049e+003,-3.167423e+003, 5.236672e+002,-1.321605e+003, 4.222375e+001,-1.827780e+001,-1.040629e+003, 0.000000e+000, 0.000000e+000, 0.000000e+000
 4.816000e-001, 2.214580e+003,-3.144465e+003, 4.591371e+002,-1.255193e+003, 4.313992e+001,-2.092780e+001,-9.715630e+002, 0.000000e+000, 0.000000e+000, 0.000000e+000
 4.816500e-001, 2.248931e+003,-3.118131e+003, 3.966574e+002,-1.188335e+003, 4.404351e+001,-2.357118e+001,-9.024985e+002, 0.000000e+000, 0.000000e+000, 0.000000e+000
 4.817000e-001, 2.282978e+003,-3.092894e+003, 3.318265e+002,-1.121062e+003, 4.493055e+001,-2.620721e+001,-8.327584e+002, 0.000000e+000, 0.000000e+000, 0.000000e+000
 4.817500e-001, 2.315622e+003,-3.064398e+003, 2.690859e+002,-1.053390e+003, 4.580376e+001,-2.883480e+001,-7.630726e+002, 0.000000e+000, 0.000000e+000, 0.000000e+000
 4.818000e-001, 2.348137e+003,-3.036902e+003, 2.040684e+002,-9.853510e+002, 4.665807e+001,-3.145483e+001,-6.927555e+002, 0.000000e+000, 0.000000e+000, 0.000000e+000
 4.818500e-001, 2.379027e+003,-3.006299e+003, 1.411338e+002,-9.169626e+002, 4.749723e+001,-3.406464e+001,-6.225461e+002, 0.000000e+000, 0.000000e+000, 0.000000e+000
 4.819000e-001, 2.409964e+003,-2.976571e+003, 7.604341e+001,-8.482558e+002, 4.831520e+001,-3.666662e+001,-5.517501e+002, 0.000000e+000, 0.000000e+000, 0.000000e+000
 4.819500e-001, 2.439056e+003,-2.943916e+003, 1.298281e+001,-7.792485e+002, 4.911668e+001,-3.925659e+001,-4.811159e+002, 0.000000e+000, 0.000000e+000, 0.000000e+000
 4.820000e-001, 2.468370e+003,-2.911987e+003,-5.206757e+001,-7.099718e+002, 4.989481e+001,-4.183842e+001,-4.099397e+002, 0.000000e+000, 0.000000e+000, 0.000000e+000
 4.820500e-001, 2.495622e+003,-2.877336e+003,-1.151848e+002,-6.404440e+002, 5.065505e+001,-4.440645e+001,-3.389800e+002, 0.000000e+000, 0.000000e+000, 0.000000e+000
 4.821000e-001, 2.523269e+003,-2.843243e+003,-1.800841e+002,-5.706963e+002, 5.138993e+001,-4.696593e+001,-2.675231e+002, 0.000000e+000, 0.000000e+000, 0.000000e+000
 4.821500e-001, 2.548645e+003,-2.806653e+003,-2.431869e+002,-5.007471e+002, 5.210547e+001,-4.950986e+001,-1.963381e+002, 0.000000e+000, 0.000000e+000, 0.000000e+000
 4.822000e-001, 2.574583e+003,-2.770440e+003,-3.078263e+002,-4.306277e+002, 5.279383e+001,-5.204470e+001,-1.247005e+002, 0.000000e+000, 0.000000e+000, 0.000000e+000
 4.822500e-001, 2.598050e+003,-2.731967e+003,-3.708413e+002,-3.603569e+002, 5.346139e+001,-5.456228e+001,-5.339067e+001, 0.000000e+000, 0.000000e+000, 0.000000e+000
 4.823000e-001, 2.622239e+003,-2.693683e+003,-4.351148e+002,-2.899655e+002, 5.410014e+001,-5.707008e+001, 1.832724e+001, 0.000000e+000, 0.000000e+000, 0.000000e+000
 4.823500e-001, 2.643765e+003,-2.653383e+003,-4.979664e+002,-2.194729e+002, 5.471661e+001,-5.955893e+001, 8.966105e+001, 0.000000e+000, 0.000000e+000, 0.000000e+000
 4.824000e-001, 2.666165e+003,-2.613084e+003,-5.617715e+002,-1.489097e+002, 5.530287e+001,-6.203716e+001, 1.613584e+002, 0.000000e+000, 0.000000e+000, 0.000000e+000
 4.824500e-001, 2.685725e+003,-2.571012e+003,-6.243813e+002,-7.829548e+001, 5.586539e+001,-6.449481e+001, 2.326152e+002, 0.000000e+000, 0.000000e+000, 0.000000e+000
 4.825000e-001, 2.706300e+003,-2.528761e+003,-6.876193e+002,-7.660526e+000, 5.639652e+001,-6.694081e+001, 3.041911e+002, 0.000000e+000, 0.000000e+000, 0.000000e+000
 4.825500e-001, 2.723870e+003,-2.484971e+003,-7.499061e+002, 6.297503e+001, 5.690247e+001,-6.936464e+001, 3.752697e+002, 0.000000e+000, 0.000000e+000, 0.000000e+000
 4.826000e-001, 2.742584e+003,-2.440836e+003,-8.124822e+002, 1.335815e+002, 5.737613e+001,-7.177561e+001, 4.466232e+002, 0.000000e+000, 0.000000e+000, 0.000000e+000
 4.826500e-001, 2.758147e+003,-2.395383e+003,-8.743619e+002, 2.041383e+002, 5.782320e+001,-7.416288e+001, 5.174226e+002, 0.000000e+000, 0.000000e+000, 0.000000e+000
 4.827000e-001, 2.774965e+003,-2.349437e+003,-9.361859e+002, 2.746162e+002, 5.823732e+001,-7.653588e+001, 5.884528e+002, 0.000000e+000, 0.000000e+000, 0.000000e+000
 4.827500e-001, 2.788505e+003,-2.302375e+003,-9.975718e+002, 3.449943e+002, 5.862352e+001,-7.888370e+001, 6.588722e+002, 0.000000e+000, 0.000000e+000, 0.000000e+000
 4.828000e-001, 2.803396e+003,-2.254698e+003,-1.058558e+003, 4.152440e+002, 5.897639e+001,-8.121565e+001, 7.294783e+002, 0.000000e+000, 0.000000e+000, 0.000000e+000
 4.828500e-001, 2.814902e+003,-2.206080e+003,-1.119361e+003, 4.853436e+002, 5.930008e+001,-8.352098e+001, 7.994173e+002, 0.000000e+000, 0.000000e+000, 0.000000e+000
 4.829000e-001, 2.827836e+003,-2.156756e+003,-1.179427e+003, 5.552657e+002, 5.959032e+001,-8.580868e+001, 8.694992e+002, 0.000000e+000, 0.000000e+000, 0.000000e+000
 4.829500e-001, 2.837299e+003,-2.106636e+003,-1.239555e+003, 6.249879e+002, 5.985025e+001,-8.806836e+001, 9.388578e+002, 0.000000e+000, 0.000000e+000, 0.000000e+000
 4.830000e-001, 2.848248e+003,-2.055753e+003,-1.298625e+003, 6.944836e+002, 6.007686e+001,-9.030845e+001, 1.008316e+003, 0.000000e+000, 0.000000e+000, 0.000000e+000
 4.830500e-001, 2.855665e+003,-2.004185e+003,-1.357984e+003, 7.637297e+002, 6.027214e+001,-9.251919e+001, 1.076995e+003, 0.000000e+000, 0.000000e+000, 0.000000e+000
 4.831000e-001, 2.864603e+003,-1.951838e+003,-1.415984e+003, 8.327009e+002, 6.043449e+001,-9.470822e+001, 1.145729e+003, 0.000000e+000, 0.000000e+000, 0.000000e+000
 4.831500e-001, 2.869974e+003,-1.898875e+003,-1.474479e+003, 9.013734e+002, 6.056466e+001,-9.686659e+001, 1.213630e+003, 0.000000e+000, 0.000000e+000, 0.000000e+000
 4.832000e-001, 2.876875e+003,-1.845158e+003,-1.531341e+003, 9.697226e+002, 6.066252e+001,-9.900101e+001, 1.281544e+003, 0.000000e+000, 0.000000e+000, 0.000000e+000
 4.832500e-001, 2.880206e+003,-1.790858e+003,-1.588876e+003, 1.037724e+003, 6.072750e+001,-1.011035e+002, 1.348569e+003, 0.000000e+000, 0.000000e+000, 0.000000e+000
 4.833000e-001, 2.885048e+003,-1.735870e+003,-1.644534e+003, 1.105355e+003, 6.076102e+001,-1.031796e+002, 1.415564e+003, 0.000000e+000, 0.000000e+000, 0.000000e+000
 4.833500e-001, 2.886344e+003,-1.680287e+003,-1.701011e+003, 1.172591e+003, 6.076115e+001,-1.052226e+002, 1.481616e+003, 0.000000e+000, 0.000000e+000, 0.000000e+000
 4.834000e-001, 2.889109e+003,-1.624130e+003,-1.755405e+003, 1.239408e+003, 6.073087e+001,-1.072368e+002, 1.547597e+003, 0.000000e+000, 0.000000e+000, 0.000000e+000
 4.834500e-001, 2.888383e+003,-1.567325e+003,-1.810727e+003, 1.305782e+003, 6.066692e+001,-1.092165e+002, 1.612582e+003, 0.000000e+000, 0.000000e+000, 0.000000e+000
 4.835000e-001, 2.889051e+003,-1.510099e+003,-1.863796e+003, 1.371692e+003, 6.057375e+001,-1.111649e+002, 1.677453e+003, 0.000000e+000, 0.000000e+000, 0.000000e+000
 4.835500e-001, 2.886316e+003,-1.452132e+003,-1.917868e+003, 1.437112e+003, 6.044684e+001,-1.130777e+002, 1.741276e+003, 0.000000e+000, 0.000000e+000, 0.000000e+000
 4.836000e-001, 2.884874e+003,-1.393941e+003,-1.969556e+003, 1.502021e+003, 6.029209e+001,-1.149566e+002, 1.804944e+003, 0.000000e+000, 0.000000e+000, 0.000000e+000
 4.836500e-001, 2.880149e+003,-1.334876e+003,-2.022281e+003, 1.566394e+003, 6.010374e+001,-1.167986e+002, 1.867514e+003, 0.000000e+000, 0.000000e+000, 0.000000e+000
 4.837000e-001, 2.876583e+003,-1.275822e+003,-2.072534e+003, 1.630212e+003, 5.988904e+001,-1.186041e+002, 1.929887e+003, 0.000000e+000, 0.000000e+000, 0.000000e+000
 4.837500e-001, 2.869889e+003,-1.215727e+003,-2.123821e+003, 1.693447e+003, 5.964113e+001,-1.203715e+002, 1.991112e+003, 0.000000e+000, 0.000000e+000, 0.000000e+000
 4.838000e-001, 2.864191e+003,-1.155911e+003,-2.172586e+003, 1.756083e+003, 5.936845e+001,-1.220999e+002, 2.052100e+003, 0.000000e+000, 0.000000e+000, 0.000000e+000
 4.838500e-001, 2.855552e+003,-1.094856e+003,-2.222342e+003, 1.818092e+003, 5.906319e+001,-1.237889e+002, 2.111892e+003, 0.000000e+000, 0.000000e+000, 0.000000e+000
 4.839000e-001, 2.847713e+003,-1.034379e+003,-2.269569e+003, 1.879459e+003, 5.873479e+001,-1.254364e+002, 2.171406e+003, 0.000000e+000, 0.000000e+000, 0.000000e+000
 4.839500e-001, 2.837156e+003,-9.724378e+002,-2.317708e+003, 1.940155e+003, 5.837469e+001,-1.270433e+002, 2.229679e+003, 0.000000e+000, 0.000000e+000, 0.000000e+000
 4.840000e-001, 2.827175e+003,-9.113984e+002,-2.363345e+003, 2.000166e+003, 5.799312e+001,-1.286062e+002, 2.287634e+003, 0.000000e+000, 0.000000e+000, 0.000000e+000
 4.840500e-001, 2.814729e+003,-8.486499e+002,-2.409782e+003, 2.059463e+003, 5.758095e+001,-1.301271e+002, 2.344301e+003, 0.000000e+000, 0.000000e+000, 0.000000e+000
 4.841000e-001, 2.802605e+003,-7.871434e+002,-2.453781e+003, 2.118033e+003, 5.714899e+001,-1.316018e+002, 2.400612e+003, 0.000000e+000, 0.000000e+000, 0.000000e+000
 4.841500e-001, 2.788302e+003,-7.236707e+002,-2.498437e+003, 2.175848e+003, 5.668777e+001,-1.330333e+002, 2.455592e+003, 0.000000e+000, 0.000000e+000, 0.000000e+000
 4.842000e-001, 2.774039e+003,-6.617899e+002,-2.540746e+003, 2.232897e+003, 5.620839e+001,-1.344163e+002, 2.510177e+003, 0.000000e+000, 0.000000e+000, 0.000000e+000
 4.842500e-001, 2.757911e+003,-5.976805e+002,-2.583545e+003, 2.289149e+003, 5.570131e+001,-1.357547e+002, 2.563389e+003, 0.000000e+000, 0.000000e+000, 0.000000e+000
 4.843000e-001, 2.741518e+003,-5.355150e+002,-2.624117e+003, 2.344594e+003, 5.517767e+001,-1.370426e+002, 2.616169e+003, 0.000000e+000, 0.000000e+000, 0.000000e+000
 4.843500e-001, 2.723601e+003,-4.708607e+002,-2.664990e+003, 2.399204e+003, 5.462807e+001,-1.382846e+002, 2.667537e+003, 0.000000e+000, 0.000000e+000, 0.000000e+000
 4.844000e-001, 2.705089e+003,-4.084966e+002,-2.703773e+003, 2.452969e+003, 5.406343e+001,-1.394741e+002, 2.718435e+003, 0.000000e+000, 0.000000e+000, 0.000000e+000
 4.844500e-001, 2.685419e+003,-3.433939e+002,-2.742654e+003, 2.505860e+003, 5.347477e+001,-1.406164e+002, 2.767883e+003, 0.000000e+000, 0.000000e+000, 0.000000e+000
 4.845000e-001, 2.664805e+003,-2.809135e+002,-2.779600e+003, 2.557869e+003, 5.287246e+001,-1.417045e+002, 2.816825e+003, 0.000000e+000, 0.000000e+000, 0.000000e+000
 4.845500e-001, 2.643419e+003,-2.154630e+002,-2.816431e+003, 2.608966e+003, 5.224825e+001,-1.427440e+002, 2.864281e+003, 0.000000e+000, 0.000000e+000, 0.000000e+000
 4.846000e-001, 2.620724e+003,-1.529449e+002,-2.851488e+003, 2.659146e+003, 5.161168e+001,-1.437278e+002, 2.911196e+003, 0.000000e+000, 0.000000e+000, 0.000000e+000
 4.846500e-001, 2.597660e+003,-8.725145e+001,-2.886215e+003, 2.708378e+003, 5.095543e+001,-1.446615e+002, 2.956590e+003, 0.000000e+000, 0.000000e+000, 0.000000e+000
 4.847000e-001, 2.572911e+003,-2.477044e+001,-2.919333e+003, 2.756658e+003, 5.028797e+001,-1.455383e+002, 3.001410e+003, 0.000000e+000, 0.000000e+000, 0.000000e+000
 4.847500e-001, 2.548207e+003, 4.105734e+001,-2.951908e+003, 2.803956e+003, 4.960317e+001,-1.463637e+002, 3.044677e+003, 0.000000e+000, 0.000000e+000, 0.000000e+000
 4.848000e-001, 2.521434e+003, 1.034300e+002,-2.983038e+003, 2.850269e+003, 4.890818e+001,-1.471310e+002, 3.087336e+003, 0.000000e+000, 0.000000e+000, 0.000000e+000
 4.848500e-001, 2.495130e+003, 1.692802e+002,-3.013418e+003, 2.895566e+003, 4.819826e+001,-1.478455e+002, 3.128412e+003, 0.000000e+000, 0.000000e+000, 0.000000e+000
 4.849000e-001, 2.466369e+003, 2.314769e+002,-3.042509e+003, 2.939845e+003, 4.747900e+001,-1.485010e+002, 3.168850e+003, 0.000000e+000, 0.000000e+000, 0.000000e+000
 4.849500e-001, 2.438504e+003, 2.972346e+002,-3.070659e+003, 2.983077e+003, 4.674727e+001,-1.491025e+002, 3.207675e+003, 0.000000e+000, 0.000000e+000, 0.000000e+000
 4.850000e-001, 2.407795e+003, 3.591906e+002,-3.097661e+003, 3.025261e+003, 4.600688e+001,-1.496441e+002, 3.245831e+003, 0.000000e+000, 0.000000e+000, 0.000000e+000
 4.850500e-001, 2.378408e+003, 4.247388e+002,-3.123548e+003, 3.066368e+003, 4.525650e+001,-1.501306e+002, 3.282349e+003, 0.000000e+000, 0.000000e+000, 0.000000e+000
 4.851000e-001, 2.345798e+003, 4.863922e+002,-3.148413e+003, 3.106396e+003, 4.449800e+001,-1.505567e+002, 3.318170e+003, 0.000000e+000, 0.000000e+000, 0.000000e+000
 4.851500e-001, 2.314928e+003, 5.516121e+002,-3.172012e+003, 3.145319e+003, 4.373195e+001,-1.509264e+002, 3.352328e+003, 0.000000e+000, 0.000000e+000, 0.000000e+000
 4.852000e-001, 2.280468e+003, 6.129034e+002,-3.194692e+003, 3.183136e+003, 4.295815e+001,-1.512355e+002, 3.385761e+003, 0.000000e+000, 0.000000e+000, 0.000000e+000
 4.852500e-001, 2.248153e+003, 6.776750e+002,-3.215982e+003, 3.219821e+003, 4.217920e+001,-1.514871e+002, 3.417510e+003, 0.000000e+000, 0.000000e+000, 0.000000e+000
 4.853000e-001, 2.211899e+003, 7.385467e+002,-3.236430e+003, 3.255372e+003, 4.139274e+001,-1.516779e+002, 3.448507e+003, 0.000000e+000, 0.000000e+000, 0.000000e+000
 4.853500e-001, 2.178179e+003, 8.027499e+002,-3.255394e+003, 3.289766e+003, 4.060342e+001,-1.518102e+002, 3.477800e+003, 0.000000e+000, 0.000000e+000, 0.000000e+000
 4.854000e-001, 2.140191e+003, 8.631458e+002,-3.273567e+003, 3.323002e+003, 3.980668e+001,-1.518818e+002, 3.506317e+003, 0.000000e+000, 0.000000e+000, 0.000000e+000
 4.854500e-001, 2.105104e+003, 9.266609e+002,-3.290191e+003, 3.355056e+003, 3.900927e+001,-1.518940e+002, 3.533113e+003, 0.000000e+000, 0.000000e+000, 0.000000e+000
 4.855000e-001, 2.065448e+003, 9.865254e+002,-3.306048e+003, 3.385929e+003, 3.820441e+001,-1.518457e+002, 3.559110e+003, 0.000000e+000, 0.000000e+000, 0.000000e+000
 4.855500e-001, 2.029034e+003, 1.049234e+003,-3.320325e+003, 3.415598e+003, 3.740090e+001,-1.517374e+002, 3.583370e+003, 0.000000e+000, 0.000000e+000, 0.000000e+000
 4.856000e-001, 1.987776e+003, 1.108512e+003,-3.333826e+003, 3.444063e+003, 3.658982e+001,-1.515689e+002, 3.606809e+003, 0.000000e+000, 0.000000e+000, 0.000000e+000
 4.856500e-001, 1.950074e+003, 1.170298e+003,-3.345751e+003, 3.471305e+003, 3.578194e+001,-1.513397e+002, 3.628499e+003, 0.000000e+000, 0.000000e+000, 0.000000e+000
 4.857000e-001, 1.907290e+003, 1.228934e+003,-3.356862e+003, 3.497323e+003, 3.496627e+001,-1.510510e+002, 3.649347e+003, 0.000000e+000, 0.000000e+000, 0.000000e+000
 4.857500e-001, 1.868339e+003, 1.289684e+003,-3.366431e+003, 3.522098e+003, 3.415545e+001,-1.507011e+002, 3.668436e+003, 0.000000e+000, 0.000000e+000, 0.000000e+000
 4.858000e-001, 1.824104e+003, 1.347621e+003,-3.375121e+003, 3.545630e+003, 3.333655e+001,-1.502924e+002, 3.686665e+003, 0.000000e+000, 0.000000e+000, 0.000000e+000
 4.858500e-001, 1.783945e+003, 1.407224e+003,-3.382335e+003, 3.567903e+003, 3.252393e+001,-1.498223e+002, 3.703126e+003, 0.000000e+000, 0.000000e+000, 0.000000e+000
 4.859000e-001, 1.738338e+003, 1.464405e+003,-3.388576e+003, 3.588916e+003, 3.170289e+001,-1.492941e+002, 3.718711e+003, 0.000000e+000, 0.000000e+000, 0.000000e+000
 4.859500e-001, 1.697011e+003, 1.522757e+003,-3.393438e+003, 3.608655e+003, 3.088931e+001,-1.487046e+002, 3.732521e+003, 0.000000e+000, 0.000000e+000, 0.000000e+000
 4.860000e-001, 1.650116e+003, 1.579120e+003,-3.397209e+003, 3.627117e+003, 3.006697e+001,-1.480579e+002, 3.745440e+003, 0.000000e+000, 0.000000e+000, 0.000000e+000
 4.860500e-001, 1.607663e+003, 1.636120e+003,-3.399723e+003, 3.644293e+003, 2.925301e+001,-1.473500e+002, 3.756581e+003, 0.000000e+000, 0.000000e+000, 0.000000e+000
 4.861000e-001, 1.559563e+003, 1.691605e+003,-3.401007e+003, 3.660179e+003, 2.842994e+001,-1.465860e+002, 3.766817e+003, 0.000000e+000, 0.000000e+000, 0.000000e+000
 4.861500e-001, 1.516027e+003, 1.747158e+003,-3.401179e+003, 3.674766e+003, 2.761589e+001,-1.457611e+002, 3.775274e+003, 0.000000e+000, 0.000000e+000, 0.000000e+000
 4.862000e-001, 1.466810e+003, 1.801699e+003,-3.399964e+003, 3.688052e+003, 2.679243e+001,-1.448812e+002, 3.782815e+003, 0.000000e+000, 0.000000e+000, 0.000000e+000
 4.862500e-001, 1.422236e+003, 1.855715e+003,-3.397802e+003, 3.700029e+003, 2.597835e+001,-1.439411e+002, 3.788576e+003, 0.000000e+000, 0.000000e+000, 0.000000e+000
 4.863000e-001, 1.371988e+003, 1.909244e+003,-3.394082e+003, 3.710694e+003, 2.515458e+001,-1.429472e+002, 3.793412e+003, 0.000000e+000, 0.000000e+000, 0.000000e+000
 4.863500e-001, 1.326422e+003, 1.961642e+003,-3.389594e+003, 3.720043e+003, 2.434030e+001,-1.418940e+002, 3.796471e+003, 0.000000e+000, 0.000000e+000, 0.000000e+000
 4.864000e-001, 1.275233e+003, 2.014088e+003,-3.383369e+003, 3.728072e+003, 2.351612e+001,-1.407882e+002, 3.798598e+003, 0.000000e+000, 0.000000e+000, 0.000000e+000
 4.864500e-001, 1.228723e+003, 2.064793e+003,-3.376564e+003, 3.734778e+003, 2.270124e+001,-1.396241e+002, 3.798952e+003, 0.000000e+000, 0.000000e+000, 0.000000e+000
 4.865000e-001, 1.176683e+003, 2.116081e+003,-3.367841e+003, 3.740158e+003, 2.187634e+001,-1.384087e+002, 3.798367e+003, 0.000000e+000, 0.000000e+000, 0.000000e+000
 4.865500e-001, 1.129278e+003, 2.165023e+003,-3.358729e+003, 3.744211e+003, 2.106030e+001,-1.371365e+002, 3.796018e+003, 0.000000e+000, 0.000000e+000, 0.000000e+000
 4.866000e-001, 1.076478e+003, 2.215075e+003,-3.347519e+003, 3.746933e+003, 2.023421e+001,-1.358143e+002, 3.792725e+003, 0.000000e+000, 0.000000e+000, 0.000000e+000
 4.866500e-001, 1.028230e+003, 2.262196e+003,-3.336113e+003, 3.748326e+003, 1.941628e+001,-1.344367e+002, 3.787677e+003, 0.000000e+000, 0.000000e+000, 0.000000e+000
 4.867000e-001, 9.747587e+002, 2.310930e+003,-3.322434e+003, 3.748385e+003, 1.858837e+001,-1.330107e+002, 3.781683e+003, 0.000000e+000, 0.000000e+000, 0.000000e+000
 4.867500e-001, 9.257227e+002, 2.356175e+003,-3.308745e+003, 3.747115e+003, 1.776768e+001,-1.315310e+002, 3.773945e+003, 0.000000e+000, 0.000000e+000, 0.000000e+000
 4.868000e-001, 8.716708e+002, 2.403508e+003,-3.292621e+003, 3.744509e+003, 1.693723e+001,-1.300043e+002, 3.765260e+003, 0.000000e+000, 0.000000e+000, 0.000000e+000
 4.868500e-001, 8.219027e+002, 2.446830e+003,-3.276663e+003, 3.740576e+003, 1.611282e+001,-1.284260e+002, 3.754845e+003, 0.000000e+000, 0.000000e+000, 0.000000e+000
 4.869000e-001, 7.673597e+002, 2.492674e+003,-3.258122e+003, 3.735309e+003, 1.527898e+001,-1.268021e+002, 3.743485e+003, 0.000000e+000, 0.000000e+000, 0.000000e+000
 4.869500e-001, 7.169179e+002, 2.534036e+003,-3.239909e+003, 3.728718e+003, 1.444983e+001,-1.251287e+002, 3.730408e+003, 0.000000e+000, 0.000000e+000, 0.000000e+000
 4.870000e-001, 6.619728e+002, 2.578302e+003,-3.218988e+003, 3.720795e+003, 1.361168e+001,-1.234113e+002, 3.716391e+003, 0.000000e+000, 0.000000e+000, 0.000000e+000
 4.870500e-001, 6.109180e+002, 2.617671e+003,-3.198536e+003, 3.711553e+003, 1.277671e+001,-1.216468e+002, 3.700674e+003, 0.000000e+000, 0.000000e+000, 0.000000e+000
 4.871000e-001, 5.556591e+002, 2.660267e+003,-3.175273e+003, 3.700985e+003, 1.193333e+001,-1.198397e+002, 3.684022e+003, 0.000000e+000, 0.000000e+000, 0.000000e+000
 4.871500e-001, 5.040538e+002, 2.697619e+003,-3.152600e+003, 3.689105e+003, 1.109144e+001,-1.179880e+002, 3.665689e+003, 0.000000e+000, 0.000000e+000, 0.000000e+000
 4.872000e-001, 4.485684e+002, 2.738452e+003,-3.127042e+003, 3.675906e+003, 1.024184e+001,-1.160955e+002, 3.646427e+003, 0.000000e+000, 0.000000e+000, 0.000000e+000
 4.872500e-001, 3.964773e+002, 2.773766e+003,-3.102166e+003, 3.661402e+003, 9.391978e+000,-1.141609e+002, 3.625505e+003, 0.000000e+000, 0.000000e+000, 0.000000e+000
 4.873000e-001, 3.408519e+002, 2.812744e+003,-3.074361e+003, 3.645590e+003, 8.535204e+000,-1.121870e+002, 3.603664e+003, 0.000000e+000, 0.000000e+000, 0.000000e+000
 4.873500e-001, 2.883413e+002, 2.846007e+003,-3.047305e+003, 3.628483e+003, 7.676323e+000,-1.101738e+002, 3.580185e+003, 0.000000e+000, 0.000000e+000, 0.000000e+000
 4.874000e-001, 2.326614e+002, 2.883037e+003,-3.017307e+003, 3.610078e+003, 6.811443e+000,-1.081230e+002, 3.555796e+003, 0.000000e+000, 0.000000e+000, 0.000000e+000
 4.874500e-001, 1.797993e+002, 2.914238e+003,-2.988095e+003, 3.590392e+003, 5.942582e+000,-1.060356e+002, 3.529794e+003, 0.000000e+000, 0.000000e+000, 0.000000e+000
 4.875000e-001, 1.241494e+002, 2.949228e+003,-2.955961e+003, 3.569420e+003, 5.068721e+000,-1.039124e+002, 3.502896e+003, 0.000000e+000, 0.000000e+000, 0.000000e+000
 4.875500e-001, 7.100518e+001, 2.978364e+003,-2.924620e+003, 3.547182e+003, 4.189011e+000,-1.017553e+002, 3.474410e+003, 0.000000e+000, 0.000000e+000, 0.000000e+000
 4.876000e-001, 1.546852e+001, 3.011224e+003,-2.890410e+003, 3.523672e+003, 3.305370e+000,-9.956418e+001, 3.445042e+003, 0.000000e+000, 0.000000e+000, 0.000000e+000
 4.876500e-001,-3.788708e+001, 3.038292e+003,-2.856971e+003, 3.498912e+003, 2.414052e+000,-9.734202e+001, 3.414113e+003, 0.000000e+000, 0.000000e+000, 0.000000e+000
 4.877000e-001,-9.322805e+001, 3.068935e+003,-2.820748e+003, 3.472897e+003, 1.519932e+000,-9.508764e+001, 3.382318e+003, 0.000000e+000, 0.000000e+000, 0.000000e+000
 4.877500e-001,-1.467234e+002, 3.093936e+003,-2.785244e+003, 3.445650e+003, 6.163896e-001,-9.280500e+001, 3.348990e+003, 0.000000e+000, 0.000000e+000, 0.000000e+000
 4.878000e-001,-2.017873e+002, 3.122279e+003,-2.747073e+003, 3.417167e+003,-2.887925e-001,-9.049197e+001, 3.314815e+003, 0.000000e+000, 0.000000e+000, 0.000000e+000
 4.878500e-001,-2.553499e+002, 3.145216e+003,-2.709542e+003, 3.387471e+003,-1.205022e+000,-8.815345e+001, 3.279138e+003, 0.000000e+000, 0.000000e+000, 0.000000e+000
 4.879000e-001,-3.100564e+002, 3.171180e+003,-2.669490e+003, 3.356560e+003,-2.121709e+000,-8.578640e+001, 3.242633e+003, 0.000000e+000, 0.000000e+000, 0.000000e+000
 4.879500e-001,-3.636131e+002, 3.192057e+003,-2.629976e+003, 3.324458e+003,-3.050914e+000,-8.339657e+001, 3.204657e+003, 0.000000e+000, 0.000000e+000, 0.000000e+000
 4.880000e-001,-4.178829e+002, 3.215568e+003,-2.588110e+003, 3.291162e+003,-3.979394e+000,-8.098010e+001, 3.165874e+003, 0.000000e+000, 0.000000e+000, 0.000000e+000
 4.880500e-001,-4.713600e+002, 3.234389e+003,-2.546658e+003, 3.256699e+003,-4.921673e+000,-7.854347e+001, 3.125654e+003, 0.000000e+000, 0.000000e+000, 0.000000e+000
 4.881000e-001,-5.251150e+002, 3.255381e+003,-2.503049e+003, 3.221066e+003,-5.862063e+000,-7.608212e+001, 3.084650e+003, 0.000000e+000, 0.000000e+000, 0.000000e+000
 4.881500e-001,-5.784387e+002, 3.272150e+003,-2.459711e+003, 3.184290e+003,-6.817311e+000,-7.360313e+001, 3.042242e+003, 0.000000e+000, 0.000000e+000, 0.000000e+000
 4.882000e-001,-6.316017e+002, 3.290563e+003,-2.414427e+003, 3.146371e+003,-7.769539e+000,-7.110136e+001, 2.999075e+003, 0.000000e+000, 0.000000e+000, 0.000000e+000
 4.882500e-001,-6.846978e+002, 3.305283e+003,-2.369259e+003, 3.107336e+003,-8.737436e+000,-6.858432e+001, 2.954541e+003, 0.000000e+000, 0.000000e+000, 0.000000e+000
 4.883000e-001,-7.371930e+002, 3.321063e+003,-2.322370e+003, 3.067185e+003,-9.701231e+000,-6.604650e+001, 2.909273e+003, 0.000000e+000, 0.000000e+000, 0.000000e+000
 4.883500e-001,-7.899872e+002, 3.333736e+003,-2.275434e+003, 3.025946e+003,-1.068123e+001,-6.349563e+001, 2.862674e+003, 0.000000e+000, 0.000000e+000, 0.000000e+000
 4.884000e-001,-8.417402e+002, 3.346841e+003,-2.227010e+003, 2.983621e+003,-1.165611e+001,-6.092598e+001, 2.815370e+003, 0.000000e+000, 0.000000e+000, 0.000000e+000
 4.884500e-001,-8.941583e+002, 3.357466e+003,-2.178371e+003, 2.940237e+003,-1.264743e+001,-5.834535e+001, 2.766772e+003, 0.000000e+000, 0.000000e+000, 0.000000e+000
 4.885000e-001,-9.450960e+002, 3.367859e+003,-2.128482e+003, 2.895798e+003,-1.363269e+001,-5.574795e+001, 2.717499e+003, 0.000000e+000, 0.000000e+000, 0.000000e+000
 4.885500e-001,-9.970637e+002, 3.376434e+003,-2.078212e+003, 2.850332e+003,-1.463431e+001,-5.314148e+001, 2.666970e+003, 0.000000e+000, 0.000000e+000, 0.000000e+000
 4.886000e-001,-1.047115e+003, 3.384090e+003,-2.026927e+003, 2.803843e+003,-1.562901e+001,-5.052025e+001, 2.615798e+003, 0.000000e+000, 0.000000e+000, 0.000000e+000
 4.886500e-001,-1.098558e+003, 3.390608e+003,-1.975101e+003, 2.756361e+003,-1.663968e+001,-4.789170e+001, 2.563409e+003, 0.000000e+000, 0.000000e+000, 0.000000e+000
 4.887000e-001,-1.147652e+003, 3.395512e+003,-1.922488e+003, 2.707889e+003,-1.764264e+001,-4.525040e+001, 2.510410e+003, 0.000000e+000, 0.000000e+000, 0.000000e+000
 4.887500e-001,-1.198497e+003, 3.399965e+003,-1.869188e+003, 2.658458e+003,-1.866084e+001,-4.260333e+001, 2.456234e+003, 0.000000e+000, 0.000000e+000, 0.000000e+000
 4.888000e-001,-1.246568e+003, 3.402109e+003,-1.815316e+003, 2.608073e+003,-1.967066e+001,-3.994553e+001, 2.401482e+003, 0.000000e+000, 0.000000e+000, 0.000000e+000
 4.888500e-001,-1.296739e+003, 3.404486e+003,-1.760626e+003, 2.556765e+003,-2.069465e+001,-3.728335e+001, 2.345595e+003, 0.000000e+000, 0.000000e+000, 0.000000e+000
 4.889000e-001,-1.343721e+003, 3.403872e+003,-1.705562e+003, 2.504540e+003,-2.170965e+001,-3.461243e+001, 2.289168e+003, 0.000000e+000, 0.000000e+000, 0.000000e+000
 4.889500e-001,-1.393145e+003, 3.404160e+003,-1.649571e+003, 2.451428e+003,-2.273745e+001,-3.193837e+001, 2.231647e+003, 0.000000e+000, 0.000000e+000, 0.000000e+000
 4.890000e-001,-1.438974e+003, 3.400802e+003,-1.593382e+003, 2.397438e+003,-2.375573e+001,-2.925754e+001, 2.173624e+003, 0.000000e+000, 0.000000e+000, 0.000000e+000
 4.890500e-001,-1.487578e+003, 3.398984e+003,-1.536184e+003, 2.342600e+003,-2.478510e+001,-2.657463e+001, 2.114550e+003, 0.000000e+000, 0.000000e+000, 0.000000e+000
 4.891000e-001,-1.532195e+003, 3.392902e+003,-1.478938e+003, 2.286923e+003,-2.580453e+001,-2.388689e+001, 2.055012e+003, 0.000000e+000, 0.000000e+000, 0.000000e+000
 4.891500e-001,-1.579902e+003, 3.388959e+003,-1.420628e+003, 2.230437e+003,-2.683304e+001,-2.119801e+001, 1.994465e+003, 0.000000e+000, 0.000000e+000, 0.000000e+000
 4.892000e-001,-1.623249e+003, 3.380186e+003,-1.362393e+003, 2.173153e+003,-2.785122e+001,-1.850621e+001, 1.933496e+003, 0.000000e+000, 0.000000e+000, 0.000000e+000
 4.892500e-001,-1.669987e+003, 3.374098e+003,-1.303069e+003, 2.115102e+003,-2.887621e+001,-1.581407e+001, 1.871562e+003, 0.000000e+000, 0.000000e+000, 0.000000e+000
 4.893000e-001,-1.712010e+003, 3.362671e+003,-1.243912e+003, 2.056293e+003,-2.989055e+001,-1.312087e+001, 1.809246e+003, 0.000000e+000, 0.000000e+000, 0.000000e+000
 4.893500e-001,-1.757703e+003, 3.354416e+003,-1.183677e+003, 1.996760e+003,-3.090916e+001,-1.042803e+001, 1.746010e+003, 0.000000e+000, 0.000000e+000, 0.000000e+000
 4.894000e-001,-1.798352e+003, 3.340383e+003,-1.123665e+003, 1.936512e+003,-3.191685e+001,-7.735938e+000, 1.682436e+003, 0.000000e+000, 0.000000e+000, 0.000000e+000
 4.894500e-001,-1.842926e+003, 3.329939e+003,-1.062621e+003, 1.875582e+003,-3.292603e+001,-5.044823e+000, 1.617985e+003, 0.000000e+000, 0.000000e+000, 0.000000e+000
 4.895000e-001,-1.882151e+003, 3.313354e+003,-1.001823e+003, 1.813982e+003,-3.392406e+001,-2.356208e+000, 1.553241e+003, 0.000000e+000, 0.000000e+000, 0.000000e+000
 4.895500e-001,-1.925533e+003, 3.300698e+003,-9.400743e+002, 1.751742e+003,-3.492062e+001, 3.308711e-001, 1.487666e+003, 0.000000e+000, 0.000000e+000, 0.000000e+000
 4.896000e-001,-1.963291e+003, 3.281621e+003,-8.785619e+002, 1.688878e+003,-3.590579e+001, 3.013767e+000, 1.421841e+003, 0.000000e+000, 0.000000e+000, 0.000000e+000
 4.896500e-001,-2.005405e+003, 3.266734e+003,-8.162122e+002, 1.625420e+003,-3.688638e+001, 5.694599e+000, 1.355232e+003, 0.000000e+000, 0.000000e+000, 0.000000e+000
 4.897000e-001,-2.041655e+003, 3.245231e+003,-7.540563e+002, 1.561383e+003,-3.785537e+001, 8.369633e+000, 1.288420e+003, 0.000000e+000, 0.000000e+000, 0.000000e+000
 4.897500e-001,-2.082428e+003, 3.228091e+003,-6.912106e+002, 1.496796e+003,-3.881654e+001, 1.104208e+001, 1.220869e+003, 0.000000e+000, 0.000000e+000, 0.000000e+000
 4.898000e-001,-2.117133e+003, 3.204234e+003,-6.284846e+002, 1.431677e+003,-3.976586e+001, 1.370720e+001, 1.153164e+003, 0.000000e+000, 0.000000e+000, 0.000000e+000
 4.898500e-001,-2.156491e+003, 3.184825e+003,-5.652466e+002, 1.366055e+003,-4.070407e+001, 1.636919e+001, 1.084765e+003, 0.000000e+000, 0.000000e+000, 0.000000e+000
 4.899000e-001,-2.189617e+003, 3.158687e+003,-5.020261e+002, 1.299948e+003,-4.163015e+001, 1.902237e+001, 1.016260e+003, 0.000000e+000, 0.000000e+000, 0.000000e+000
 4.899500e-001,-2.227488e+003, 3.136995e+003,-4.384988e+002, 1.233385e+003,-4.254180e+001, 2.167185e+001, 9.471081e+002, 0.000000e+000, 0.000000e+000, 0.000000e+000
 4.900000e-001,-2.259005e+003, 3.108655e+003,-3.748617e+002, 1.166385e+003,-4.344101e+001, 2.431114e+001, 8.778997e+002, 0.000000e+000, 0.000000e+000, 0.000000e+000
 4.900500e-001,-2.295317e+003, 3.084670e+003,-3.111461e+002, 1.098976e+003,-4.432248e+001, 2.694607e+001, 8.080914e+002, 0.000000e+000, 0.000000e+000, 0.000000e+000
 4.901000e-001,-2.325197e+003, 3.054207e+003,-2.471729e+002, 1.031179e+003,-4.519113e+001, 2.956949e+001, 7.382766e+002, 0.000000e+000, 0.000000e+000, 0.000000e+000
 4.901500e-001,-2.359879e+003, 3.027924e+003,-1.833680e+002, 9.630206e+002,-4.603880e+001, 3.218781e+001, 6.679089e+002, 0.000000e+000, 0.000000e+000, 0.000000e+000
 4.902000e-001,-2.388099e+003, 2.995420e+003,-1.191421e+002, 8.945239e+002,-4.687322e+001, 3.479339e+001, 5.975858e+002, 0.000000e+000, 0.000000e+000, 0.000000e+000
 4.902500e-001,-2.421082e+003, 2.966840e+003,-5.534457e+001, 8.257129e+002,-4.768354e+001, 3.739302e+001, 5.267568e+002, 0.000000e+000, 0.000000e+000, 0.000000e+000
 4.903000e-001,-2.447621e+003, 2.932375e+003, 9.047965e+000, 7.566140e+002,-4.848009e+001, 3.997873e+001, 4.560242e+002, 0.000000e+000, 0.000000e+000, 0.000000e+000
 4.903500e-001,-2.478838e+003, 2.901505e+003, 7.274441e+001, 6.872491e+002,-4.924955e+001, 4.255751e+001, 3.848327e+002, 0.000000e+000, 0.000000e+000, 0.000000e+000
 4.904000e-001,-2.503678e+003, 2.865161e+003, 1.372144e+002, 6.176465e+002,-5.000468e+001, 4.512127e+001, 3.137901e+002, 0.000000e+000, 0.000000e+000, 0.000000e+000
 4.904500e-001,-2.533065e+003, 2.832015e+003, 2.007191e+002, 5.478268e+002,-5.072992e+001, 4.767698e+001, 2.423358e+002, 0.000000e+000, 0.000000e+000, 0.000000e+000
 4.905000e-001,-2.556188e+003, 2.793872e+003, 2.651746e+002, 4.778198e+002,-5.144017e+001, 5.021663e+001, 1.710833e+002, 0.000000e+000, 0.000000e+000, 0.000000e+000
 4.905500e-001,-2.583684e+003, 2.758472e+003, 3.284000e+002, 4.076447e+002,-5.211798e+001, 5.274694e+001, 9.946624e+001, 0.000000e+000, 0.000000e+000, 0.000000e+000
 4.906000e-001,-2.605077e+003, 2.718608e+003, 3.927461e+002, 3.373329e+002,-5.278006e+001, 5.526020e+001, 2.810454e+001, 0.000000e+000, 0.000000e+000, 0.000000e+000
 4.906500e-001,-2.630622e+003, 2.680982e+003, 4.556083e+002, 2.669022e+002,-5.340741e+001, 5.776271e+001,-4.357477e+001, 0.000000e+000, 0.000000e+000, 0.000000e+000
 4.907000e-001,-2.650274e+003, 2.639474e+003, 5.197474e+002, 1.963856e+002,-5.401823e+001, 6.024720e+001,-1.149449e+002, 0.000000e+000, 0.000000e+000, 0.000000e+000
 4.907500e-001,-2.673814e+003, 2.599661e+003, 5.821656e+002, 1.257994e+002,-5.459229e+001, 6.271935e+001,-1.865856e+002, 0.000000e+000, 0.000000e+000, 0.000000e+000
 4.908000e-001,-2.691713e+003, 2.556581e+003, 6.459979e+002, 5.517808e+001,-5.514898e+001, 6.517256e+001,-2.578630e+002, 0.000000e+000, 0.000000e+000, 0.000000e+000
 4.908500e-001,-2.713197e+003, 2.514626e+003, 7.078950e+002,-1.546334e+001,-5.566722e+001, 6.761168e+001,-3.293642e+002, 0.000000e+000, 0.000000e+000, 0.000000e+000
 4.909000e-001,-2.729334e+003, 2.470047e+003, 7.713184e+002,-8.608914e+001,-5.616719e+001, 7.003096e+001,-4.004478e+002, 0.000000e+000, 0.000000e+000, 0.000000e+000
 4.909500e-001,-2.748715e+003, 2.426003e+003, 8.326201e+002,-1.566856e+002,-5.662733e+001, 7.243424e+001,-4.717085e+002, 0.000000e+000, 0.000000e+000, 0.000000e+000
 4.910000e-001,-2.763081e+003, 2.379992e+003, 8.955308e+002,-2.272158e+002,-5.706826e+001, 7.481681e+001,-5.424973e+002, 0.000000e+000, 0.000000e+000, 0.000000e+000
 4.910500e-001,-2.780319e+003, 2.333922e+003, 9.561662e+002,-2.976672e+002,-5.746836e+001, 7.718132e+001,-6.134167e+002, 0.000000e+000, 0.000000e+000, 0.000000e+000
 4.911000e-001,-2.792906e+003, 2.286546e+003, 1.018459e+003,-3.680020e+002,-5.784828e+001, 7.952422e+001,-6.838098e+002, 0.000000e+000, 0.000000e+000, 0.000000e+000
 4.911500e-001,-2.807963e+003, 2.238519e+003, 1.078360e+003,-4.382086e+002,-5.818671e+001, 8.184689e+001,-7.542874e+002, 0.000000e+000, 0.000000e+000, 0.000000e+000
 4.912000e-001,-2.818763e+003, 2.189839e+003, 1.139930e+003,-5.082485e+002,-5.850400e+001, 8.414704e+001,-8.241843e+002, 0.000000e+000, 0.000000e+000, 0.000000e+000
 4.912500e-001,-2.831608e+003, 2.139933e+003, 1.199030e+003,-5.781110e+002,-5.877950e+001, 8.642467e+001,-8.941201e+002, 0.000000e+000, 0.000000e+000, 0.000000e+000
 4.913000e-001,-2.840614e+003, 2.090008e+003, 1.259771e+003,-6.477570e+002,-5.903291e+001, 8.867885e+001,-9.634210e+002, 0.000000e+000, 0.000000e+000, 0.000000e+000
 4.913500e-001,-2.851223e+003, 2.038308e+003, 1.318007e+003,-7.171766e+002,-5.924458e+001, 9.090812e+001,-1.032715e+003, 0.000000e+000, 0.000000e+000, 0.000000e+000
 4.914000e-001,-2.858427e+003, 1.987197e+003, 1.377813e+003,-7.863304e+002,-5.943326e+001, 9.311296e+001,-1.101321e+003, 0.000000e+000, 0.000000e+000, 0.000000e+000
 4.914500e-001,-2.866779e+003, 1.933795e+003, 1.435123e+003,-8.552091e+002,-5.958059e+001, 9.529044e+001,-1.169875e+003, 0.000000e+000, 0.000000e+000, 0.000000e+000
 4.915000e-001,-2.872175e+003, 1.881551e+003, 1.493889e+003,-9.237731e+002,-5.970408e+001, 9.744247e+001,-1.237686e+003, 0.000000e+000, 0.000000e+000, 0.000000e+000
 4.915500e-001,-2.878256e+003, 1.826544e+003, 1.550212e+003,-9.920137e+002,-5.978694e+001, 9.956462e+001,-1.305402e+003, 0.000000e+000, 0.000000e+000, 0.000000e+000
 4.916000e-001,-2.881835e+003, 1.773222e+003, 1.607837e+003,-1.059891e+003,-5.984520e+001, 1.016602e+002,-1.372323e+003, 0.000000e+000, 0.000000e+000, 0.000000e+000
 4.916500e-001,-2.885637e+003, 1.716713e+003, 1.663114e+003,-1.127397e+003,-5.986387e+001, 1.037235e+002,-1.439103e+003, 0.000000e+000, 0.000000e+000, 0.000000e+000
 4.917000e-001,-2.887393e+003, 1.662363e+003, 1.719495e+003,-1.194493e+003,-5.985727e+001, 1.057590e+002,-1.505036e+003, 0.000000e+000, 0.000000e+000, 0.000000e+000
 4.917500e-001,-2.888915e+003, 1.604461e+003, 1.773666e+003,-1.261169e+003,-5.981239e+001, 1.077596e+002,-1.570785e+003, 0.000000e+000, 0.000000e+000, 0.000000e+000
 4.918000e-001,-2.888839e+003, 1.549134e+003, 1.828708e+003,-1.327388e+003,-5.974168e+001, 1.097312e+002,-1.635635e+003, 0.000000e+000, 0.000000e+000, 0.000000e+000
 4.918500e-001,-2.888083e+003, 1.489949e+003, 1.881714e+003,-1.393141e+003,-5.963429e+001, 1.116655e+002,-1.700259e+003, 0.000000e+000, 0.000000e+000, 0.000000e+000
 4.919000e-001,-2.886169e+003, 1.433697e+003, 1.935321e+003,-1.458391e+003,-5.950065e+001, 1.135695e+002,-1.763932e+003, 0.000000e+000, 0.000000e+000, 0.000000e+000
 4.919500e-001,-2.883146e+003, 1.373345e+003, 1.987102e+003,-1.523127e+003,-5.933214e+001, 1.154337e+002,-1.827337e+003, 0.000000e+000, 0.000000e+000, 0.000000e+000
 4.920000e-001,-2.879386e+003, 1.316218e+003, 2.039185e+003,-1.587315e+003,-5.913709e+001, 1.172662e+002,-1.889741e+003, 0.000000e+000, 0.000000e+000, 0.000000e+000
 4.920500e-001,-2.874110e+003, 1.254816e+003, 2.089681e+003,-1.650945e+003,-5.890920e+001, 1.190565e+002,-1.951836e+003, 0.000000e+000, 0.000000e+000, 0.000000e+000
 4.921000e-001,-2.868499e+003, 1.196866e+003, 2.140155e+003,-1.713981e+003,-5.865465e+001, 1.208136e+002,-2.012881e+003, 0.000000e+000, 0.000000e+000, 0.000000e+000
 4.921500e-001,-2.860990e+003, 1.134531e+003, 2.189305e+003,-1.776414e+003,-5.836944e+001, 1.225263e+002,-2.073576e+003, 0.000000e+000, 0.000000e+000, 0.000000e+000
 4.922000e-001,-2.853521e+003, 1.075811e+003, 2.238090e+003,-1.838209e+003,-5.805761e+001, 1.242042e+002,-2.133173e+003, 0.000000e+000, 0.000000e+000, 0.000000e+000
 4.922500e-001,-2.843804e+003, 1.012664e+003, 2.285831e+003,-1.899357e+003,-5.771743e+001, 1.258356e+002,-2.192381e+003, 0.000000e+000, 0.000000e+000, 0.000000e+000
 4.923000e-001,-2.834472e+003, 9.532291e+002, 2.332851e+003,-1.959826e+003,-5.735085e+001, 1.274305e+002,-2.250442e+003, 0.000000e+000, 0.000000e+000, 0.000000e+000
 4.923500e-001,-2.822579e+003, 8.893875e+002, 2.379121e+003,-2.019604e+003,-5.695831e+001, 1.289769e+002,-2.308077e+003, 0.000000e+000, 0.000000e+000, 0.000000e+000
 4.924000e-001,-2.811381e+003, 8.292954e+002, 2.424307e+003,-2.078660e+003,-5.653977e+001, 1.304851e+002,-2.364519e+003, 0.000000e+000, 0.000000e+000, 0.000000e+000
 4.924500e-001,-2.797344e+003, 7.648778e+002, 2.469040e+003,-2.136983e+003,-5.609772e+001, 1.319430e+002,-2.420497e+003, 0.000000e+000, 0.000000e+000, 0.000000e+000
 4.925000e-001,-2.784277e+003, 7.041885e+002, 2.512330e+003,-2.194544e+003,-5.563024e+001, 1.333608e+002,-2.475237e+003, 0.000000e+000, 0.000000e+000, 0.000000e+000
 4.925500e-001,-2.768137e+003, 6.393114e+002, 2.555460e+003,-2.251331e+003,-5.514171e+001, 1.347267e+002,-2.529477e+003, 0.000000e+000, 0.000000e+000, 0.000000e+000
 4.926000e-001,-2.753201e+003, 5.780881e+002, 2.596795e+003,-2.307316e+003,-5.462849e+001, 1.360506e+002,-2.582436e+003, 0.000000e+000, 0.000000e+000, 0.000000e+000
 4.926500e-001,-2.734999e+003, 5.128660e+002, 2.638256e+003,-2.362486e+003,-5.409668e+001, 1.373211e+002,-2.634859e+003, 0.000000e+000, 0.000000e+000, 0.000000e+000
 4.927000e-001,-2.718196e+003, 4.511754e+002, 2.677586e+003,-2.416817e+003,-5.354108e+001, 1.385477e+002,-2.685958e+003, 0.000000e+000, 0.000000e+000, 0.000000e+000
 4.927500e-001,-2.697978e+003, 3.857203e+002, 2.717308e+003,-2.470293e+003,-5.296926e+001, 1.397196e+002,-2.736488e+003, 0.000000e+000, 0.000000e+000, 0.000000e+000
 4.928000e-001,-2.679312e+003, 3.236325e+002, 2.754588e+003,-2.522893e+003,-5.237473e+001, 1.408456e+002,-2.785654e+003, 0.000000e+000, 0.000000e+000, 0.000000e+000
 4.928500e-001,-2.657126e+003, 2.580533e+002, 2.792503e+003,-2.574601e+003,-5.176630e+001, 1.419160e+002,-2.834218e+003, 0.000000e+000, 0.000000e+000, 0.000000e+000
 4.929000e-001,-2.636604e+003, 1.956424e+002, 2.827694e+003,-2.625395e+003,-5.113634e+001, 1.429384e+002,-2.881378e+003, 0.000000e+000, 0.000000e+000, 0.000000e+000
 4.929500e-001,-2.612503e+003, 1.300447e+002, 2.863732e+003,-2.675261e+003,-5.049467e+001, 1.439043e+002,-2.927905e+003, 0.000000e+000, 0.000000e+000, 0.000000e+000
 4.930000e-001,-2.590134e+003, 6.738840e+001, 2.896799e+003,-2.724179e+003,-4.983280e+001, 1.448202e+002,-2.972991e+003, 0.000000e+000, 0.000000e+000, 0.000000e+000
 4.930500e-001,-2.248734e+003,-3.496474e+000, 2.899580e+003,-2.793354e+003,-4.879999e+001, 1.477855e+002,-2.972827e+003, 0.000000e+000, 0.000000e+000, 0.000000e+000
 4.931000e-001,-2.682083e+003,-5.292336e+001, 3.020775e+003,-2.851959e+003,-4.828862e+001, 1.467291e+002,-2.993830e+003, 0.000000e+000, 0.000000e+000, 0.000000e+000
 4.931500e-001,-2.393188e+003,-1.292673e+002, 2.963303e+003,-2.896336e+003,-4.792952e+001, 1.455685e+002,-3.040635e+003, 0.000000e+000, 0.000000e+000, 0.000000e+000
 4.932000e-001,-2.569160e+003,-1.847960e+002, 3.048449e+003,-2.943679e+003,-4.730776e+001, 1.465865e+002,-3.075985e+003, 0.000000e+000, 0.000000e+000, 0.000000e+000
 4.932500e-001,-2.408254e+003,-2.618224e+002, 3.032590e+003,-2.985239e+003,-4.637046e+001, 1.468364e+002,-3.122358e+003, 0.000000e+000, 0.000000e+000, 0.000000e+000
 4.933000e-001,-2.433133e+003,-3.106237e+002, 3.086951e+003,-3.031053e+003,-4.556028e+001, 1.482448e+002,-3.155191e+003, 0.000000e+000, 0.000000e+000, 0.000000e+000
 4.933500e-001,-2.426330e+003,-3.937093e+002, 3.102798e+003,-3.070613e+003,-4.445599e+001, 1.485302e+002,-3.199240e+003, 0.000000e+000, 0.000000e+000, 0.000000e+000
 4.934000e-001,-2.295083e+003,-4.341382e+002, 3.122585e+003,-3.114301e+003,-4.360476e+001, 1.498722e+002,-3.230166e+003, 0.000000e+000, 0.000000e+000, 0.000000e+000
 4.934500e-001,-2.437118e+003,-5.246281e+002, 3.167848e+003,-3.151967e+003,-4.248862e+001, 1.501409e+002,-3.271113e+003, 0.000000e+000, 0.000000e+000, 0.000000e+000
 4.935000e-001,-2.163233e+003,-5.570704e+002, 3.156474e+003,-3.193088e+003,-4.162271e+001, 1.512837e+002,-3.300794e+003, 0.000000e+000, 0.000000e+000, 0.000000e+000
 4.935500e-001,-2.433069e+003,-6.533326e+002, 3.225495e+003,-3.228936e+003,-4.059278e+001, 1.515493e+002,-3.338064e+003, 0.000000e+000, 0.000000e+000, 0.000000e+000
 4.936000e-001,-2.043736e+003,-6.814232e+002, 3.189307e+003,-3.267159e+003,-3.966322e+001, 1.524557e+002,-3.366986e+003, 0.000000e+000, 0.000000e+000, 0.000000e+000
 4.936500e-001,-2.407565e+003,-7.775426e+002, 3.275279e+003,-3.301310e+003,-3.881191e+001, 1.527078e+002,-3.400139e+003, 0.000000e+000, 0.000000e+000, 0.000000e+000
 4.937000e-001,-1.942262e+003,-8.099659e+002, 3.220422e+003,-3.336384e+003,-3.771268e+001, 1.534078e+002,-3.428581e+003, 0.000000e+000, 0.000000e+000, 0.000000e+000
 4.937500e-001,-2.354541e+003,-8.946247e+002, 3.317984e+003,-3.369003e+003,-3.709929e+001, 1.536198e+002,-3.457334e+003, 0.000000e+000, 0.000000e+000, 0.000000e+000
 4.938000e-001,-1.863970e+003,-9.447361e+002, 3.248691e+003,-3.400755e+003,-3.574058e+001, 1.541591e+002,-3.485347e+003, 0.000000e+000, 0.000000e+000, 0.000000e+000
 4.938500e-001,-2.269652e+003,-1.003384e+003, 3.354470e+003,-3.431970e+003,-3.534396e+001, 1.543154e+002,-3.509630e+003, 0.000000e+000, 0.000000e+000, 0.000000e+000
 4.939000e-001,-1.812056e+003,-1.085112e+003, 3.273789e+003,-3.460319e+003,-3.373469e+001, 1.546973e+002,-3.537037e+003, 0.000000e+000, 0.000000e+000, 0.000000e+000
 4.939500e-001,-2.152027e+003,-1.105486e+003, 3.384577e+003,-3.490117e+003,-3.343984e+001, 1.548089e+002,-3.557033e+003, 0.000000e+000, 0.000000e+000, 0.000000e+000
 4.940000e-001,-1.786080e+003,-1.227208e+003, 3.296812e+003,-3.515091e+003,-3.171481e+001, 1.549678e+002,-3.583453e+003, 0.000000e+000, 0.000000e+000, 0.000000e+000
 4.940500e-001,-2.005269e+003,-1.205187e+003, 3.406929e+003,-3.543266e+003,-3.135856e+001, 1.550594e+002,-3.599589e+003, 0.000000e+000, 0.000000e+000, 0.000000e+000
 4.941000e-001,-1.781300e+003,-1.365266e+003, 3.319734e+003,-3.564986e+003,-2.973070e+001, 1.548849e+002,-3.624487e+003, 0.000000e+000, 0.000000e+000, 0.000000e+000
 4.941500e-001,-1.836996e+003,-1.307445e+003, 3.419747e+003,-3.591158e+003,-2.918044e+001, 1.549638e+002,-3.637373e+003, 0.000000e+000, 0.000000e+000, 0.000000e+000
 4.942000e-001,-1.789339e+003,-1.494106e+003, 3.344146e+003,-3.609817e+003,-2.785440e+001, 1.543545e+002,-3.660127e+003, 0.000000e+000, 0.000000e+000, 0.000000e+000
 4.942500e-001,-1.657305e+003,-1.415801e+003, 3.422003e+003,-3.633507e+003,-2.706517e+001, 1.543869e+002,-3.670456e+003, 0.000000e+000, 0.000000e+000, 0.000000e+000
 4.943000e-001,-1.799687e+003,-1.610983e+003, 3.370179e+003,-3.649345e+003,-2.616947e+001, 1.532988e+002,-3.690422e+003, 0.000000e+000, 0.000000e+000, 0.000000e+000
 4.943500e-001,-1.477020e+003,-1.531392e+003, 3.414078e+003,-3.670076e+003,-2.518195e+001, 1.532141e+002,-3.698868e+003, 0.000000e+000, 0.000000e+000, 0.000000e+000
 4.944000e-001,-1.801278e+003,-1.715813e+003, 3.396326e+003,-3.683370e+003,-2.475190e+001, 1.516772e+002,-3.715430e+003, 0.000000e+000, 0.000000e+000, 0.000000e+000
 4.944500e-001,-1.306414e+003,-1.653465e+003, 3.397578e+003,-3.700737e+003,-2.364107e+001, 1.513967e+002,-3.722558e+003, 0.000000e+000, 0.000000e+000, 0.000000e+000
 4.945000e-001,-1.783784e+003,-1.810063e+003, 3.420114e+003,-3.711788e+003,-2.364198e+001, 1.494982e+002,-3.735188e+003, 0.000000e+000, 0.000000e+000, 0.000000e+000
 4.945500e-001,-1.154422e+003,-1.780552e+003, 3.374627e+003,-3.725501e+003,-2.246126e+001, 1.489659e+002,-3.741386e+003, 0.000000e+000, 0.000000e+000, 0.000000e+000
 4.946000e-001,-1.738672e+003,-1.895481e+003, 3.439039e+003,-3.734606e+003,-2.281837e+001, 1.468184e+002,-3.749698e+003, 0.000000e+000, 0.000000e+000, 0.000000e+000
 4.946500e-001,-1.028004e+003,-1.911185e+003, 3.347233e+003,-3.744503e+003,-2.158140e+001, 1.460119e+002,-3.755150e+003, 0.000000e+000, 0.000000e+000, 0.000000e+000
 4.947000e-001,-1.660199e+003,-1.973638e+003, 3.451112e+003,-3.751895e+003,-2.219220e+001, 1.437273e+002,-3.758958e+003, 0.000000e+000, 0.000000e+000, 0.000000e+000
 4.947500e-001,-9.314087e+002,-2.043679e+003, 3.317107e+003,-3.757936e+003,-2.089969e+001, 1.426440e+002,-3.763626e+003, 0.000000e+000, 0.000000e+000, 0.000000e+000
 4.948000e-001,-1.546273e+003,-2.046365e+003, 3.454854e+003,-3.763728e+003,-2.163174e+001, 1.403204e+002,-3.762981e+003, 0.000000e+000, 0.000000e+000, 0.000000e+000
 4.948500e-001,-8.654490e+002,-2.175455e+003, 3.285805e+003,-3.765980e+003,-2.031506e+001, 1.389544e+002,-3.766634e+003, 0.000000e+000, 0.000000e+000, 0.000000e+000
 4.949000e-001,-1.398850e+003,-2.116350e+003, 3.449012e+003,-3.770119e+003,-2.100891e+001, 1.366715e+002,-3.761822e+003, 0.000000e+000, 0.000000e+000, 0.000000e+000
 4.949500e-001,-8.271824e+002,-2.302740e+003, 3.254858e+003,-3.768740e+003,-1.975289e+001, 1.350015e+002,-3.764075e+003, 0.000000e+000, 0.000000e+000, 0.000000e+000
 4.950000e-001,-1.223596e+003,-2.187155e+003, 3.432406e+003,-3.771012e+003,-2.024412e+001, 1.328191e+002,-3.755570e+003, 0.000000e+000, 0.000000e+000, 0.000000e+000
 4.950500e-001,-8.102753e+002,-2.421137e+003, 3.225593e+003,-3.766227e+003,-1.917108e+001, 1.308175e+002,-3.755943e+003, 0.000000e+000, 0.000000e+000, 0.000000e+000
 4.951000e-001,-1.028839e+003,-2.262460e+003, 3.404105e+003,-3.766309e+003,-1.932502e+001, 1.287731e+002,-3.744329e+003, 0.000000e+000, 0.000000e+000, 0.000000e+000
 4.951500e-001,-8.059921e+002,-2.526774e+003, 3.198757e+003,-3.758392e+003,-1.855168e+001, 1.264295e+002,-3.742298e+003, 0.000000e+000, 0.000000e+000, 0.000000e+000
 4.952000e-001,-8.242074e+002,-2.345018e+003, 3.363766e+003,-3.755923e+003,-1.829074e+001, 1.245386e+002,-3.728177e+003, 0.000000e+000, 0.000000e+000, 0.000000e+000
 4.952500e-001,-8.044717e+002,-2.617356e+003, 3.174216e+003,-3.745189e+003,-1.788538e+001, 1.218807e+002,-3.723225e+003, 0.000000e+000, 0.000000e+000, 0.000000e+000
 4.953000e-001,-6.194266e+002,-2.435954e+003, 3.311850e+003,-3.739840e+003,-1.719348e+001, 1.201431e+002,-3.707133e+003, 0.000000e+000, 0.000000e+000, 0.000000e+000
 4.953500e-001,-7.959312e+002,-2.692536e+003, 3.150976e+003,-3.726632e+003,-1.715484e+001, 1.172408e+002,-3.698791e+003, 0.000000e+000, 0.000000e+000, 0.000000e+000
 4.954000e-001,-4.234832e+002,-2.534699e+003, 3.249573e+003,-3.718153e+003,-1.606069e+001, 1.156482e+002,-3.681143e+003, 0.000000e+000, 0.000000e+000, 0.000000e+000
 4.954500e-001,-7.716328e+002,-2.753611e+003, 3.127510e+003,-3.702820e+003,-1.632215e+001, 1.126000e+002,-3.669033e+003, 0.000000e+000, 0.000000e+000, 0.000000e+000
 4.955000e-001,-2.441037e+002,-2.639374e+003, 3.178644e+003,-3.691052e+003,-1.487772e+001, 1.111399e+002,-3.650094e+003, 0.000000e+000, 0.000000e+000, 0.000000e+000
 4.955500e-001,-7.246462e+002,-2.802918e+003, 3.102157e+003,-3.673914e+003,-1.532611e+001, 1.080492e+002,-3.633968e+003, 0.000000e+000, 0.000000e+000, 0.000000e+000
 4.956000e-001,-8.730052e+001,-2.747222e+003, 3.100981e+003,-3.658783e+003,-1.359625e+001, 1.067003e+002,-3.613840e+003, 0.000000e+000, 0.000000e+000, 0.000000e+000
 4.956500e-001,-6.504737e+002,-2.843372e+003, 3.073359e+003,-3.640082e+003,-1.409288e+001, 1.036557e+002,-3.593621e+003, 0.000000e+000, 0.000000e+000, 0.000000e+000
 4.957000e-001, 4.314213e+001,-2.854864e+003, 3.018555e+003,-3.621588e+003,-1.215918e+001, 1.023788e+002,-3.572258e+003, 0.000000e+000, 0.000000e+000, 0.000000e+000
 4.957500e-001,-5.475001e+002,-2.878246e+003, 3.039676e+003,-3.601444e+003,-1.255832e+001, 9.944290e+001,-3.548056e+003, 0.000000e+000, 0.000000e+000, 0.000000e+000
 4.958000e-001, 1.461509e+002,-2.958464e+003, 2.933296e+003,-3.579646e+003,-1.052643e+001, 9.817613e+001,-3.525286e+003, 0.000000e+000, 0.000000e+000, 0.000000e+000
 4.958500e-001,-4.171234e+002,-2.911023e+003, 2.999724e+003,-3.558036e+003,-1.069263e+001, 9.538592e+001,-3.497389e+003, 0.000000e+000, 0.000000e+000, 0.000000e+000
 4.959000e-001, 2.235733e+002,-3.054035e+003, 2.846990e+003,-3.533050e+003,-8.689154e+000, 9.405188e+001,-3.472941e+003, 0.000000e+000, 0.000000e+000, 0.000000e+000
 4.959500e-001,-2.634504e+002,-2.945091e+003, 2.952187e+003,-3.509824e+003,-8.514651e+000, 9.142458e+001,-3.441771e+003, 0.000000e+000, 0.000000e+000, 0.000000e+000
 4.960000e-001, 2.799259e+002,-3.137976e+003, 2.761080e+003,-3.481815e+003,-6.668091e+000, 8.994960e+001,-3.415318e+003, 0.000000e+000, 0.000000e+000, 0.000000e+000
 4.960500e-001,-9.259319e+001,-2.983246e+003, 2.895985e+003,-3.456741e+003,-6.087219e+000, 8.749066e+001,-3.381366e+003, 0.000000e+000, 0.000000e+000, 0.000000e+000
 4.961000e-001, 3.216830e+002,-3.207707e+003, 2.676453e+003,-3.425925e+003,-4.499976e+000, 8.582695e+001,-3.352557e+003, 0.000000e+000, 0.000000e+000, 0.000000e+000
 4.961500e-001, 8.823566e+001,-3.027198e+003, 2.830502e+003,-3.398744e+003,-3.494586e+000, 8.353690e+001,-3.316316e+003, 0.000000e+000, 0.000000e+000, 0.000000e+000
 4.962000e-001, 3.562924e+002,-3.262097e+003, 2.593346e+003,-3.365376e+003,-2.219366e+000, 8.167609e+001,-3.284817e+003, 0.000000e+000, 0.000000e+000, 0.000000e+000
 4.962500e-001, 2.715948e+002,-3.077306e+003, 2.755725e+003,-3.335857e+003,-8.128383e-001, 7.955456e+001,-3.246718e+003, 0.000000e+000, 0.000000e+000, 0.000000e+000
 4.963000e-001, 3.911685e+002,-3.301509e+003, 2.511441e+003,-3.300215e+003, 1.562358e-001, 7.752509e+001,-3.212251e+003, 0.000000e+000, 0.000000e+000, 0.000000e+000
 4.963500e-001, 4.505098e+002,-3.132648e+003, 2.672212e+003,-3.268177e+003, 1.912261e+000, 7.557047e+001,-3.172625e+003, 0.000000e+000, 0.000000e+000, 0.000000e+000
 4.964000e-001, 4.328431e+002,-3.327493e+003, 2.430110e+003,-3.230535e+003, 2.632316e+000, 7.342055e+001,-3.135003e+003, 0.000000e+000, 0.000000e+000, 0.000000e+000
 4.964500e-001, 6.189930e+002,-3.191308e+003, 2.580909e+003,-3.195860e+003, 4.670177e+000, 7.162527e+001,-3.094064e+003, 0.000000e+000, 0.000000e+000, 0.000000e+000
 4.965000e-001, 4.863479e+002,-3.342343e+003, 2.348689e+003,-3.156448e+003, 5.231880e+000, 6.940015e+001,-3.053221e+003, 0.000000e+000, 0.000000e+000, 0.000000e+000
 4.965500e-001, 7.724594e+002,-3.250716e+003, 2.482914e+003,-3.119071e+003, 7.472972e+000, 6.774366e+001,-3.011066e+003, 0.000000e+000, 0.000000e+000, 0.000000e+000
 4.966000e-001, 5.548322e+002,-3.348717e+003, 2.266634e+003,-3.078049e+003, 7.980144e+000, 6.546779e+001,-2.967076e+003, 0.000000e+000, 0.000000e+000, 0.000000e+000
 4.966500e-001, 9.080790e+002,-3.307929e+003, 2.379290e+003,-3.037950e+003, 1.033352e+001, 6.391173e+001,-2.923695e+003, 0.000000e+000, 0.000000e+000, 0.000000e+000
 4.967000e-001, 6.394128e+002,-3.349389e+003, 2.183545e+003,-2.995386e+003, 1.088509e+001, 6.158244e+001,-2.876766e+003, 0.000000e+000, 0.000000e+000, 0.000000e+000
 4.967500e-001, 1.025011e+003,-3.359882e+003, 2.270930e+003,-2.952588e+003, 1.324613e+001, 6.007273e+001,-2.832062e+003, 0.000000e+000, 0.000000e+000, 0.000000e+000
 4.968000e-001, 7.392617e+002,-3.347063e+003, 2.099112e+003,-2.908460e+003, 1.392210e+001, 5.766594e+001,-2.782517e+003, 0.000000e+000, 0.000000e+000, 0.000000e+000
 4.968500e-001, 1.124418e+003,-3.403679e+003, 2.158501e+003,-2.863030e+003, 1.617824e+001, 5.614309e+001,-2.736324e+003, 0.000000e+000, 0.000000e+000, 0.000000e+000
 4.969000e-001, 8.519202e+002,-3.344142e+003, 2.013076e+003,-2.817252e+003, 1.703005e+001, 5.362613e+001,-2.684552e+003, 0.000000e+000, 0.000000e+000, 0.000000e+000
 4.969500e-001, 1.209175e+003,-3.436954e+003, 2.042398e+003,-2.769310e+003, 1.907544e+001, 5.204029e+001,-2.636665e+003, 0.000000e+000, 0.000000e+000, 0.000000e+000
 4.970000e-001, 9.737823e+002,-3.342448e+003, 1.925249e+003,-2.721769e+003, 2.012168e+001, 4.938563e+001,-2.583070e+003, 0.000000e+000, 0.000000e+000, 0.000000e+000
 4.970500e-001, 1.283320e+003,-3.458214e+003, 1.922768e+003,-2.671486e+003, 2.187597e+001, 4.770919e+001,-2.533269e+003, 0.000000e+000, 0.000000e+000, 0.000000e+000
 4.971000e-001, 1.100647e+003,-3.342974e+003, 1.835566e+003,-2.622082e+003, 2.310437e+001, 4.490361e+001,-2.478222e+003, 0.000000e+000, 0.000000e+000, 0.000000e+000
 4.971500e-001, 1.351346e+003,-3.467035e+003, 1.799595e+003,-2.569670e+003, 2.452781e+001, 4.313460e+001,-2.426305e+003, 0.000000e+000, 0.000000e+000, 0.000000e+000
 4.972000e-001, 1.228239e+003,-3.345770e+003, 1.744097e+003,-2.518338e+003, 2.590292e+001, 4.018163e+001,-2.370108e+003, 0.000000e+000, 0.000000e+000, 0.000000e+000
 4.972500e-001, 1.417510e+003,-3.464023e+003, 1.672850e+003,-2.464031e+003, 2.700139e+001, 3.833577e+001,-2.315926e+003, 0.000000e+000, 0.000000e+000, 0.000000e+000
 4.973000e-001, 1.352647e+003,-3.350024e+003, 1.650984e+003,-2.410751e+003, 2.847478e+001, 3.525190e+001,-2.258793e+003, 0.000000e+000, 0.000000e+000, 0.000000e+000
 4.973500e-001, 1.485281e+003,-3.450572e+003, 1.542671e+003,-2.354772e+003, 2.929381e+001, 3.334692e+001,-2.202278e+003, 0.000000e+000, 0.000000e+000, 0.000000e+000
 4.974000e-001, 1.470672e+003,-3.354277e+003, 1.556312e+003,-2.299565e+003, 3.081269e+001, 3.015481e+001,-2.144335e+003, 0.000000e+000, 0.000000e+000, 0.000000e+000
 4.974500e-001, 1.556992e+003,-3.428533e+003, 1.409494e+003,-2.242102e+003, 3.142371e+001, 2.819479e+001,-2.085522e+003, 0.000000e+000, 0.000000e+000, 0.000000e+000
 4.975000e-001, 1.580114e+003,-3.356697e+003, 1.459964e+003,-2.185015e+003, 3.293550e+001, 2.491740e+001,-2.026810e+003, 0.000000e+000, 0.000000e+000, 0.000000e+000
 4.975500e-001, 1.633688e+003,-3.399905e+003, 1.274092e+003,-2.126196e+003, 3.341971e+001, 2.288432e+001,-1.965845e+003, 0.000000e+000, 0.000000e+000, 0.000000e+000
 4.976000e-001, 1.679968e+003,-3.355333e+003, 1.361509e+003,-2.067302e+003, 3.487317e+001, 1.954355e+001,-1.906338e+003, 0.000000e+000, 0.000000e+000, 0.000000e+000
 4.976500e-001, 1.715162e+003,-3.366608e+003, 1.137519e+003,-2.007195e+003, 3.530730e+001, 1.739940e+001,-1.843463e+003, 0.000000e+000, 0.000000e+000, 0.000000e+000
 4.977000e-001, 1.770501e+003,-3.348338e+003, 1.260181e+003,-1.946588e+003, 3.665342e+001, 1.402024e+001,-1.783079e+003, 0.000000e+000, 0.000000e+000, 0.000000e+000
 4.977500e-001, 1.800134e+003,-3.330319e+003, 1.001018e+003,-1.885211e+003, 3.709958e+001, 1.171788e+001,-1.718605e+003, 0.000000e+000, 0.000000e+000, 0.000000e+000
 4.978000e-001, 1.853145e+003,-3.334179e+003, 1.154922e+003,-1.823015e+003, 3.829525e+001, 8.335795e+000,-1.657224e+003, 0.000000e+000, 0.000000e+000, 0.000000e+000
 4.978500e-001, 1.886543e+003,-3.292334e+003, 8.659142e+002,-1.760363e+003, 3.879538e+001, 5.832895e+000,-1.591491e+003, 0.000000e+000, 0.000000e+000, 0.000000e+000
 4.979000e-001, 1.930189e+003,-3.311819e+003, 1.044504e+003,-1.696736e+003, 3.981025e+001, 2.499908e+000,-1.528974e+003, 0.000000e+000, 0.000000e+000, 0.000000e+000
 4.979500e-001, 1.971898e+003,-3.253449e+003, 7.335495e+002,-1.632808e+003, 4.038489e+001,-2.301168e-001,-1.462313e+003, 0.000000e+000, 0.000000e+000, 0.000000e+000
 4.980000e-001, 2.004316e+003,-3.280846e+003, 9.276904e+002,-1.567939e+003, 4.120891e+001,-3.445742e+000,-1.398523e+003, 0.000000e+000, 0.000000e+000, 0.000000e+000
 4.980500e-001, 2.053647e+003,-3.213881e+003, 6.052135e+002,-1.502760e+003, 4.185958e+001,-6.409682e+000,-1.331219e+003, 0.000000e+000, 0.000000e+000, 0.000000e+000
 4.981000e-001, 2.078083e+003,-3.241504e+003, 8.034355e+002,-1.436855e+003, 4.250737e+001,-9.432416e+000,-1.266047e+003, 0.000000e+000, 0.000000e+000, 0.000000e+000
 4.981500e-001, 2.129514e+003,-3.173274e+003, 4.820562e+002,-1.370486e+003, 4.322123e+001,-1.262030e+001,-1.198323e+003, 0.000000e+000, 0.000000e+000, 0.000000e+000
 4.982000e-001, 2.153459e+003,-3.194601e+003, 6.710687e+002,-1.303744e+003, 4.373053e+001,-1.538313e+001,-1.131718e+003, 0.000000e+000, 0.000000e+000, 0.000000e+000
 4.982500e-001, 2.197781e+003,-3.130800e+003, 3.649587e+002,-1.236279e+003, 4.448555e+001,-1.877530e+001,-1.063723e+003, 0.000000e+000, 0.000000e+000, 0.000000e+000
 4.983000e-001, 2.231515e+003,-3.141321e+003, 5.304442e+002,-1.168875e+003, 4.490990e+001,-2.123674e+001,-9.957049e+002, 0.000000e+000, 0.000000e+000, 0.000000e+000
 4.983500e-001, 2.257506e+003,-3.085328e+003, 2.543788e+002,-1.100430e+003, 4.567904e+001,-2.481046e+001,-9.275228e+002, 0.000000e+000, 0.000000e+000, 0.000000e+000
 4.984000e-001, 2.312280e+003,-3.083004e+003, 3.820143e+002,-1.032492e+003, 4.607690e+001,-2.696610e+001,-8.581988e+002, 0.000000e+000, 0.000000e+000, 0.000000e+000
 4.984500e-001, 2.308668e+003,-3.035625e+003, 1.502131e+002,-9.631996e+002, 4.683071e+001,-3.069785e+001,-7.898530e+002, 0.000000e+000, 0.000000e+000, 0.000000e+000
 4.985000e-001, 2.394777e+003,-3.020944e+003, 2.268182e+002,-8.947990e+002, 4.725464e+001,-3.258192e+001,-7.194108e+002, 0.000000e+000, 0.000000e+000, 0.000000e+000
 4.985500e-001, 2.352213e+003,-2.980540e+003, 5.172242e+001,-8.248043e+002, 4.796299e+001,-3.644397e+001,-6.508779e+002, 0.000000e+000, 0.000000e+000, 0.000000e+000
 4.986000e-001, 2.477179e+003,-2.956239e+003, 6.640395e+001,-7.559697e+002, 4.845144e+001,-3.812072e+001,-5.795689e+002, 0.000000e+000, 0.000000e+000, 0.000000e+000
 4.986500e-001, 2.389972e+003,-2.919166e+003,-4.244950e+001,-6.854296e+002, 4.908603e+001,-4.207376e+001,-5.107906e+002, 0.000000e+000, 0.000000e+000, 0.000000e+000
 4.987000e-001, 2.557050e+003,-2.889696e+003,-9.728324e+001,-6.161606e+002, 4.965901e+001,-4.362254e+001,-4.389025e+002, 0.000000e+000, 0.000000e+000, 0.000000e+000
 4.987500e-001, 2.424437e+003,-2.850963e+003,-1.341633e+002,-5.452488e+002, 5.019742e+001,-4.760839e+001,-3.698009e+002, 0.000000e+000, 0.000000e+000, 0.000000e+000
 4.988000e-001, 2.631636e+003,-2.821757e+003,-2.620189e+002,-4.755394e+002, 5.085604e+001,-4.910853e+001,-2.976266e+002, 0.000000e+000, 0.000000e+000, 0.000000e+000
 4.988500e-001, 2.458408e+003,-2.775842e+003,-2.255959e+002,-4.044440e+002, 5.128689e+001,-5.304772e+001,-2.281217e+002, 0.000000e+000, 0.000000e+000, 0.000000e+000
 4.989000e-001, 2.698177e+003,-2.752462e+003,-4.254129e+002,-3.343021e+002, 5.201586e+001,-5.456842e+001,-1.559319e+002, 0.000000e+000, 0.000000e+000, 0.000000e+000
 4.989500e-001, 2.494571e+003,-2.694193e+003,-3.190123e+002,-2.632168e+002, 5.234324e+001,-5.836547e+001,-8.596291e+001, 0.000000e+000, 0.000000e+000, 0.000000e+000
 4.990000e-001, 2.754207e+003,-2.681448e+003,-5.850319e+002,-1.926751e+002, 5.311504e+001,-5.996290e+001,-1.398649e+001, 0.000000e+000, 0.000000e+000, 0.000000e+000
 4.990500e-001, 2.535083e+003,-2.606845e+003,-4.165348e+002,-1.217828e+002, 5.336012e+001,-6.351897e+001, 5.646674e+001, 0.000000e+000, 0.000000e+000, 0.000000e+000
 4.991000e-001, 2.797836e+003,-2.607989e+003,-7.385447e+002,-5.090145e+001, 5.413978e+001,-6.523909e+001, 1.280525e+002, 0.000000e+000, 0.000000e+000, 0.000000e+000
 4.991500e-001, 2.581254e+003,-2.514962e+003,-5.199423e+002, 1.964529e+001, 5.433818e+001,-6.846829e+001, 1.989508e+002, 0.000000e+000, 0.000000e+000, 0.000000e+000
 4.992000e-001, 2.827979e+003,-2.531104e+003,-8.838963e+002, 9.078252e+001, 5.508750e+001,-7.035152e+001, 2.700219e+002, 0.000000e+000, 0.000000e+000, 0.000000e+000
 4.992500e-001, 2.633368e+003,-2.419879e+003,-6.305270e+002, 1.608768e+002, 5.528302e+001,-7.319525e+001, 3.412563e+002, 0.000000e+000, 0.000000e+000, 0.000000e+000
 4.993000e-001, 2.844520e+003,-2.449696e+003,-1.019488e+003, 2.321673e+002, 5.596367e+001,-7.527865e+001, 4.117382e+002, 0.000000e+000, 0.000000e+000, 0.000000e+000
 4.993500e-001, 2.690659e+003,-2.322938e+003,-7.490136e+002, 3.017544e+002, 5.619997e+001,-7.771322e+001, 4.831313e+002, 0.000000e+000, 0.000000e+000, 0.000000e+000
 4.994000e-001, 2.848376e+003,-2.362701e+003,-1.144329e+003, 3.730783e+002, 5.677560e+001,-8.002782e+001, 5.529924e+002, 0.000000e+000, 0.000000e+000, 0.000000e+000
 4.994500e-001, 2.751415e+003,-2.225333e+003,-8.755388e+002, 4.421507e+002, 5.708812e+001,-8.206321e+001, 6.243105e+002, 0.000000e+000, 0.000000e+000, 0.000000e+000
 4.995000e-001, 2.841458e+003,-2.269237e+003,-1.258128e+003, 5.133689e+002, 5.752598e+001,-8.462691e+001, 6.935552e+002, 0.000000e+000, 0.000000e+000, 0.000000e+000
 4.995500e-001, 2.813175e+003,-2.128000e+003,-1.009668e+003, 5.819504e+002, 5.793591e+001,-8.629851e+001, 7.645309e+002, 0.000000e+000, 0.000000e+000, 0.000000e+000
 4.996000e-001, 2.826481e+003,-2.168723e+003,-1.361291e+003, 6.529017e+002, 5.820893e+001,-8.910757e+001, 8.331901e+002, 0.000000e+000, 0.000000e+000, 0.000000e+000
 4.996500e-001, 2.872983e+003,-2.031535e+003,-1.150435e+003, 7.210278e+002, 5.872018e+001,-9.046510e+001, 9.035479e+002, 0.000000e+000, 0.000000e+000, 0.000000e+000
 4.997000e-001, 2.806675e+003,-2.060964e+003,-1.454848e+003, 7.915281e+002, 5.880975e+001,-9.348850e+001, 9.716661e+002, 0.000000e+000, 0.000000e+000, 0.000000e+000
 4.997500e-001, 2.927667e+003,-1.936157e+003,-1.296394e+003, 8.592268e+002, 5.940888e+001,-9.458691e+001, 1.041147e+003, 0.000000e+000, 0.000000e+000, 0.000000e+000
 4.998000e-001, 2.785402e+003,-1.946200e+003,-1.540308e+003, 9.290762e+002, 5.930801e+001,-9.776672e+001, 1.108767e+003, 0.000000e+000, 0.000000e+000, 0.000000e+000
 4.998500e-001, 2.974127e+003,-1.841693e+003,-1.445681e+003, 9.963549e+002, 5.996656e+001,-9.866216e+001, 1.177148e+003, 0.000000e+000, 0.000000e+000, 0.000000e+000
 4.999000e-001, 2.765755e+003,-1.825108e+003,-1.619492e+003, 1.065352e+003, 5.968240e+001,-1.019207e+002, 1.244290e+003, 0.000000e+000, 0.000000e+000, 0.000000e+000
 4.999500e-001, 3.009629e+003,-1.747600e+003,-1.596118e+003, 1.132192e+003, 6.036087e+001,-1.026713e+002, 1.311393e+003, 0.000000e+000, 0.000000e+000, 0.000000e+000
 5.000000e-001, 2.750210e+003,-1.698753e+003,-1.694369e+003, 1.200150e+003, 5.991536e+001,-1.059234e+002, 1.378040e+003, 0.000000e+000, 0.000000e+000, 0.000000e+000
 5.000500e-001, 3.032063e+003,-1.653025e+003,-1.745339e+003, 1.266508e+003, 6.056786e+001,-1.065923e+002, 1.443737e+003, 0.000000e+000, 0.000000e+000, 0.000000e+000
 5.001000e-001, 2.740375e+003,-1.568492e+003,-1.766911e+003, 1.333276e+003, 5.999605e+001,-1.097574e+002, 1.509819e+003, 0.000000e+000, 0.000000e+000, 0.000000e+000
 5.001500e-001, 3.040161e+003,-1.556896e+003,-1.890959e+003, 1.399084e+003, 6.057492e+001,-1.104141e+002, 1.574027e+003, 0.000000e+000, 0.000000e+000, 0.000000e+000
 5.002000e-001, 2.736872e+003,-1.435850e+003,-1.838986e+003, 1.464553e+003, 5.992097e+001,-1.134257e+002, 1.639418e+003, 0.000000e+000, 0.000000e+000, 0.000000e+000
 5.002500e-001, 3.033638e+003,-1.458043e+003,-2.030747e+003, 1.529724e+003, 6.038083e+001,-1.141432e+002, 1.702099e+003, 0.000000e+000, 0.000000e+000, 0.000000e+000
 5.003000e-001, 2.739337e+003,-1.302372e+003,-1.912275e+003, 1.593830e+003, 5.969255e+001,-1.169508e+002, 1.766622e+003, 0.000000e+000, 0.000000e+000, 0.000000e+000
 5.003500e-001, 3.013223e+003,-1.355331e+003,-2.162782e+003, 1.658252e+003, 5.999363e+001,-1.177983e+002, 1.827770e+003, 0.000000e+000, 0.000000e+000, 0.000000e+000
 5.004000e-001, 2.746535e+003,-1.169495e+003,-1.988205e+003, 1.720969e+003, 5.931677e+001,-1.203649e+002, 1.891214e+003, 0.000000e+000, 0.000000e+000, 0.000000e+000
 5.004500e-001, 2.980577e+003,-1.247779e+003,-2.285554e+003, 1.784504e+003, 5.942756e+001,-1.213968e+002, 1.950852e+003, 0.000000e+000, 0.000000e+000, 0.000000e+000
 5.005000e-001, 2.756525e+003,-1.038429e+003,-2.067884e+003, 1.845827e+003, 5.880079e+001,-1.236927e+002, 2.012989e+003, 0.000000e+000, 0.000000e+000, 0.000000e+000
 5.005500e-001, 2.938084e+003,-1.134667e+003,-2.398018e+003, 1.908313e+003, 5.870014e+001,-1.249403e+002, 2.071159e+003, 0.000000e+000, 0.000000e+000, 0.000000e+000
 5.006000e-001, 2.766883e+003,-9.100754e+002,-2.152039e+003, 1.968244e+003, 5.815150e+001,-1.269381e+002, 2.131765e+003, 0.000000e+000, 0.000000e+000, 0.000000e+000
 5.006500e-001, 2.888557e+003,-1.015617e+003,-2.499580e+003, 2.029494e+003, 5.783040e+001,-1.284048e+002, 2.188516e+003, 0.000000e+000, 0.000000e+000, 0.000000e+000
 5.007000e-001, 2.774947e+003,-7.849703e+002,-2.240964e+003, 2.088030e+003, 5.737531e+001,-1.300793e+002, 2.247389e+003, 0.000000e+000, 0.000000e+000, 0.000000e+000
 5.007500e-001, 2.834899e+003,-8.906385e+002,-2.590058e+003, 2.147850e+003, 5.683807e+001,-1.317428e+002, 2.302759e+003, 0.000000e+000, 0.000000e+000, 0.000000e+000
 5.008000e-001, 2.778079e+003,-6.632629e+002,-2.334493e+003, 2.204976e+003, 5.647908e+001,-1.330741e+002, 2.359728e+003, 0.000000e+000, 0.000000e+000, 0.000000e+000
 5.008500e-001, 2.779770e+003,-7.601348e+002,-2.669631e+003, 2.263174e+003, 5.574357e+001,-1.348943e+002, 2.413731e+003, 0.000000e+000, 0.000000e+000, 0.000000e+000
 5.009000e-001, 2.773920e+003,-5.447288e+002,-2.432006e+003, 2.318861e+003, 5.547155e+001,-1.358754e+002, 2.468667e+003, 0.000000e+000, 0.000000e+000, 0.000000e+000
 5.009500e-001, 2.725320e+003,-6.248700e+002,-2.738792e+003, 2.375270e+003, 5.456810e+001,-1.378036e+002, 2.521278e+003, 0.000000e+000, 0.000000e+000, 0.000000e+000
 5.010000e-001, 2.760631e+003,-4.288183e+002,-2.532487e+003, 2.429477e+003, 5.436440e+001,-1.384462e+002, 2.574087e+003, 0.000000e+000, 0.000000e+000, 0.000000e+000
 5.010500e-001, 2.673014e+003,-4.858984e+002,-2.798317e+003, 2.483958e+003, 5.333329e+001,-1.404340e+002, 2.625242e+003, 0.000000e+000, 0.000000e+000, 0.000000e+000
 5.011000e-001, 2.737070e+003,-3.147370e+002,-2.634616e+003, 2.536631e+003, 5.317257e+001,-1.407708e+002, 2.675869e+003, 0.000000e+000, 0.000000e+000, 0.000000e+000
 5.011500e-001, 2.623558e+003,-3.444641e+002,-2.849234e+003, 2.589088e+003, 5.206009e+001,-1.427740e+002, 2.725459e+003, 0.000000e+000, 0.000000e+000, 0.000000e+000
 5.012000e-001, 2.702902e+003,-2.015478e+002,-2.736881e+003, 2.640156e+003, 5.191343e+001,-1.428553e+002, 2.773880e+003, 0.000000e+000, 0.000000e+000, 0.000000e+000
 5.012500e-001, 2.576916e+003,-2.018855e+002,-2.892791e+003, 2.690527e+003, 5.076719e+001,-1.448330e+002, 2.821767e+003, 0.000000e+000, 0.000000e+000, 0.000000e+000
 5.013000e-001, 2.658594e+003,-8.828422e+001,-2.837676e+003, 2.739900e+003, 5.060492e+001,-1.447186e+002, 2.867987e+003, 0.000000e+000, 0.000000e+000, 0.000000e+000
 5.013500e-001, 2.532396e+003,-5.944077e+001,-2.930395e+003, 2.788147e+003, 4.946911e+001,-1.466291e+002, 2.914013e+003, 0.000000e+000, 0.000000e+000, 0.000000e+000
 5.014000e-001, 2.605309e+003, 2.593945e+001,-2.935387e+003, 2.835717e+003, 4.926354e+001,-1.463794e+002, 2.958058e+003, 0.000000e+000, 0.000000e+000, 0.000000e+000
 5.014500e-001, 2.488787e+003, 8.173396e+001,-2.963542e+003, 2.881819e+003, 4.817469e+001,-1.481759e+002, 3.002066e+003, 0.000000e+000, 0.000000e+000, 0.000000e+000
 5.015000e-001, 2.544707e+003, 1.418308e+002,-3.028445e+003, 2.927458e+003, 4.790245e+001,-1.478435e+002, 3.043970e+003, 0.000000e+000, 0.000000e+000, 0.000000e+000
 5.015500e-001, 2.444531e+003, 2.207242e+002,-2.993711e+003, 2.971397e+003, 4.688650e+001,-1.494727e+002, 3.085814e+003, 0.000000e+000, 0.000000e+000, 0.000000e+000
 5.016000e-001, 2.478695e+003, 2.598453e+002,-3.115356e+003, 3.014966e+003, 4.653065e+001,-1.490991e+002, 3.125611e+003, 0.000000e+000, 0.000000e+000, 0.000000e+000
 5.016500e-001, 2.397916e+003, 3.568885e+002,-3.022275e+003, 3.056726e+003, 4.560160e+001,-1.505046e+002, 3.165166e+003, 0.000000e+000, 0.000000e+000, 0.000000e+000
 5.017000e-001, 2.409162e+003, 3.801414e+002,-3.194734e+003, 3.098088e+003, 4.515321e+001,-1.501211e+002, 3.202875e+003, 0.000000e+000, 0.000000e+000, 0.000000e+000
 5.017500e-001, 2.347281e+003, 4.898781e+002,-3.050410e+003, 3.137651e+003, 4.431342e+001,-1.512498e+002, 3.240044e+003, 0.000000e+000, 0.000000e+000, 0.000000e+000
 5.018000e-001, 2.337749e+003, 5.025710e+002,-3.265338e+003, 3.176685e+003, 4.377263e+001,-1.508818e+002, 3.275657e+003, 0.000000e+000, 0.000000e+000, 0.000000e+000
 5.018500e-001, 2.291224e+003, 6.196268e+002,-3.079049e+003, 3.214031e+003, 4.301453e+001,-1.516915e+002, 3.310367e+003, 0.000000e+000, 0.000000e+000, 0.000000e+000
 5.019000e-001, 2.265687e+003, 6.267051e+002,-3.326125e+003, 3.250643e+003, 4.239054e+001,-1.513624e+002, 3.343843e+003, 0.000000e+000, 0.000000e+000, 0.000000e+000
 5.019500e-001, 2.228776e+003, 7.463103e+002,-3.108854e+003, 3.285750e+003, 4.169938e+001,-1.518275e+002, 3.376049e+003, 0.000000e+000, 0.000000e+000, 0.000000e+000
 5.020000e-001, 2.193704e+003, 7.518932e+002,-3.376308e+003, 3.319876e+003, 4.100915e+001,-1.515605e+002, 3.407313e+003, 0.000000e+000, 0.000000e+000, 0.000000e+000
 5.020500e-001, 2.159516e+003, 8.702837e+002,-3.140221e+003, 3.352718e+003, 4.036599e+001,-1.516734e+002, 3.436993e+003, 0.000000e+000, 0.000000e+000, 0.000000e+000
 5.021000e-001, 2.122015e+003, 8.773453e+002,-3.415409e+003, 3.384325e+003, 3.963178e+001,-1.514896e+002, 3.465945e+003, 0.000000e+000, 0.000000e+000, 0.000000e+000
 5.021500e-001, 2.083615e+003, 9.920030e+002,-3.173290e+003, 3.414867e+003, 3.901625e+001,-1.512584e+002, 3.493098e+003, 0.000000e+000, 0.000000e+000, 0.000000e+000
 5.022000e-001, 2.050361e+003, 1.002227e+003,-3.443289e+003, 3.443946e+003, 3.826203e+001,-1.511716e+002, 3.519622e+003, 0.000000e+000, 0.000000e+000, 0.000000e+000
 5.022500e-001, 2.001782e+003, 1.111942e+003,-3.207949e+003, 3.472138e+003, 3.765440e+001,-1.506147e+002, 3.544263e+003, 0.000000e+000, 0.000000e+000, 0.000000e+000
 5.023000e-001, 1.978096e+003, 1.125747e+003,-3.460154e+003, 3.498692e+003, 3.690187e+001,-1.506266e+002, 3.568243e+003, 0.000000e+000, 0.000000e+000, 0.000000e+000
 5.023500e-001, 1.915143e+003, 1.230512e+003,-3.243836e+003, 3.524471e+003, 3.628443e+001,-1.497673e+002, 3.590398e+003, 0.000000e+000, 0.000000e+000, 0.000000e+000
 5.024000e-001, 1.904303e+003, 1.247237e+003,-3.466521e+003, 3.548509e+003, 3.554935e+001,-1.498640e+002, 3.611730e+003, 0.000000e+000, 0.000000e+000, 0.000000e+000
 5.024500e-001, 1.825049e+003, 1.347996e+003,-3.280331e+003, 3.571802e+003, 3.490725e+001,-1.487280e+002, 3.631425e+003, 0.000000e+000, 0.000000e+000, 0.000000e+000
 5.025000e-001, 1.827928e+003, 1.366197e+003,-3.463175e+003, 3.593330e+003, 3.419697e+001,-1.488804e+002, 3.650028e+003, 0.000000e+000, 0.000000e+000, 0.000000e+000
 5.025500e-001, 1.732876e+003, 1.464505e+003,-3.316552e+003, 3.614061e+003, 3.351881e+001,-1.474962e+002, 3.667281e+003, 0.000000e+000, 0.000000e+000, 0.000000e+000
 5.026000e-001, 1.747933e+003, 1.482317e+003,-3.451108e+003, 3.633083e+003, 3.283142e+001,-1.476644e+002, 3.683099e+003, 0.000000e+000, 0.000000e+000, 0.000000e+000
 5.026500e-001, 1.639841e+003, 1.579954e+003,-3.351385e+003, 3.651183e+003, 3.210984e+001,-1.460659e+002, 3.697910e+003, 0.000000e+000, 0.000000e+000, 0.000000e+000
 5.027000e-001, 1.663443e+003, 1.595474e+003,-3.431471e+003, 3.667699e+003, 3.143533e+001,-1.462055e+002, 3.710916e+003, 0.000000e+000, 0.000000e+000, 0.000000e+000
 5.027500e-001, 1.546862e+003, 1.694071e+003,-3.383522e+003, 3.683117e+003, 3.066757e+001,-1.444354e+002, 3.723261e+003, 0.000000e+000, 0.000000e+000, 0.000000e+000
 5.028000e-001, 1.573889e+003, 1.705694e+003,-3.405532e+003, 3.697125e+003, 2.999041e+001,-1.445029e+002, 3.733454e+003, 0.000000e+000, 0.000000e+000, 0.000000e+000
 5.028500e-001, 1.454481e+003, 1.806434e+003,-3.411538e+003, 3.709833e+003, 2.917854e+001,-1.426135e+002, 3.743285e+003, 0.000000e+000, 0.000000e+000, 0.000000e+000
 5.029000e-001, 1.479102e+003, 1.813111e+003,-3.374640e+003, 3.721327e+003, 2.848129e+001,-1.425703e+002, 3.750688e+003, 0.000000e+000, 0.000000e+000, 0.000000e+000
 5.029500e-001, 1.362843e+003, 1.916532e+003,-3.433977e+003, 3.731319e+003, 2.763181e+001,-1.406208e+002, 3.757934e+003, 0.000000e+000, 0.000000e+000, 0.000000e+000
 5.030000e-001, 1.379361e+003, 1.917901e+003,-3.340187e+003, 3.740285e+003, 2.689856e+001,-1.404329e+002, 3.762590e+003, 0.000000e+000, 0.000000e+000, 0.000000e+000
 5.030500e-001, 1.271724e+003, 2.023832e+003,-3.449438e+003, 3.747574e+003, 2.602110e+001,-1.384843e+002, 3.767168e+003, 0.000000e+000, 0.000000e+000, 0.000000e+000
 5.031000e-001, 1.275361e+003, 2.020229e+003,-3.303555e+003, 3.753988e+003, 2.524018e+001,-1.381203e+002, 3.769138e+003, 0.000000e+000, 0.000000e+000, 0.000000e+000
 5.031500e-001, 1.180602e+003, 2.127854e+003,-3.456651e+003, 3.758597e+003, 2.434533e+001,-1.362277e+002, 3.770965e+003, 0.000000e+000, 0.000000e+000, 0.000000e+000
 5.032000e-001, 1.168123e+003, 2.120195e+003,-3.266046e+003, 3.762425e+003, 2.351073e+001,-1.356562e+002, 3.770319e+003, 0.000000e+000, 0.000000e+000, 0.000000e+000
 5.032500e-001, 1.088738e+003, 2.228229e+003,-3.454535e+003, 3.764380e+003, 2.260751e+001,-1.338625e+002, 3.769317e+003, 0.000000e+000, 0.000000e+000, 0.000000e+000
 5.033000e-001, 1.058851e+003, 2.217792e+003,-3.228800e+003, 3.765578e+003, 2.171897e+001,-1.330516e+002, 3.766129e+003, 0.000000e+000, 0.000000e+000, 0.000000e+000
 5.033500e-001, 9.952859e+002, 2.324736e+003,-3.442240e+003, 3.764904e+003, 2.081256e+001,-1.313840e+002, 3.762243e+003, 0.000000e+000, 0.000000e+000, 0.000000e+000
 5.034000e-001, 9.487731e+002, 2.312890e+003,-3.192704e+003, 3.763427e+003, 1.987481e+001,-1.303031e+002, 3.756579e+003, 0.000000e+000, 0.000000e+000, 0.000000e+000
 5.034500e-001, 8.994058e+002, 2.417306e+003,-3.419179e+003, 3.760145e+003, 1.896525e+001,-1.287728e+002, 3.749776e+003, 0.000000e+000, 0.000000e+000, 0.000000e+000
 5.035000e-001, 8.389888e+002, 2.405227e+003,-3.158329e+003, 3.755952e+003, 1.798684e+001,-1.273976e+002, 3.741688e+003, 0.000000e+000, 0.000000e+000, 0.000000e+000
 5.035500e-001, 8.003821e+002, 2.506008e+003,-3.385063e+003, 3.750083e+003, 1.706928e+001,-1.260029e+002, 3.731958e+003, 0.000000e+000, 0.000000e+000, 0.000000e+000
 5.036000e-001, 7.303531e+002, 2.494434e+003,-3.125875e+003, 3.743149e+003, 1.606135e+001,-1.243209e+002, 3.721476e+003, 0.000000e+000, 0.000000e+000, 0.000000e+000
 5.036500e-001, 6.977339e+002, 2.590998e+003,-3.339927e+003, 3.734711e+003, 1.512773e+001,-1.230502e+002, 3.708837e+003, 0.000000e+000, 0.000000e+000, 0.000000e+000
 5.037000e-001, 6.234094e+002, 2.580080e+003,-3.095168e+003, 3.725028e+003, 1.410299e+001,-1.210653e+002, 3.695967e+003, 0.000000e+000, 0.000000e+000, 0.000000e+000
 5.037500e-001, 5.912996e+002, 2.672470e+003,-3.284156e+003, 3.714037e+003, 1.314481e+001,-1.199003e+002, 3.680459e+003, 0.000000e+000, 0.000000e+000, 0.000000e+000
 5.038000e-001, 5.183713e+002, 2.661723e+003,-3.065670e+003, 3.701619e+003, 1.211638e+001,-1.176343e+002, 3.665185e+003, 0.000000e+000, 0.000000e+000, 0.000000e+000
 5.038500e-001, 4.812781e+002, 2.750589e+003,-3.218496e+003, 3.688088e+003, 1.112771e+001,-1.165506e+002, 3.646871e+003, 0.000000e+000, 0.000000e+000, 0.000000e+000
 5.039000e-001, 4.151437e+002, 2.738979e+003,-3.036526e+003, 3.672967e+003, 1.010781e+001,-1.140410e+002, 3.629161e+003, 0.000000e+000, 0.000000e+000, 0.000000e+000
 5.039500e-001, 3.682183e+002, 2.825440e+003,-3.144039e+003, 3.656902e+003, 9.087651e+000,-1.130074e+002, 3.608123e+003, 0.000000e+000, 0.000000e+000, 0.000000e+000
 5.040000e-001, 3.133724e+002, 2.811583e+003,-3.006623e+003, 3.639120e+003, 8.085744e+000,-1.103030e+002, 3.587938e+003, 0.000000e+000, 0.000000e+000, 0.000000e+000
 5.040500e-001, 2.529528e+002, 2.896982e+003,-3.062166e+003, 3.620520e+003, 7.039153e+000,-1.092800e+002, 3.564273e+003, 0.000000e+000, 0.000000e+000, 0.000000e+000
 5.041000e-001, 2.125116e+002, 2.879437e+003,-2.974650e+003, 3.600124e+003, 6.059986e+000,-1.064345e+002, 3.541576e+003, 0.000000e+000, 0.000000e+000, 0.000000e+000
 5.041500e-001, 1.364906e+002, 2.965024e+003,-2.974471e+003, 3.578979e+003, 4.997758e+000,-1.053744e+002, 3.515390e+003, 0.000000e+000, 0.000000e+000, 0.000000e+000
 5.042000e-001, 1.119019e+002, 2.942628e+003,-2.939178e+003, 3.556017e+003, 4.039587e+000,-1.024420e+002, 3.490155e+003, 0.000000e+000, 0.000000e+000, 0.000000e+000
 5.042500e-001, 1.988893e+001, 3.029220e+003,-2.882646e+003, 3.532318e+003, 2.976830e+000,-1.012907e+002, 3.461556e+003, 0.000000e+000, 0.000000e+000, 0.000000e+000
 5.043000e-001, 1.085627e+001, 3.001423e+003,-2.898732e+003, 3.506838e+003, 2.030603e+000,-9.832265e+001, 3.433770e+003, 0.000000e+000, 0.000000e+000, 0.000000e+000
 5.043500e-001,-9.586928e+001, 3.089089e+003,-2.788369e+003, 3.480577e+003, 9.847557e-001,-9.702468e+001, 3.402858e+003, 0.000000e+000, 0.000000e+000, 0.000000e+000
 5.044000e-001,-9.125085e+001, 3.056230e+003,-2.851889e+003, 3.452627e+003, 3.474766e-002,-9.406793e+001, 3.372527e+003, 0.000000e+000, 0.000000e+000, 0.000000e+000
 5.044500e-001,-2.099714e+002, 3.144048e+003,-2.693186e+003, 3.423810e+003,-9.763401e-001,-9.257287e+001, 3.339389e+003, 0.000000e+000, 0.000000e+000, 0.000000e+000
 5.045000e-001,-1.948980e+002, 3.107532e+003,-2.797371e+003, 3.393440e+003,-1.950242e+000,-8.966978e+001, 3.306534e+003, 0.000000e+000, 0.000000e+000, 0.000000e+000
 5.045500e-001,-3.218320e+002, 3.193473e+003,-2.598417e+003, 3.362090e+003,-2.909839e+000,-8.793813e+001, 3.271240e+003, 0.000000e+000, 0.000000e+000, 0.000000e+000
 5.046000e-001,-3.003465e+002, 3.155814e+003,-2.734146e+003, 3.329352e+003,-3.928552e+000,-8.512584e+001, 3.235899e+003, 0.000000e+000, 0.000000e+000, 0.000000e+000
 5.046500e-001,-4.311103e+002, 3.236768e+003,-2.505086e+003, 3.295511e+003,-4.822177e+000,-8.313321e+001, 3.198497e+003, 0.000000e+000, 0.000000e+000, 0.000000e+000
 5.047000e-001,-4.075984e+002, 3.201488e+003,-2.661517e+003, 3.260458e+003,-5.903348e+000,-8.044182e+001, 3.160725e+003, 0.000000e+000, 0.000000e+000, 0.000000e+000
 5.047500e-001,-5.376940e+002, 3.273440e+003,-2.413873e+003, 3.224184e+003,-6.719777e+000,-7.818033e+001, 3.121251e+003, 0.000000e+000, 0.000000e+000, 0.000000e+000
 5.048000e-001,-5.163936e+002, 3.244818e+003,-2.579188e+003, 3.186870e+003,-7.874208e+000,-7.562996e+001, 3.081115e+003, 0.000000e+000, 0.000000e+000, 0.000000e+000
 5.048500e-001,-6.416620e+002, 3.303171e+003,-2.325089e+003, 3.148231e+003,-8.606666e+000,-7.310687e+001, 3.039595e+003, 0.000000e+000, 0.000000e+000, 0.000000e+000
 5.049000e-001,-6.262482e+002, 3.285878e+003,-2.487284e+003, 3.108706e+003,-9.836120e+000,-7.070450e+001, 2.997176e+003, 0.000000e+000, 0.000000e+000, 0.000000e+000
 5.049500e-001,-7.432368e+002, 3.325871e+003,-2.238672e+003, 3.067780e+003,-1.048376e+001,-6.793933e+001, 2.953633e+003, 0.000000e+000, 0.000000e+000, 0.000000e+000
 5.050000e-001,-7.365276e+002, 3.324518e+003,-2.386347e+003, 3.026086e+003,-1.178058e+001,-6.567676e+001, 2.909021e+003, 0.000000e+000, 0.000000e+000, 0.000000e+000
 5.050500e-001,-8.427297e+002, 3.341706e+003,-2.154207e+003, 2.982950e+003,-1.235005e+001,-6.269813e+001, 2.863481e+003, 0.000000e+000, 0.000000e+000, 0.000000e+000
 5.051000e-001,-8.465388e+002, 3.360363e+003,-2.277276e+003, 2.939132e+003,-1.369842e+001,-6.055227e+001, 2.816773e+003, 0.000000e+000, 0.000000e+000, 0.000000e+000
 5.051500e-001,-9.404859e+002, 3.351101e+003,-2.070961e+003, 2.893864e+003,-1.420488e+001,-5.739553e+001, 2.769270e+003, 0.000000e+000, 0.000000e+000, 0.000000e+000
 5.052000e-001,-9.556201e+002, 3.392834e+003,-2.161253e+003, 2.847965e+003,-1.558328e+001,-5.533145e+001, 2.720561e+003, 0.000000e+000, 0.000000e+000, 0.000000e+000
 5.052500e-001,-1.036827e+003, 3.354694e+003,-1.987947e+003, 2.800641e+003,-1.605037e+001,-5.203745e+001, 2.671140e+003, 0.000000e+000, 0.000000e+000, 0.000000e+000
 5.053000e-001,-1.063213e+003, 3.421189e+003,-2.039648e+003, 2.752714e+003,-1.743428e+001,-5.001341e+001, 2.620520e+003, 0.000000e+000, 0.000000e+000, 0.000000e+000
 5.053500e-001,-1.131994e+003, 3.353278e+003,-1.904012e+003, 2.703414e+003,-1.789244e+001,-4.662774e+001, 2.569234e+003, 0.000000e+000, 0.000000e+000, 0.000000e+000
 5.054000e-001,-1.168903e+003, 3.444580e+003,-1.913915e+003, 2.653519e+003,-1.925676e+001,-4.460111e+001, 2.516786e+003, 0.000000e+000, 0.000000e+000, 0.000000e+000
 5.054500e-001,-1.226104e+003, 3.347715e+003,-1.817940e+003, 2.602323e+003,-1.974016e+001,-4.117299e+001, 2.463698e+003, 0.000000e+000, 0.000000e+000, 0.000000e+000
 5.055000e-001,-1.272429e+003, 3.462131e+003,-1.785509e+003, 2.550536e+003,-2.106096e+001,-3.910528e+001, 2.409497e+003, 0.000000e+000, 0.000000e+000, 0.000000e+000
 5.055500e-001,-1.319119e+003, 3.338851e+003,-1.728560e+003, 2.497527e+003,-2.160325e+001,-3.568525e+001, 2.354677e+003, 0.000000e+000, 0.000000e+000, 0.000000e+000
 5.056000e-001,-1.373665e+003, 3.473015e+003,-1.655796e+003, 2.443931e+003,-2.285899e+001,-3.354530e+001, 2.298789e+003, 0.000000e+000, 0.000000e+000, 0.000000e+000
 5.056500e-001,-1.410845e+003, 3.327431e+003,-1.634848e+003, 2.389191e+003,-2.348907e+001,-3.018161e+001, 2.242319e+003, 0.000000e+000, 0.000000e+000, 0.000000e+000
 5.057000e-001,-1.472592e+003, 3.476533e+003,-1.525989e+003, 2.333879e+003,-2.466160e+001,-2.794661e+001, 2.184808e+003, 0.000000e+000, 0.000000e+000, 0.000000e+000
 5.057500e-001,-1.500957e+003, 3.314034e+003,-1.536008e+003, 2.277488e+003,-2.540016e+001,-2.468079e+001, 2.126773e+003, 0.000000e+000, 0.000000e+000, 0.000000e+000
 5.058000e-001,-1.569254e+003, 3.472180e+003,-1.397090e+003, 2.220552e+003,-2.647574e+001,-2.233569e+001, 2.067705e+003, 0.000000e+000, 0.000000e+000, 0.000000e+000
 5.058500e-001,-1.589055e+003, 3.299033e+003,-1.431518e+003, 2.162587e+003,-2.733334e+001,-1.919861e+001, 2.008198e+003, 0.000000e+000, 0.000000e+000, 0.000000e+000
 5.059000e-001,-1.663726e+003, 3.459692e+003,-1.269846e+003, 2.104119e+003,-2.830391e+001,-1.673492e+001, 1.947646e+003, 0.000000e+000, 0.000000e+000, 0.000000e+000
 5.059500e-001,-1.674730e+003, 3.282567e+003,-1.321155e+003, 2.044654e+003,-2.928085e+001,-1.374434e+001, 1.886761e+003, 0.000000e+000, 0.000000e+000, 0.000000e+000
 5.060000e-001,-1.756071e+003, 3.439066e+003,-1.144728e+003, 1.984742e+003,-3.014510e+001,-1.115931e+001, 1.824805e+003, 0.000000e+000, 0.000000e+000, 0.000000e+000
 5.060500e-001,-1.757633e+003, 3.264552e+003,-1.204979e+003, 1.923851e+003,-3.123273e+001,-8.319729e+000, 1.762635e+003, 0.000000e+000, 0.000000e+000, 0.000000e+000
 5.061000e-001,-1.846313e+003, 3.410548e+003,-1.021930e+003, 1.862580e+003,-3.199673e+001,-5.616262e+000, 1.699366e+003, 0.000000e+000, 0.000000e+000, 0.000000e+000
 5.061500e-001,-1.837525e+003, 3.244694e+003,-1.083304e+003, 1.800341e+003,-3.317947e+001,-2.920887e+000, 1.635998e+003, 0.000000e+000, 0.000000e+000, 0.000000e+000
 5.062000e-001,-1.934399e+003, 3.374596e+003,-9.013881e+002, 1.737795e+003,-3.385621e+001,-1.080419e-001, 1.571518e+003, 0.000000e+000, 0.000000e+000, 0.000000e+000
 5.062500e-001,-1.914304e+003, 3.222540e+003,-9.566572e+002, 1.674294e+003,-3.511383e+001, 2.457872e+000, 1.507031e+003, 0.000000e+000, 0.000000e+000, 0.000000e+000
 5.063000e-001,-2.020172e+003, 3.331820e+003,-7.828245e+002, 1.610557e+003,-3.572149e+001, 5.364487e+000, 1.441447e+003, 0.000000e+000, 0.000000e+000, 0.000000e+000
 5.063500e-001,-1.988006e+003, 3.197517e+003,-8.257298e+002, 1.545890e+003,-3.703085e+001, 7.820125e+000, 1.375912e+003, 0.000000e+000, 0.000000e+000, 0.000000e+000
 5.064000e-001,-2.103357e+003, 3.282919e+003,-6.658078e+002, 1.481049e+003,-3.759013e+001, 1.079880e+001, 1.309338e+003, 0.000000e+000, 0.000000e+000, 0.000000e+000
 5.064500e-001,-2.058781e+003, 3.169003e+003,-6.913318e+002, 1.415319e+003,-3.892651e+001, 1.316507e+001, 1.242818e+003, 0.000000e+000, 0.000000e+000, 0.000000e+000
 5.065000e-001,-2.183564e+003, 3.228611e+003,-5.498158e+002, 1.349458e+003,-3.945743e+001, 1.618961e+001, 1.175374e+003, 0.000000e+000, 0.000000e+000, 0.000000e+000
 5.065500e-001,-2.126859e+003, 3.136380e+003,-5.543446e+002, 1.282776e+003,-4.079556e+001, 1.848768e+001, 1.107928e+003, 0.000000e+000, 0.000000e+000, 0.000000e+000
 5.066000e-001,-2.260308e+003, 3.169577e+003,-4.342960e+002, 1.215981e+003,-4.131465e+001, 2.153005e+001, 1.039738e+003, 0.000000e+000, 0.000000e+000, 0.000000e+000
 5.066500e-001,-2.192511e+003, 3.099099e+003,-4.156773e+002, 1.148457e+003,-4.262976e+001, 2.378100e+001, 9.714286e+002, 0.000000e+000, 0.000000e+000, 0.000000e+000
 5.067000e-001,-2.333055e+003, 3.106420e+003,-3.187141e+002, 1.080810e+003,-4.314832e+001, 2.681416e+001, 9.026171e+002, 0.000000e+000, 0.000000e+000, 0.000000e+000
 5.067500e-001,-2.256011e+003, 3.056721e+003,-2.762238e+002, 1.012551e+003,-4.441746e+001, 2.903900e+001, 8.335112e+002, 0.000000e+000, 0.000000e+000, 0.000000e+000
 5.068000e-001,-2.401280e+003, 3.039637e+003,-2.025863e+002, 9.441319e+002,-4.494115e+001, 3.203926e+001, 7.642043e+002, 0.000000e+000, 0.000000e+000, 0.000000e+000
 5.068500e-001,-2.317609e+003, 3.008947e+003,-1.368257e+002, 8.752422e+002,-4.614474e+001, 3.425875e+001, 6.943781e+002, 0.000000e+000, 0.000000e+000, 0.000000e+000
 5.069000e-001,-2.464528e+003, 2.969611e+003,-8.549908e+001, 8.061303e+002,-4.667445e+001, 3.720678e+001, 6.246978e+002, 0.000000e+000, 0.000000e+000, 0.000000e+000
 5.069500e-001,-2.377495e+003, 2.955625e+003, 1.756951e+000, 7.367089e+002,-4.779765e+001, 3.944053e+001, 5.542383e+002, 0.000000e+000, 0.000000e+000, 0.000000e+000
 5.070000e-001,-2.522458e+003, 2.896613e+003, 3.288290e+001, 6.669868e+002,-4.833106e+001, 4.232115e+001, 4.842993e+002, 0.000000e+000, 0.000000e+000, 0.000000e+000
 5.070500e-001,-2.435778e+003, 2.896740e+003, 1.388645e+002, 5.971295e+002,-4.936457e+001, 4.458612e+001, 4.133041e+002, 0.000000e+000, 0.000000e+000, 0.000000e+000
 5.071000e-001,-2.574877e+003, 2.820814e+003, 1.528111e+002, 5.268860e+002,-4.989773e+001, 4.738711e+001, 3.432101e+002, 0.000000e+000, 0.000000e+000, 0.000000e+000
 5.071500e-001,-2.492459e+003, 2.832387e+003, 2.739449e+002, 4.566878e+002,-5.083762e+001, 4.969602e+001, 2.717872e+002, 0.000000e+000, 0.000000e+000, 0.000000e+000
 5.072000e-001,-2.621746e+003, 2.742304e+003, 2.744483e+002, 3.860206e+002,-5.136607e+001, 5.240687e+001, 2.016295e+002, 0.000000e+000, 0.000000e+000, 0.000000e+000
 5.072500e-001,-2.547412e+003, 2.762733e+003, 4.065514e+002, 3.155759e+002,-5.221247e+001, 5.476706e+001, 1.298954e+002, 0.000000e+000, 0.000000e+000, 0.000000e+000
 5.073000e-001,-2.663165e+003, 2.661115e+003, 3.978625e+002, 2.445915e+002,-5.273162e+001, 5.737834e+001, 5.975279e+001, 0.000000e+000, 0.000000e+000, 0.000000e+000
 5.073500e-001,-2.600378e+003, 2.687986e+003, 5.363363e+002, 1.739944e+002,-5.348684e+001, 5.979160e+001,-1.216740e+001, 0.000000e+000, 0.000000e+000, 0.000000e+000
 5.074000e-001,-2.699353e+003, 2.577246e+003, 5.230191e+002, 1.028062e+002,-5.399173e+001, 6.229525e+001,-8.222672e+001, 0.000000e+000, 0.000000e+000, 0.000000e+000
 5.074500e-001,-2.650975e+003, 2.608368e+003, 6.630447e+002, 3.214897e+001,-5.465818e+001, 6.475855e+001,-1.542008e+002, 0.000000e+000, 0.000000e+000, 0.000000e+000
 5.075000e-001,-2.730616e+003, 2.490694e+003, 6.497756e+002,-3.912575e+001,-5.514316e+001, 6.714906e+001,-2.241156e+002, 0.000000e+000, 0.000000e+000, 0.000000e+000
 5.075500e-001,-2.698725e+003, 2.524094e+003, 7.865131e+002,-1.097541e+002,-5.572186e+001, 6.965581e+001,-2.960052e+002, 0.000000e+000, 0.000000e+000, 0.000000e+000
 5.076000e-001,-2.757324e+003, 2.401465e+003, 7.778792e+002,-1.809976e+002,-5.618047e+001, 7.193156e+001,-3.657180e+002, 0.000000e+000, 0.000000e+000, 0.000000e+000
 5.076500e-001,-2.743094e+003, 2.435369e+003, 9.066741e+002,-2.515116e+002,-5.667056e+001, 7.447275e+001,-4.373807e+002, 0.000000e+000, 0.000000e+000, 0.000000e+000
 5.077000e-001,-2.779881e+003, 2.309595e+003, 9.069691e+002,-3.226078e+002,-5.709594e+001, 7.663710e+001,-5.068339e+002, 0.000000e+000, 0.000000e+000, 0.000000e+000
 5.077500e-001,-2.783535e+003, 2.342390e+003, 1.023563e+003,-3.929249e+002,-5.749532e+001, 7.920177e+001,-5.781262e+002, 0.000000e+000, 0.000000e+000, 0.000000e+000
 5.078000e-001,-2.798706e+003, 2.215147e+003, 1.036582e+003,-4.637601e+002,-5.788095e+001, 8.126312e+001,-6.472604e+002, 0.000000e+000, 0.000000e+000, 0.000000e+000
 5.078500e-001,-2.819537e+003, 2.245355e+003, 1.137326e+003,-5.337982e+002,-5.818761e+001, 8.383817e+001,-7.180413e+002, 0.000000e+000, 0.000000e+000, 0.000000e+000
 5.079000e-001,-2.814207e+003, 2.118207e+003, 1.166163e+003,-6.042601e+002,-5.852818e+001, 8.580912e+001,-7.867937e+002, 0.000000e+000, 0.000000e+000, 0.000000e+000
 5.079500e-001,-2.850655e+003, 2.144474e+003, 1.248215e+003,-6.739348e+002,-5.874171e+001, 8.837846e+001,-8.569283e+002, 0.000000e+000, 0.000000e+000, 0.000000e+000
 5.080000e-001,-2.826754e+003, 2.018863e+003, 1.295074e+003,-7.439120e+002,-5.903357e+001, 9.027435e+001,-9.252318e+002, 0.000000e+000, 0.000000e+000, 0.000000e+000
 5.080500e-001,-2.876526e+003, 2.039976e+003, 1.356583e+003,-8.131343e+002,-5.915624e+001, 9.281821e+001,-9.945946e+002, 0.000000e+000, 0.000000e+000, 0.000000e+000
 5.081000e-001,-2.836653e+003, 1.917194e+003, 1.422609e+003,-8.825159e+002,-5.939727e+001, 9.465540e+001,-1.062377e+003, 0.000000e+000, 0.000000e+000, 0.000000e+000
 5.081500e-001,-2.896877e+003, 1.932113e+003, 1.462853e+003,-9.511917e+002,-5.943427e+001, 9.715031e+001,-1.130853e+003, 0.000000e+000, 0.000000e+000, 0.000000e+000
 5.082000e-001,-2.844124e+003, 1.813250e+003, 1.548012e+003,-1.019867e+003,-5.962310e+001, 9.894495e+001,-1.198036e+003, 0.000000e+000, 0.000000e+000, 0.000000e+000
 5.082500e-001,-2.911525e+003, 1.821168e+003, 1.567491e+003,-1.087898e+003,-5.958201e+001, 1.013646e+002,-1.265521e+003, 0.000000e+000, 0.000000e+000, 0.000000e+000
 5.083000e-001,-2.849283e+003, 1.707044e+003, 1.670507e+003,-1.155761e+003,-5.971699e+001, 1.031318e+002,-1.332019e+003, 0.000000e+000, 0.000000e+000, 0.000000e+000
 5.083500e-001,-2.920366e+003, 1.707450e+003, 1.670960e+003,-1.223046e+003,-5.960667e+001, 1.054492e+002,-1.398418e+003, 0.000000e+000, 0.000000e+000, 0.000000e+000
 5.084000e-001,-2.852147e+003, 1.598558e+003, 1.789330e+003,-1.289993e+003,-5.968496e+001, 1.072025e+002,-1.464137e+003, 0.000000e+000, 0.000000e+000, 0.000000e+000
 5.084500e-001,-2.923381e+003, 1.591292e+003, 1.773681e+003,-1.356431e+003,-5.951447e+001, 1.093922e+002,-1.529365e+003, 0.000000e+000, 0.000000e+000, 0.000000e+000
 5.085000e-001,-2.852642e+003, 1.487751e+003, 1.903772e+003,-1.422368e+003,-5.953181e+001, 1.111433e+002,-1.594203e+003, 0.000000e+000, 0.000000e+000, 0.000000e+000
 5.085500e-001,-2.920630e+003, 1.473042e+003, 1.875993e+003,-1.487860e+003,-5.930954e+001, 1.131838e+002,-1.658178e+003, 0.000000e+000, 0.000000e+000, 0.000000e+000
 5.086000e-001,-2.850620e+003, 1.374584e+003, 2.013225e+003,-1.552697e+003,-5.926076e+001, 1.149418e+002,-1.722027e+003, 0.000000e+000, 0.000000e+000, 0.000000e+000
 5.086500e-001,-2.912253e+003, 1.353049e+003, 1.978112e+003,-1.617146e+003,-5.899411e+001, 1.168175e+002,-1.784676e+003, 0.000000e+000, 0.000000e+000, 0.000000e+000
 5.087000e-001,-2.845881e+003, 1.259038e+003, 2.117226e+003,-1.680802e+003,-5.887434e+001, 1.185878e+002,-1.847421e+003, 0.000000e+000, 0.000000e+000, 0.000000e+000
 5.087500e-001,-2.898471e+003, 1.231647e+003, 2.080107e+003,-1.744111e+003,-5.856973e+001, 1.202895e+002,-1.908673e+003, 0.000000e+000, 0.000000e+000, 0.000000e+000
 5.088000e-001,-2.838190e+003, 1.141141e+003, 2.215491e+003,-1.806506e+003,-5.837587e+001, 1.220724e+002,-1.970198e+003, 0.000000e+000, 0.000000e+000, 0.000000e+000
 5.088500e-001,-2.879570e+003, 1.109134e+003, 2.181870e+003,-1.868580e+003,-5.803880e+001, 1.235978e+002,-2.029990e+003, 0.000000e+000, 0.000000e+000, 0.000000e+000
 5.089000e-001,-2.827293e+003, 1.020976e+003, 2.307935e+003,-1.929637e+003,-5.777063e+001, 1.253872e+002,-2.090178e+003, 0.000000e+000, 0.000000e+000, 0.000000e+000
 5.089500e-001,-2.855886e+003, 9.857474e+002, 2.283114e+003,-1.990379e+003,-5.740554e+001, 1.267404e+002,-2.148449e+003, 0.000000e+000, 0.000000e+000, 0.000000e+000
 5.090000e-001,-2.812912e+003, 8.986985e+002, 2.394675e+003,-2.050022e+003,-5.706629e+001, 1.285233e+002,-2.207188e+003, 0.000000e+000, 0.000000e+000, 0.000000e+000
 5.090500e-001,-2.827786e+003, 8.616570e+002, 2.383364e+003,-2.109333e+003,-5.667604e+001, 1.297140e+002,-2.263883e+003, 0.000000e+000, 0.000000e+000, 0.000000e+000
 5.091000e-001,-2.794760e+003, 7.745344e+002, 2.476014e+003,-2.167486e+003,-5.627208e+001, 1.314708e+002,-2.321063e+003, 0.000000e+000, 0.000000e+000, 0.000000e+000
 5.091500e-001,-2.795640e+003, 7.369523e+002, 2.481979e+003,-2.225269e+003,-5.585728e+001, 1.325139e+002,-2.376127e+003, 0.000000e+000, 0.000000e+000, 0.000000e+000
 5.092000e-001,-2.772538e+003, 6.487787e+002, 2.552412e+003,-2.281858e+003,-5.539721e+001, 1.342200e+002,-2.431642e+003, 0.000000e+000, 0.000000e+000, 0.000000e+000
 5.092500e-001,-2.759812e+003, 6.116487e+002, 2.578179e+003,-2.338017e+003,-5.495560e+001, 1.351349e+002,-2.485022e+003, 0.000000e+000, 0.000000e+000, 0.000000e+000
 5.093000e-001,-2.745951e+003, 5.217871e+002, 2.624445e+003,-2.392971e+003,-5.444913e+001, 1.367626e+002,-2.538770e+003, 0.000000e+000, 0.000000e+000, 0.000000e+000
 5.093500e-001,-2.720641e+003, 4.857025e+002, 2.671096e+003,-2.447416e+003,-5.397545e+001, 1.375721e+002,-2.590410e+003, 0.000000e+000, 0.000000e+000, 0.000000e+000
 5.094000e-001,-2.714726e+003, 3.939632e+002, 2.692756e+003,-2.500667e+003,-5.343243e+001, 1.390930e+002,-2.642295e+003, 0.000000e+000, 0.000000e+000, 0.000000e+000
 5.094500e-001,-2.678441e+003, 3.590327e+002, 2.759823e+003,-2.553315e+003,-5.291899e+001, 1.398219e+002,-2.692138e+003, 0.000000e+000, 0.000000e+000, 0.000000e+000
 5.095000e-001,-2.678631e+003, 2.657412e+002, 2.758005e+003,-2.604799e+003,-5.234883e+001, 1.412088e+002,-2.742065e+003, 0.000000e+000, 0.000000e+000, 0.000000e+000
 5.095500e-001,-2.633493e+003, 2.315483e+002, 2.843483e+003,-2.655571e+003,-5.178674e+001, 1.418819e+002,-2.790052e+003, 0.000000e+000, 0.000000e+000, 0.000000e+000
 5.096000e-001,-2.637497e+003, 1.375658e+002, 2.820810e+003,-2.705228e+003,-5.119830e+001, 1.431107e+002,-2.837935e+003, 0.000000e+000, 0.000000e+000, 0.000000e+000
 5.096500e-001,-2.586038e+003, 1.031737e+002, 2.921282e+003,-2.754051e+003,-5.057914e+001, 1.437500e+002,-2.884004e+003, 0.000000e+000, 0.000000e+000, 0.000000e+000
 5.097000e-001,-2.591233e+003, 9.867497e+000, 2.881699e+003,-2.801819e+003,-4.998076e+001, 1.448007e+002,-2.929760e+003, 0.000000e+000, 0.000000e+000, 0.000000e+000
 5.097500e-001,-2.536271e+003,-2.612828e+001, 2.992566e+003,-2.848627e+003,-4.929814e+001, 1.454236e+002,-2.973851e+003, 0.000000e+000, 0.000000e+000, 0.000000e+000
 5.098000e-001,-2.539831e+003,-1.169606e+002, 2.941064e+003,-2.894444e+003,-4.869764e+001, 1.462807e+002,-3.017406e+003, 0.000000e+000, 0.000000e+000, 0.000000e+000
 5.098500e-001,-2.484328e+003,-1.563400e+002, 3.056855e+003,-2.939171e+003,-4.794829e+001, 1.468979e+002,-3.059458e+003, 0.000000e+000, 0.000000e+000, 0.000000e+000
 5.099000e-001,-2.483369e+003,-2.425852e+002, 2.999121e+003,-2.982975e+003,-4.735260e+001, 1.475514e+002,-3.100744e+003, 0.000000e+000, 0.000000e+000, 0.000000e+000
 5.099500e-001,-2.430269e+003,-2.873786e+002, 3.113873e+003,-3.025559e+003,-4.653679e+001, 1.481658e+002,-3.140700e+003, 0.000000e+000, 0.000000e+000, 0.000000e+000
 5.100000e-001,-2.422003e+003,-3.667485e+002, 3.055889e+003,-3.067284e+003,-4.595129e+001, 1.486118e+002,-3.179656e+003, 0.000000e+000, 0.000000e+000, 0.000000e+000
 5.100500e-001,-2.374078e+003,-4.190904e+002, 3.163551e+003,-3.107670e+003,-4.507253e+001, 1.492187e+002,-3.217457e+003, 0.000000e+000, 0.000000e+000, 0.000000e+000
 5.101000e-001,-2.355964e+003,-4.892769e+002, 3.111179e+003,-3.147250e+003,-4.450020e+001, 1.494598e+002,-3.254030e+003, 0.000000e+000, 0.000000e+000, 0.000000e+000
 5.101500e-001,-2.315657e+003,-5.512493e+002, 3.206028e+003,-3.185385e+003,-4.356448e+001, 1.500475e+002,-3.289618e+003, 0.000000e+000, 0.000000e+000, 0.000000e+000
 5.102000e-001,-2.285548e+003,-6.100809e+002, 3.164607e+003,-3.222757e+003,-4.300519e+001, 1.500933e+002,-3.323759e+003, 0.000000e+000, 0.000000e+000, 0.000000e+000
 5.102500e-001,-2.254839e+003,-6.835588e+002, 3.241637e+003,-3.258597e+003,-4.202022e+001, 1.506444e+002,-3.357078e+003, 0.000000e+000, 0.000000e+000, 0.000000e+000
 5.103000e-001,-2.211115e+003,-7.291465e+002, 3.215613e+003,-3.293699e+003,-4.147053e+001, 1.505108e+002,-3.388742e+003, 0.000000e+000, 0.000000e+000, 0.000000e+000
 5.103500e-001,-2.191405e+003,-8.156571e+002, 3.270872e+003,-3.327205e+003,-4.044517e+001, 1.510039e+002,-3.419737e+003, 0.000000e+000, 0.000000e+000, 0.000000e+000
 5.104000e-001,-2.133078e+003,-8.465225e+002, 3.263502e+003,-3.359979e+003,-3.989864e+001, 1.507124e+002,-3.448883e+003, 0.000000e+000, 0.000000e+000, 0.000000e+000
 5.104500e-001,-2.125105e+003,-9.471252e+002, 3.294356e+003,-3.391116e+003,-3.884271e+001, 1.511231e+002,-3.477500e+003, 0.000000e+000, 0.000000e+000, 0.000000e+000
 5.105000e-001,-2.051896e+003,-9.623042e+002, 3.307491e+003,-3.421507e+003,-3.829082e+001, 1.506986e+002,-3.504094e+003, 0.000000e+000, 0.000000e+000, 0.000000e+000
 5.105500e-001,-2.055681e+003,-1.077500e+003, 3.312801e+003,-3.450247e+003,-3.721514e+001, 1.510009e+002,-3.530281e+003, 0.000000e+000, 0.000000e+000, 0.000000e+000
 5.106000e-001,-1.968054e+003,-1.076618e+003, 3.346754e+003,-3.478200e+003,-3.664841e+001, 1.504699e+002,-3.554292e+003, 0.000000e+000, 0.000000e+000, 0.000000e+000
 5.106500e-001,-1.982883e+003,-1.206288e+003, 3.326950e+003,-3.504516e+003,-3.556491e+001, 1.506373e+002,-3.578002e+003, 0.000000e+000, 0.000000e+000, 0.000000e+000
 5.107000e-001,-1.882041e+003,-1.189609e+003, 3.380478e+003,-3.529980e+003,-3.497392e+001, 1.500256e+002,-3.599406e+003, 0.000000e+000, 0.000000e+000, 0.000000e+000
 5.107500e-001,-1.906487e+003,-1.332985e+003, 3.337533e+003,-3.553844e+003,-3.389555e+001, 1.500325e+002,-3.620596e+003, 0.000000e+000, 0.000000e+000, 0.000000e+000
 5.108000e-001,-1.794325e+003,-1.301425e+003, 3.407902e+003,-3.576770e+003,-3.327169e+001, 1.493634e+002,-3.639375e+003, 0.000000e+000, 0.000000e+000, 0.000000e+000
 5.108500e-001,-1.826305e+003,-1.457097e+003, 3.345216e+003,-3.598155e+003,-3.221182e+001, 1.491864e+002,-3.658005e+003, 0.000000e+000, 0.000000e+000, 0.000000e+000
 5.109000e-001,-1.705326e+003,-1.412208e+003, 3.428367e+003,-3.618498e+003,-3.154758e+001, 1.484794e+002,-3.674144e+003, 0.000000e+000, 0.000000e+000, 0.000000e+000
 5.109500e-001,-1.742200e+003,-1.578149e+003, 3.350552e+003,-3.637378e+003,-3.051923e+001, 1.480993e+002,-3.690181e+003, 0.000000e+000, 0.000000e+000, 0.000000e+000
 5.110000e-001,-1.615398e+003,-1.522082e+003, 3.441347e+003,-3.655097e+003,-2.980814e+001, 1.473692e+002,-3.703670e+003, 0.000000e+000, 0.000000e+000, 0.000000e+000
 5.110500e-001,-1.654097e+003,-1.695709e+003, 3.353950e+003,-3.671447e+003,-2.882296e+001, 1.467723e+002,-3.717084e+003, 0.000000e+000, 0.000000e+000, 0.000000e+000
 5.111000e-001,-1.524814e+003,-1.631140e+003, 3.446486e+003,-3.686510e+003,-2.805945e+001, 1.460288e+002,-3.727917e+003, 0.000000e+000, 0.000000e+000, 0.000000e+000
 5.111500e-001,-1.561998e+003,-1.809393e+003, 3.355649e+003,-3.700307e+003,-2.712684e+001, 1.452082e+002,-3.738680e+003, 0.000000e+000, 0.000000e+000, 0.000000e+000
 5.112000e-001,-1.433763e+003,-1.739430e+003, 3.443616e+003,-3.712689e+003,-2.630630e+001, 1.444555e+002,-3.746852e+003, 0.000000e+000, 0.000000e+000, 0.000000e+000
 5.112500e-001,-1.465994e+003,-1.918876e+003, 3.355700e+003,-3.723912e+003,-2.543288e+001, 1.434117e+002,-3.754941e+003, 0.000000e+000, 0.000000e+000, 0.000000e+000
 5.113000e-001,-1.342347e+003,-1.846944e+003, 3.432772e+003,-3.733595e+003,-2.455195e+001, 1.426480e+002,-3.760449e+003, 0.000000e+000, 0.000000e+000, 0.000000e+000
 5.113500e-001,-1.366275e+003,-2.023899e+003, 3.353970e+003,-3.742227e+003,-2.374140e+001, 1.413889e+002,-3.765844e+003, 0.000000e+000, 0.000000e+000, 0.000000e+000
 5.114000e-001,-1.250589e+003,-1.953608e+003, 3.414195e+003,-3.749202e+003,-2.279851e+001, 1.406065e+002,-3.768690e+003, 0.000000e+000, 0.000000e+000, 0.000000e+000
 5.114500e-001,-1.263131e+003,-2.124275e+003, 3.350140e+003,-3.755223e+003,-2.205173e+001, 1.391466e+002,-3.771376e+003, 0.000000e+000, 0.000000e+000, 0.000000e+000
 5.115000e-001,-1.158433e+003,-2.059273e+003, 3.388321e+003,-3.759489e+003,-2.104777e+001, 1.383317e+002,-3.771562e+003, 0.000000e+000, 0.000000e+000, 0.000000e+000
 5.115500e-001,-1.156942e+003,-2.219894e+003, 3.343724e+003,-3.762883e+003,-2.036316e+001, 1.366913e+002,-3.771531e+003, 0.000000e+000, 0.000000e+000, 0.000000e+000
 5.116000e-001,-1.065757e+003,-2.163715e+003, 3.355759e+003,-3.764439e+003,-1.930186e+001, 1.358248e+002,-3.769062e+003, 0.000000e+000, 0.000000e+000, 0.000000e+000
 5.116500e-001,-1.048165e+003,-2.310727e+003, 3.334096e+003,-3.765189e+003,-1.867552e+001, 1.340287e+002,-3.766311e+003, 0.000000e+000, 0.000000e+000, 0.000000e+000
 5.117000e-001,-9.723749e+002,-2.266636e+003, 3.317256e+003,-3.764044e+003,-1.756355e+001, 1.330872e+002,-3.761197e+003, 0.000000e+000, 0.000000e+000, 0.000000e+000
 5.117500e-001,-9.373126e+002,-2.396826e+003, 3.320517e+003,-3.762134e+003,-1.698933e+001, 1.311638e+002,-3.755729e+003, 0.000000e+000, 0.000000e+000, 0.000000e+000
 5.118000e-001,-8.780551e+002,-2.367674e+003, 3.273660e+003,-3.758299e+003,-1.583584e+001, 1.301213e+002,-3.747983e+003, 0.000000e+000, 0.000000e+000, 0.000000e+000
 5.118500e-001,-8.249269e+002,-2.478319e+003, 3.302181e+003,-3.753714e+003,-1.530523e+001, 1.281016e+002,-3.739808e+003, 0.000000e+000, 0.000000e+000, 0.000000e+000
 5.119000e-001,-7.825339e+002,-2.466408e+003, 3.225868e+003,-3.747206e+003,-1.412114e+001, 1.269313e+002,-3.729443e+003, 0.000000e+000, 0.000000e+000, 0.000000e+000
 5.119500e-001,-7.115604e+002,-2.555402e+003, 3.278261e+003,-3.739938e+003,-1.362324e+001, 1.248475e+002,-3.718574e+003, 0.000000e+000, 0.000000e+000, 0.000000e+000
 5.120000e-001,-6.855417e+002,-2.562375e+003, 3.174782e+003,-3.730775e+003,-1.242033e+001, 1.235243e+002,-3.705607e+003, 0.000000e+000, 0.000000e+000, 0.000000e+000
 5.120500e-001,-5.977521e+002,-2.628321e+003, 3.247966e+003,-3.720819e+003,-1.194203e+001, 1.214081e+002,-3.692063e+003, 0.000000e+000, 0.000000e+000, 0.000000e+000
 5.121000e-001,-5.868298e+002,-2.655083e+003, 3.121253e+003,-3.709028e+003,-1.073210e+001, 1.199102e+002,-3.676512e+003, 0.000000e+000, 0.000000e+000, 0.000000e+000
 5.121500e-001,-4.840100e+002,-2.697351e+003, 3.210587e+003,-3.696388e+003,-1.025863e+001, 1.177915e+002,-3.660315e+003, 0.000000e+000, 0.000000e+000, 0.000000e+000
 5.122000e-001,-4.861977e+002,-2.744031e+003, 3.066042e+003,-3.681996e+003,-9.052865e+000, 1.161020e+002,-3.642199e+003, 0.000000e+000, 0.000000e+000, 0.000000e+000
 5.122500e-001,-3.707922e+002,-2.762774e+003, 3.165558e+003,-3.666681e+003,-8.568783e+000, 1.140064e+002,-3.623377e+003, 0.000000e+000, 0.000000e+000, 0.000000e+000
 5.123000e-001,-3.835168e+002,-2.828727e+003, 3.009763e+003,-3.649719e+003,-7.377404e+000, 1.121139e+002,-3.602719e+003, 0.000000e+000, 0.000000e+000, 0.000000e+000
 5.123500e-001,-2.584900e+002,-2.824857e+003, 3.112491e+003,-3.631745e+003,-6.867709e+000, 1.100612e+002,-3.581302e+003, 0.000000e+000, 0.000000e+000, 0.000000e+000
 5.124000e-001,-2.787476e+002,-2.908708e+003, 2.952857e+003,-3.612243e+003,-5.699759e+000, 1.079611e+002,-3.558127e+003, 0.000000e+000, 0.000000e+000, 0.000000e+000
 5.124500e-001,-1.474122e+002,-2.883829e+003, 3.051211e+003,-3.591633e+003,-5.151105e+000, 1.059636e+002,-3.534152e+003, 0.000000e+000, 0.000000e+000, 0.000000e+000
 5.125000e-001,-1.719489e+002,-2.983562e+003, 2.895553e+003,-3.569622e+003,-4.014241e+000, 1.036583e+002,-3.508490e+003, 0.000000e+000, 0.000000e+000, 0.000000e+000
 5.125500e-001,-3.777240e+001,-2.939869e+003, 2.981778e+003,-3.546404e+003,-3.415842e+000, 1.017202e+002,-3.481997e+003, 0.000000e+000, 0.000000e+000, 0.000000e+000
 5.126000e-001,-6.327847e+001,-3.052947e+003, 2.837857e+003,-3.521914e+003,-2.316062e+000, 9.921944e+001,-3.453881e+003, 0.000000e+000, 0.000000e+000, 0.000000e+000
 5.126500e-001, 7.031736e+001,-2.993089e+003, 2.904486e+003,-3.496122e+003,-1.660210e+000, 9.733664e+001,-3.424912e+003, 0.000000e+000, 0.000000e+000, 0.000000e+000
 5.127000e-001, 4.701134e+001,-3.116600e+003, 2.779545e+003,-3.469184e+003,-6.014804e-001, 9.465756e+001,-3.394380e+003, 0.000000e+000, 0.000000e+000, 0.000000e+000
 5.127500e-001, 1.768450e+002,-3.043530e+003, 2.819864e+003,-3.440859e+003, 1.163838e-001, 9.281834e+001,-3.362984e+003, 0.000000e+000, 0.000000e+000, 0.000000e+000
 5.128000e-001, 1.585837e+002,-3.174349e+003, 2.720180e+003,-3.411502e+003, 1.132497e+000, 8.998542e+001,-3.330076e+003, 0.000000e+000, 0.000000e+000, 0.000000e+000
 5.128500e-001, 2.818869e+002,-3.091161e+003, 2.728645e+003,-3.380693e+003, 1.914055e+000, 8.817163e+001,-3.296302e+003, 0.000000e+000, 0.000000e+000, 0.000000e+000
 5.129000e-001, 2.710303e+002,-3.226109e+003, 2.659141e+003,-3.348950e+003, 2.888613e+000, 8.521568e+001,-3.261061e+003, 0.000000e+000, 0.000000e+000, 0.000000e+000
 5.129500e-001, 3.855887e+002,-3.135884e+003, 2.631740e+003,-3.315711e+003, 3.733110e+000, 8.340417e+001,-3.224962e+003, 0.000000e+000, 0.000000e+000, 0.000000e+000
 5.130000e-001, 3.838880e+002,-3.271876e+003, 2.595663e+003,-3.281619e+003, 4.669731e+000, 8.036090e+001,-3.187435e+003, 0.000000e+000, 0.000000e+000, 0.000000e+000
 5.130500e-001, 4.881397e+002,-3.177537e+003, 2.530186e+003,-3.246010e+003, 5.574437e+000, 7.852514e+001,-3.149064e+003, 0.000000e+000, 0.000000e+000, 0.000000e+000
 5.131000e-001, 4.966582e+002,-3.311712e+003, 2.528895e+003,-3.209606e+003, 6.478869e+000, 7.543318e+001,-3.109300e+003, 0.000000e+000, 0.000000e+000, 0.000000e+000
 5.131500e-001, 5.897452e+002,-3.215911e+003, 2.425098e+003,-3.171692e+003, 7.439468e+000, 7.354478e+001,-3.068714e+003, 0.000000e+000, 0.000000e+000, 0.000000e+000
 5.132000e-001, 6.088310e+002,-3.345731e+003, 2.457954e+003,-3.133019e+003, 8.318863e+000, 7.044337e+001,-3.026768e+003, 0.000000e+000, 0.000000e+000, 0.000000e+000
 5.132500e-001, 6.906007e+002,-3.250764e+003, 2.317607e+003,-3.092866e+003, 9.329751e+000, 6.847385e+001,-2.984026e+003, 0.000000e+000, 0.000000e+000, 0.000000e+000
 5.133000e-001, 7.199100e+002,-3.374081e+003, 2.381986e+003,-3.051969e+003, 1.019178e+001, 6.540045e+001,-2.939955e+003, 0.000000e+000, 0.000000e+000, 0.000000e+000
 5.133500e-001, 7.908690e+002,-3.281836e+003, 2.208795e+003,-3.009647e+003, 1.124636e+001, 6.332294e+001,-2.895119e+003, 0.000000e+000, 0.000000e+000, 0.000000e+000
 5.134000e-001, 8.294385e+002,-3.396925e+003, 2.300224e+003,-2.966576e+003, 1.209836e+001, 6.031116e+001,-2.848984e+003, 0.000000e+000, 0.000000e+000, 0.000000e+000
 5.134500e-001, 8.906631e+002,-3.308872e+003, 2.099643e+003,-2.922152e+003, 1.318938e+001, 5.810231e+001,-2.802120e+003, 0.000000e+000, 0.000000e+000, 0.000000e+000
 5.135000e-001, 9.370216e+002,-3.414428e+003, 2.212042e+003,-2.876959e+003, 1.403771e+001, 5.518023e+001,-2.753986e+003, 0.000000e+000, 0.000000e+000, 0.000000e+000
 5.135500e-001, 9.900336e+002,-3.331633e+003, 1.990975e+003,-2.830503e+003, 1.515773e+001, 5.282198e+001,-2.705161e+003, 0.000000e+000, 0.000000e+000, 0.000000e+000
 5.136000e-001, 1.042343e+003,-3.426746e+003, 2.116990e+003,-2.783246e+003, 1.600740e+001, 5.001104e+001,-2.655099e+003, 0.000000e+000, 0.000000e+000, 0.000000e+000
 5.136500e-001, 1.088961e+003,-3.349910e+003, 1.883418e+003,-2.734825e+003, 1.714925e+001, 4.749213e+001,-2.604383e+003, 0.000000e+000, 0.000000e+000, 0.000000e+000
 5.137000e-001, 1.145173e+003,-3.434014e+003, 2.014839e+003,-2.685570e+003, 1.800379e+001, 4.480647e+001,-2.552464e+003, 0.000000e+000, 0.000000e+000, 0.000000e+000
 5.137500e-001, 1.187350e+003,-3.363537e+003, 1.777380e+003,-2.635252e+003, 1.916103e+001, 4.212348e+001,-2.499928e+003, 0.000000e+000, 0.000000e+000, 0.000000e+000
 5.138000e-001, 1.245367e+003,-3.436344e+003, 1.905589e+003,-2.584068e+003, 2.002262e+001, 3.956955e+001,-2.446229e+003, 0.000000e+000, 0.000000e+000, 0.000000e+000
 5.138500e-001, 1.285035e+003,-3.372387e+003, 1.673038e+003,-2.531924e+003, 2.118983e+001, 3.672723e+001,-2.391947e+003, 0.000000e+000, 0.000000e+000, 0.000000e+000
 5.139000e-001, 1.342859e+003,-3.433819e+003, 1.789483e+003,-2.478886e+003, 2.205935e+001, 3.430371e+001,-2.336545e+003, 0.000000e+000, 0.000000e+000, 0.000000e+000
 5.139500e-001, 1.381777e+003,-3.376377e+003, 1.570337e+003,-2.424987e+003, 2.323222e+001, 3.131467e+001,-2.280589e+003, 0.000000e+000, 0.000000e+000, 0.000000e+000
 5.140000e-001, 1.437645e+003,-3.426497e+003, 1.666998e+003,-2.370178e+003, 2.410937e+001, 2.901266e+001,-2.223564e+003, 0.000000e+000, 0.000000e+000, 0.000000e+000
 5.140500e-001, 1.477286e+003,-3.375462e+003, 1.469016e+003,-2.314595e+003, 2.528449e+001, 2.589636e+001,-2.166012e+003, 0.000000e+000, 0.000000e+000, 0.000000e+000
 5.141000e-001, 1.529771e+003,-3.414411e+003, 1.538817e+003,-2.258100e+003, 2.616782e+001, 2.369993e+001,-2.107447e+003, 0.000000e+000, 0.000000e+000, 0.000000e+000
 5.141500e-001, 1.571226e+003,-3.369629e+003, 1.368626e+003,-2.200906e+003, 2.734236e+001, 2.048137e+001,-2.048376e+003, 0.000000e+000, 0.000000e+000, 0.000000e+000
 5.142000e-001, 1.619310e+003,-3.397576e+003, 1.405803e+003,-2.142813e+003, 2.822932e+001, 1.836853e+001,-1.988354e+003, 0.000000e+000, 0.000000e+000, 0.000000e+000
 5.142500e-001, 1.663241e+003,-3.358891e+003, 1.268576e+003,-2.084084e+003, 2.940065e+001, 1.507674e+001,-1.927846e+003, 0.000000e+000, 0.000000e+000, 0.000000e+000
 5.143000e-001, 1.706353e+003,-3.375996e+003, 1.268947e+003,-2.024483e+003, 3.028765e+001, 1.302085e+001,-1.866454e+003, 0.000000e+000, 0.000000e+000, 0.000000e+000
 5.143500e-001, 1.752975e+003,-3.343281e+003, 1.168165e+003,-1.964293e+003, 3.145300e+001, 9.687436e+000,-1.804591e+003, 0.000000e+000, 0.000000e+000, 0.000000e+000
 5.144000e-001, 1.790990e+003,-3.349670e+003, 1.129325e+003,-1.903276e+003, 3.233563e+001, 7.659085e+000,-1.741917e+003, 0.000000e+000, 0.000000e+000, 0.000000e+000
 5.144500e-001, 1.840087e+003,-3.322848e+003, 1.066641e+003,-1.841704e+003, 3.349201e+001, 4.316833e+000,-1.678787e+003, 0.000000e+000, 0.000000e+000, 0.000000e+000
 5.145000e-001, 1.873302e+003,-3.318601e+003, 9.880422e+002,-1.779363e+003, 3.436531e+001, 2.285878e+000,-1.614919e+003, 0.000000e+000, 0.000000e+000, 0.000000e+000
 5.145500e-001, 1.924269e+003,-3.297653e+003, 9.632416e+002,-1.716490e+003, 3.550947e+001,-1.032553e+000,-1.550611e+003, 0.000000e+000, 0.000000e+000, 0.000000e+000
 5.146000e-001, 1.953343e+003,-3.282801e+003, 8.461857e+002,-1.652920e+003, 3.636835e+001,-3.094981e+000,-1.485638e+003, 0.000000e+000, 0.000000e+000, 0.000000e+000
 5.146500e-001, 2.005256e+003,-3.267763e+003, 8.572493e+002,-1.588830e+003, 3.749690e+001,-6.358366e+000,-1.420244e+003, 0.000000e+000, 0.000000e+000, 0.000000e+000
 5.147000e-001, 2.031137e+003,-3.242291e+003, 7.047784e+002,-1.524124e+003, 3.833649e+001,-8.478118e+000,-1.354255e+003, 0.000000e+000, 0.000000e+000, 0.000000e+000
 5.147500e-001, 2.082828e+003,-3.233247e+003, 7.480336e+002,-1.458907e+003, 3.944602e+001,-1.165802e+001,-1.287869e+003, 0.000000e+000, 0.000000e+000, 0.000000e+000
 5.148000e-001, 2.106667e+003,-3.197108e+003, 5.647393e+002,-1.393162e+003, 4.026194e+001,-1.385662e+001,-1.220950e+003, 0.000000e+000, 0.000000e+000, 0.000000e+000
 5.148500e-001, 2.156812e+003,-3.194174e+003, 6.350912e+002,-1.326909e+003, 4.134907e+001,-1.692874e+001,-1.153669e+003, 0.000000e+000, 0.000000e+000, 0.000000e+000
 5.149000e-001, 2.179873e+003,-3.147306e+003, 4.268499e+002,-1.260222e+003, 4.213760e+001,-1.922248e+001,-1.085910e+003, 0.000000e+000, 0.000000e+000, 0.000000e+000
 5.149500e-001, 2.227079e+003,-3.150610e+003, 5.180774e+002,-1.193028e+003, 4.319886e+001,-2.216786e+001,-1.017833e+003, 0.000000e+000, 0.000000e+000, 0.000000e+000
 5.150000e-001, 2.250651e+003,-3.092955e+003, 2.917289e+002,-1.125494e+003, 4.395691e+001,-2.456737e+001,-9.493217e+002, 0.000000e+000, 0.000000e+000, 0.000000e+000
 5.150500e-001, 2.293545e+003,-3.102614e+003, 3.968258e+002,-1.057458e+003, 4.498862e+001,-2.737330e+001,-8.805491e+002, 0.000000e+000, 0.000000e+000, 0.000000e+000
 5.151000e-001, 2.318864e+003,-3.034142e+003, 1.598143e+002,-9.891721e+002, 4.571368e+001,-2.988321e+001,-8.113748e+002, 0.000000e+000, 0.000000e+000, 0.000000e+000
 5.151500e-001, 2.356165e+003,-3.050235e+003, 2.713594e+002,-9.203937e+002, 4.671170e+001,-3.254367e+001,-7.420097e+002, 0.000000e+000, 0.000000e+000, 0.000000e+000
 5.152000e-001, 2.384340e+003,-2.970978e+003, 3.135536e+001,-8.514516e+002, 4.740179e+001,-3.516254e+001,-6.722625e+002, 0.000000e+000, 0.000000e+000, 0.000000e+000
 5.152500e-001, 2.414928e+003,-2.993511e+003, 1.418900e+002,-7.820317e+002, 4.836138e+001,-3.767816e+001,-6.024089e+002, 0.000000e+000, 0.000000e+000, 0.000000e+000
 5.153000e-001, 2.446886e+003,-2.903593e+003,-9.358677e+001,-7.125280e+002, 4.901503e+001,-4.039849e+001,-5.321808e+002, 0.000000e+000, 0.000000e+000, 0.000000e+000
 5.153500e-001, 2.469859e+003,-2.932472e+003, 8.810580e+000,-6.425690e+002, 4.993074e+001,-4.277597e+001,-4.619426e+002, 0.000000e+000, 0.000000e+000, 0.000000e+000
 5.154000e-001, 2.506297e+003,-2.832145e+003,-2.151277e+002,-5.725987e+002, 5.054704e+001,-4.558443e+001,-3.913269e+002, 0.000000e+000, 0.000000e+000, 0.000000e+000
 5.154500e-001, 2.521008e+003,-2.867132e+003,-1.273222e+002,-5.022047e+002, 5.141281e+001,-4.783569e+001,-3.208077e+002, 0.000000e+000, 0.000000e+000, 0.000000e+000
 5.155000e-001, 2.562355e+003,-2.756814e+003,-3.335395e+002,-4.318628e+002, 5.199153e+001,-5.071364e+001,-2.498996e+002, 0.000000e+000, 0.000000e+000, 0.000000e+000
 5.155500e-001, 2.568445e+003,-2.797495e+003,-2.658103e+002,-3.611392e+002, 5.280081e+001,-5.285476e+001,-1.792015e+002, 0.000000e+000, 0.000000e+000, 0.000000e+000
 5.156000e-001, 2.614843e+003,-2.677808e+003,-4.492230e+002,-2.905217e+002, 5.334246e+001,-5.577911e+001,-1.080979e+002, 0.000000e+000, 0.000000e+000, 0.000000e+000
 5.156500e-001, 2.612251e+003,-2.723557e+003,-4.058443e+002,-2.195750e+002, 5.408842e+001,-5.782930e+001,-3.732130e+001, 0.000000e+000, 0.000000e+000, 0.000000e+000
 5.157000e-001, 2.663540e+003,-2.595353e+003,-5.626734e+002,-1.487786e+002, 5.459428e+001,-6.077372e+001, 3.387901e+001, 0.000000e+000, 0.000000e+000, 0.000000e+000
 5.157500e-001, 2.652514e+003,-2.645305e+003,-5.465371e+002,-7.771596e+001, 5.527004e+001,-6.275423e+001, 1.046356e+002, 0.000000e+000, 0.000000e+000, 0.000000e+000
 5.158000e-001, 2.708233e+003,-2.509691e+003,-6.744426e+002,-6.837827e+000, 5.574199e+001,-6.569069e+001, 1.758319e+002, 0.000000e+000, 0.000000e+000, 0.000000e+000
 5.158500e-001, 2.689316e+003,-2.562726e+003,-6.869623e+002, 6.423374e+001, 5.634084e+001,-6.762373e+001, 2.464715e+002, 0.000000e+000, 0.000000e+000, 0.000000e+000
 5.159000e-001, 2.748722e+003,-2.421073e+003,-7.851011e+002, 1.350962e+002, 5.678115e+001,-7.052401e+001, 3.175610e+002, 0.000000e+000, 0.000000e+000, 0.000000e+000
 5.159500e-001, 2.722729e+003,-2.475813e+003,-8.261945e+002, 2.060706e+002, 5.729675e+001,-7.243167e+001, 3.879881e+002, 0.000000e+000, 0.000000e+000, 0.000000e+000
 5.160000e-001, 2.784821e+003,-2.329751e+003,-8.951990e+002, 2.768200e+002, 5.770773e+001,-7.526884e+001, 4.588665e+002, 0.000000e+000, 0.000000e+000, 0.000000e+000
 5.160500e-001, 2.752811e+003,-2.384571e+003,-9.633492e+002, 3.475927e+002, 5.813438e+001,-7.717183e+001, 5.289863e+002, 0.000000e+000, 0.000000e+000, 0.000000e+000
 5.161000e-001, 2.816377e+003,-2.235965e+003,-1.005231e+003, 4.181318e+002, 5.851799e+001,-7.992144e+001, 5.995480e+002, 0.000000e+000, 0.000000e+000, 0.000000e+000
 5.161500e-001, 2.779603e+003,-2.289031e+003,-1.097620e+003, 4.885999e+002, 5.885088e+001,-8.183779e+001, 6.692664e+002, 0.000000e+000, 0.000000e+000, 0.000000e+000
 5.162000e-001, 2.843268e+003,-2.139938e+003,-1.115603e+003, 5.588312e+002, 5.920844e+001,-8.447881e+001, 7.394053e+002, 0.000000e+000, 0.000000e+000, 0.000000e+000
 5.162500e-001, 2.803118e+003,-2.189252e+003,-1.228312e+003, 6.288938e+002, 5.944396e+001,-8.642266e+001, 8.086287e+002, 0.000000e+000, 0.000000e+000, 0.000000e+000
 5.163000e-001, 2.865418e+003,-2.041869e+003,-1.226607e+003, 6.987195e+002, 5.977589e+001,-8.893805e+001, 8.782392e+002, 0.000000e+000, 0.000000e+000, 0.000000e+000
 5.163500e-001, 2.823344e+003,-2.085339e+003,-1.354862e+003, 7.682774e+002, 5.991193e+001,-9.091862e+001, 9.468740e+002, 0.000000e+000, 0.000000e+000, 0.000000e+000
 5.164000e-001, 2.882793e+003,-1.941920e+003,-1.338394e+003, 8.375988e+002, 6.021761e+001,-9.329585e+001, 1.015852e+003, 0.000000e+000, 0.000000e+000, 0.000000e+000
 5.164500e-001, 2.840236e+003,-1.977436e+003,-1.476864e+003, 9.065549e+002, 6.025380e+001,-9.531683e+001, 1.083805e+003, 0.000000e+000, 0.000000e+000, 0.000000e+000
 5.165000e-001, 2.895411e+003,-1.840216e+003,-1.450969e+003, 9.752723e+002, 6.053152e+001,-9.754811e+001, 1.152047e+003, 0.000000e+000, 0.000000e+000, 0.000000e+000
 5.165500e-001, 2.853712e+003,-1.865741e+003,-1.594064e+003, 1.043531e+003, 6.046940e+001,-9.960743e+001, 1.219224e+003, 0.000000e+000, 0.000000e+000, 0.000000e+000
 5.166000e-001, 2.903332e+003,-1.736844e+003,-1.564178e+003, 1.111545e+003, 6.071638e+001,-1.016900e+002, 1.286631e+003, 0.000000e+000, 0.000000e+000, 0.000000e+000
 5.166500e-001, 2.863657e+003,-1.750497e+003,-1.706371e+003, 1.179014e+003, 6.055936e+001,-1.037801e+002, 1.352939e+003, 0.000000e+000, 0.000000e+000, 0.000000e+000
 5.167000e-001, 2.906659e+003,-1.631850e+003,-1.677715e+003, 1.246223e+003, 6.077187e+001,-1.057162e+002, 1.419412e+003, 0.000000e+000, 0.000000e+000, 0.000000e+000
 5.167500e-001, 2.869924e+003,-1.631991e+003,-1.813841e+003, 1.312811e+003, 6.052510e+001,-1.078248e+002, 1.484756e+003, 0.000000e+000, 0.000000e+000, 0.000000e+000
 5.168000e-001, 2.905531e+003,-1.525247e+003,-1.791138e+003, 1.379115e+003, 6.069855e+001,-1.096212e+002, 1.550200e+003, 0.000000e+000, 0.000000e+000, 0.000000e+000
 5.168500e-001, 2.872341e+003,-1.510547e+003,-1.916660e+003, 1.444734e+003, 6.036863e+001,-1.117321e+002, 1.614487e+003, 0.000000e+000, 0.000000e+000, 0.000000e+000
 5.169000e-001, 2.900116e+003,-1.417021e+003,-1.903885e+003, 1.510035e+003, 6.049784e+001,-1.133998e+002, 1.678807e+003, 0.000000e+000, 0.000000e+000, 0.000000e+000
 5.169500e-001, 2.870726e+003,-1.386520e+003,-2.015127e+003, 1.574600e+003, 6.009244e+001,-1.154937e+002, 1.741943e+003, 0.000000e+000, 0.000000e+000, 0.000000e+000
 5.170000e-001, 2.890601e+003,-1.307139e+003,-2.015310e+003, 1.638799e+003, 6.017188e+001,-1.170469e+002, 1.805048e+003, 0.000000e+000, 0.000000e+000, 0.000000e+000
 5.170500e-001, 2.864896e+003,-1.260279e+003,-2.109622e+003, 1.702225e+003, 5.969934e+001,-1.191022e+002, 1.866940e+003, 0.000000e+000, 0.000000e+000, 0.000000e+000
 5.171000e-001, 2.877177e+003,-1.195560e+003,-2.124708e+003, 1.765228e+003, 5.972343e+001,-1.205569e+002, 1.928740e+003, 0.000000e+000, 0.000000e+000, 0.000000e+000
 5.171500e-001, 2.854685e+003,-1.132204e+003,-2.200575e+003, 1.827432e+003, 5.919242e+001,-1.225510e+002, 1.989297e+003, 0.000000e+000, 0.000000e+000, 0.000000e+000
 5.172000e-001, 2.860032e+003,-1.082247e+003,-2.231352e+003, 1.889145e+003, 5.915593e+001,-1.239240e+002, 2.049703e+003, 0.000000e+000, 0.000000e+000, 0.000000e+000
 5.172500e-001, 2.839953e+003,-1.002673e+003,-2.288433e+003, 1.950046e+003, 5.857510e+001,-1.258340e+002, 2.108836e+003, 0.000000e+000, 0.000000e+000, 0.000000e+000
 5.173000e-001, 2.839335e+003,-9.671754e+002,-2.334528e+003, 2.010378e+003, 5.847344e+001,-1.271411e+002, 2.167762e+003, 0.000000e+000, 0.000000e+000, 0.000000e+000
 5.173500e-001, 2.820601e+003,-8.720487e+002,-2.373625e+003, 2.069894e+003, 5.785116e+001,-1.289448e+002, 2.225384e+003, 0.000000e+000, 0.000000e+000, 0.000000e+000
 5.174000e-001, 2.815221e+003,-8.503401e+002,-2.433563e+003, 2.128757e+003, 5.768074e+001,-1.302000e+002, 2.282745e+003, 0.000000e+000, 0.000000e+000, 0.000000e+000
 5.174500e-001, 2.796577e+003,-7.406787e+002,-2.456531e+003, 2.186806e+003, 5.702494e+001,-1.318771e+002, 2.338774e+003, 0.000000e+000, 0.000000e+000, 0.000000e+000
 5.175000e-001, 2.787784e+003,-7.317634e+002,-2.527858e+003, 2.244116e+003, 5.678333e+001,-1.330918e+002, 2.394486e+003, 0.000000e+000, 0.000000e+000, 0.000000e+000
 5.175500e-001, 2.767887e+003,-6.088841e+002,-2.537454e+003, 2.300617e+003, 5.610135e+001,-1.346248e+002, 2.448843e+003, 0.000000e+000, 0.000000e+000, 0.000000e+000
 5.176000e-001, 2.757066e+003,-6.114965e+002,-2.616908e+003, 2.356292e+003, 5.578740e+001,-1.358071e+002, 2.502822e+003, 0.000000e+000, 0.000000e+000, 0.000000e+000
 5.176500e-001, 2.734593e+003,-4.769586e+002,-2.616595e+003, 2.411164e+003, 5.508590e+001,-1.371821e+002, 2.555431e+003, 0.000000e+000, 0.000000e+000, 0.000000e+000
 5.177000e-001, 2.723060e+003,-4.896216e+002,-2.700323e+003, 2.465129e+003, 5.469976e+001,-1.383364e+002, 2.607597e+003, 0.000000e+000, 0.000000e+000, 0.000000e+000
 5.177500e-001, 2.696818e+003,-3.451673e+002,-2.694044e+003, 2.518292e+003, 5.398466e+001,-1.395441e+002, 2.658385e+003, 0.000000e+000, 0.000000e+000, 0.000000e+000
 5.178000e-001, 2.685709e+003,-3.662507e+002,-2.777844e+003, 2.570474e+003, 5.352769e+001,-1.406709e+002, 2.708658e+003, 0.000000e+000, 0.000000e+000, 0.000000e+000
 5.178500e-001, 2.654743e+003,-2.137471e+002,-2.769767e+003, 2.621848e+003, 5.280415e+001,-1.417066e+002, 2.757555e+003, 0.000000e+000, 0.000000e+000, 0.000000e+000
 5.179000e-001, 2.644914e+003,-2.415240e+002,-2.849344e+003, 2.672180e+003, 5.227877e+001,-1.428023e+002, 2.805857e+003, 0.000000e+000, 0.000000e+000, 0.000000e+000
 5.179500e-001, 2.608599e+003,-8.290891e+001,-2.843606e+003, 2.721687e+003, 5.155120e+001,-1.436658e+002, 2.852796e+003, 0.000000e+000, 0.000000e+000, 0.000000e+000
 5.180000e-001, 2.600542e+003,-1.156067e+002,-2.914833e+003, 2.770105e+003, 5.096073e+001,-1.447228e+002, 2.899054e+003, 0.000000e+000, 0.000000e+000, 0.000000e+000
 5.180500e-001, 2.558658e+003, 4.716010e+001,-2.915287e+003, 2.817668e+003, 5.023281e+001,-1.454184e+002, 2.943970e+003, 0.000000e+000, 0.000000e+000, 0.000000e+000
 5.181000e-001, 2.552443e+003, 1.131437e+001,-2.974446e+003, 2.864112e+003, 4.958128e+001,-1.464252e+002, 2.988113e+003, 0.000000e+000, 0.000000e+000, 0.000000e+000
 5.181500e-001, 2.505219e+003, 1.762933e+002,-2.984427e+003, 2.909656e+003, 4.885602e+001,-1.469606e+002, 3.030943e+003, 0.000000e+000, 0.000000e+000, 0.000000e+000
 5.182000e-001, 2.500455e+003, 1.390330e+002,-3.028430e+003, 2.954067e+003, 4.814804e+001,-1.479023e+002, 3.072905e+003, 0.000000e+000, 0.000000e+000, 0.000000e+000
 5.182500e-001, 2.448595e+003, 3.043423e+002,-3.050555e+003, 2.997521e+003, 4.742779e+001,-1.482886e+002, 3.113588e+003, 0.000000e+000, 0.000000e+000, 0.000000e+000
 5.183000e-001, 2.444427e+003, 2.673273e+002,-3.077125e+003, 3.039845e+003, 4.666842e+001,-1.491475e+002, 3.153308e+003, 0.000000e+000, 0.000000e+000, 0.000000e+000
 5.183500e-001, 2.389091e+003, 4.311748e+002,-3.113127e+003, 3.081139e+003, 4.595490e+001,-1.493980e+002, 3.191786e+003, 0.000000e+000, 0.000000e+000, 0.000000e+000
 5.184000e-001, 2.384222e+003, 3.959613e+002,-3.120938e+003, 3.121321e+003, 4.514952e+001,-1.501547e+002, 3.229208e+003, 0.000000e+000, 0.000000e+000, 0.000000e+000
 5.184500e-001, 2.326996e+003, 5.566725e+002,-3.171557e+003, 3.160389e+003, 4.444387e+001,-1.502843e+002, 3.265422e+003, 0.000000e+000, 0.000000e+000, 0.000000e+000
 5.185000e-001, 2.319743e+003, 5.246876e+002,-3.160315e+003, 3.198378e+003, 4.359810e+001,-1.509189e+002, 3.300496e+003, 0.000000e+000, 0.000000e+000, 0.000000e+000
 5.185500e-001, 2.262565e+003, 6.807300e+002,-3.225244e+003, 3.235160e+003, 4.290091e+001,-1.509436e+002, 3.334391e+003, 0.000000e+000, 0.000000e+000, 0.000000e+000
 5.186000e-001, 2.250935e+003, 6.532488e+002,-3.195713e+003, 3.270906e+003, 4.202051e+001,-1.514367e+002, 3.367071e+003, 0.000000e+000, 0.000000e+000, 0.000000e+000
 5.186500e-001, 2.196007e+003, 8.032534e+002,-3.273598e+003, 3.305345e+003, 4.133176e+001,-1.513722e+002, 3.398592e+003, 0.000000e+000, 0.000000e+000, 0.000000e+000
 5.187000e-001, 2.177801e+003, 7.813801e+002,-3.227574e+003, 3.338801e+003, 4.042255e+001,-1.517059e+002, 3.428839e+003, 0.000000e+000, 0.000000e+000, 0.000000e+000
 5.187500e-001, 2.127479e+003, 9.241580e+002,-3.316075e+003, 3.370847e+003, 3.974178e+001,-1.515674e+002, 3.457932e+003, 0.000000e+000, 0.000000e+000, 0.000000e+000
 5.188000e-001, 2.100411e+003, 9.088116e+002,-3.256293e+003, 3.401965e+003, 3.880949e+001,-1.517265e+002, 3.485711e+003, 0.000000e+000, 0.000000e+000, 0.000000e+000
 5.188500e-001, 2.057083e+003, 1.043366e+003,-3.352207e+003, 3.431572e+003, 3.813576e+001,-1.515269e+002, 3.512325e+003, 0.000000e+000, 0.000000e+000, 0.000000e+000
 5.189000e-001, 2.018903e+003, 1.035271e+003,-3.282195e+003, 3.460306e+003, 3.718596e+001,-1.514993e+002, 3.537607e+003, 0.000000e+000, 0.000000e+000, 0.000000e+000
 5.189500e-001, 1.984858e+003, 1.160804e+003,-3.381619e+003, 3.487436e+003, 3.651800e+001,-1.512486e+002, 3.561694e+003, 0.000000e+000, 0.000000e+000, 0.000000e+000
 5.190000e-001, 1.933488e+003, 1.160488e+003,-3.305510e+003, 3.513742e+003, 3.555589e+001,-1.510261e+002, 3.584452e+003, 0.000000e+000, 0.000000e+000, 0.000000e+000
 5.190500e-001, 1.910783e+003, 1.276399e+003,-3.404061e+003, 3.538359e+003, 3.489222e+001,-1.507308e+002, 3.605967e+003, 0.000000e+000, 0.000000e+000, 0.000000e+000
 5.191000e-001, 1.844446e+003, 1.284200e+003,-3.326358e+003, 3.562194e+003, 3.392253e+001,-1.503095e+002, 3.626180e+003, 0.000000e+000, 0.000000e+000, 0.000000e+000
 5.191500e-001, 1.834778e+003, 1.390073e+003,-3.419409e+003, 3.584271e+003, 3.326155e+001,-1.499716e+002, 3.645083e+003, 0.000000e+000, 0.000000e+000, 0.000000e+000
 5.192000e-001, 1.752120e+003, 1.406151e+003,-3.344734e+003, 3.605592e+003, 3.228836e+001,-1.493522e+002, 3.662732e+003, 0.000000e+000, 0.000000e+000, 0.000000e+000
 5.192500e-001, 1.756712e+003, 1.501743e+003,-3.427684e+003, 3.625104e+003, 3.162856e+001,-1.489697e+002, 3.678987e+003, 0.000000e+000, 0.000000e+000, 0.000000e+000
 5.193000e-001, 1.656904e+003, 1.526104e+003,-3.360504e+003, 3.643872e+003, 3.065517e+001,-1.481576e+002, 3.694058e+003, 0.000000e+000, 0.000000e+000, 0.000000e+000
 5.193500e-001, 1.676411e+003, 1.611312e+003,-3.429042e+003, 3.660802e+003, 2.999519e+001,-1.477240e+002, 3.707634e+003, 0.000000e+000, 0.000000e+000, 0.000000e+000
 5.194000e-001, 1.559238e+003, 1.643840e+003,-3.373411e+003, 3.676977e+003, 2.902401e+001,-1.467293e+002, 3.720112e+003, 0.000000e+000, 0.000000e+000, 0.000000e+000
 5.194500e-001, 1.593672e+003, 1.718668e+003,-3.423775e+003, 3.691311e+003, 2.836279e+001,-1.462346e+002, 3.730984e+003, 0.000000e+000, 0.000000e+000, 0.000000e+000
 5.195000e-001, 1.459587e+003, 1.759160e+003,-3.383083e+003, 3.704860e+003, 2.739531e+001,-1.450718e+002, 3.740857e+003, 0.000000e+000, 0.000000e+000, 0.000000e+000
 5.195500e-001, 1.508273e+003, 1.823687e+003,-3.412289e+003, 3.716587e+003, 2.673214e+001,-1.445030e+002, 3.749008e+003, 0.000000e+000, 0.000000e+000, 0.000000e+000
 5.196000e-001, 1.358431e+003, 1.871886e+003,-3.389056e+003, 3.727479e+003, 2.576892e+001,-1.431904e+002, 3.756266e+003, 0.000000e+000, 0.000000e+000, 0.000000e+000
 5.196500e-001, 1.419996e+003, 1.926226e+003,-3.395086e+003, 3.736595e+003, 2.510341e+001,-1.425321e+002, 3.761682e+003, 0.000000e+000, 0.000000e+000, 0.000000e+000
 5.197000e-001, 1.256247e+003, 1.981864e+003,-3.390796e+003, 3.744803e+003, 2.414419e+001,-1.410907e+002, 3.766317e+003, 0.000000e+000, 0.000000e+000, 0.000000e+000
 5.197500e-001, 1.328642e+003, 2.026131e+003,-3.372736e+003, 3.751305e+003, 2.347623e+001,-1.403262e+002, 3.768992e+003, 0.000000e+000, 0.000000e+000, 0.000000e+000
 5.198000e-001, 1.153495e+003, 2.088956e+003,-3.387736e+003, 3.756806e+003, 2.252005e+001,-1.387786e+002, 3.770995e+003, 0.000000e+000, 0.000000e+000, 0.000000e+000
 5.198500e-001, 1.234047e+003, 2.123239e+003,-3.345845e+003, 3.760695e+003, 2.184967e+001,-1.378911e+002, 3.770929e+003, 0.000000e+000, 0.000000e+000, 0.000000e+000
 5.199000e-001, 1.050593e+003, 2.193038e+003,-3.379304e+003, 3.763472e+003, 2.089507e+001,-1.362600e+002, 3.770294e+003, 0.000000e+000, 0.000000e+000, 0.000000e+000
 5.199500e-001, 1.136100e+003, 2.217385e+003,-3.315016e+003, 3.764749e+003, 2.022226e+001,-1.352330e+002, 3.767496e+003, 0.000000e+000, 0.000000e+000, 0.000000e+000
 5.200000e-001, 9.479077e+002, 2.293994e+003,-3.364964e+003, 3.764791e+003, 1.926752e+001,-1.335403e+002, 3.764219e+003, 0.000000e+000, 0.000000e+000, 0.000000e+000
 5.200500e-001, 1.034758e+003, 2.308408e+003,-3.280820e+003, 3.763459e+003, 1.859200e+001,-1.323595e+002, 3.758700e+003, 0.000000e+000, 0.000000e+000, 0.000000e+000
 5.201000e-001, 8.457374e+002, 2.391708e+003,-3.344245e+003, 3.760760e+003, 1.763542e+001,-1.306247e+002, 3.752779e+003, 0.000000e+000, 0.000000e+000, 0.000000e+000
 5.201500e-001, 9.300521e+002, 2.396158e+003,-3.243753e+003, 3.756823e+003, 1.695645e+001,-1.292786e+002, 3.744559e+003, 0.000000e+000, 0.000000e+000, 0.000000e+000
 5.202000e-001, 7.442988e+002, 2.486055e+003,-3.316775e+003, 3.751385e+003, 1.599662e+001,-1.275181e+002, 3.735993e+003, 0.000000e+000, 0.000000e+000, 0.000000e+000
 5.202500e-001, 8.221028e+002, 2.480503e+003,-3.204216e+003, 3.744848e+003, 1.531283e+001,-1.259992e+002, 3.725096e+003, 0.000000e+000, 0.000000e+000, 0.000000e+000
 5.203000e-001, 6.437219e+002, 2.576902e+003,-3.282303e+003, 3.736678e+003, 1.434886e+001,-1.242256e+002, 3.713889e+003, 0.000000e+000, 0.000000e+000, 0.000000e+000
 5.203500e-001, 7.111195e+002, 2.561338e+003,-3.162488e+003, 3.727546e+003, 1.365811e+001,-1.225311e+002, 3.700342e+003, 0.000000e+000, 0.000000e+000, 0.000000e+000
 5.204000e-001, 5.440475e+002, 2.664095e+003,-3.240722e+003, 3.716660e+003, 1.268990e+001,-1.207524e+002, 3.686501e+003, 0.000000e+000, 0.000000e+000, 0.000000e+000
 5.204500e-001, 5.974026e+002, 2.638584e+003,-3.118710e+003, 3.704940e+003, 1.198923e+001,-1.188848e+002, 3.670337e+003, 0.000000e+000, 0.000000e+000, 0.000000e+000
 5.205000e-001, 4.452306e+002, 2.747460e+003,-3.192077e+003, 3.691359e+003, 1.101758e+001,-1.171046e+002, 3.653871e+003, 0.000000e+000, 0.000000e+000, 0.000000e+000
 5.205500e-001, 4.813382e+002, 2.712193e+003,-3.072886e+003, 3.677059e+003, 1.030322e+001,-1.150714e+002, 3.635125e+003, 0.000000e+000, 0.000000e+000, 0.000000e+000
 5.206000e-001, 3.471483e+002, 2.826802e+003,-3.136566e+003, 3.660811e+003, 9.329907e+000,-1.132884e+002, 3.616050e+003, 0.000000e+000, 0.000000e+000, 0.000000e+000
 5.206500e-001, 3.633880e+002, 2.782149e+003,-3.024883e+003, 3.643940e+003, 8.597383e+000,-1.111021e+002, 3.594759e+003, 0.000000e+000, 0.000000e+000, 0.000000e+000
 5.207000e-001, 2.496125e+002, 2.901906e+003,-3.074532e+003, 3.625060e+003, 7.625078e+000,-1.093106e+002, 3.573094e+003, 0.000000e+000, 0.000000e+000, 0.000000e+000
 5.207500e-001, 2.440745e+002, 2.848461e+003,-2.974443e+003, 3.605628e+003, 6.869333e+000,-1.069881e+002, 3.549298e+003, 0.000000e+000, 0.000000e+000, 0.000000e+000
 5.208000e-001, 1.523867e+002, 2.972547e+003,-3.006446e+003, 3.584154e+003, 5.901491e+000,-1.051786e+002, 3.525069e+003, 0.000000e+000, 0.000000e+000, 0.000000e+000
 5.208500e-001, 1.239617e+002, 2.911163e+003,-2.921209e+003, 3.562176e+003, 5.117101e+000,-1.027399e+002, 3.498809e+003, 0.000000e+000, 0.000000e+000, 0.000000e+000
 5.209000e-001, 5.520414e+001, 3.038487e+003,-2.932882e+003, 3.538152e+003, 4.157702e+000,-1.008997e+002, 3.472046e+003, 0.000000e+000, 0.000000e+000, 0.000000e+000
 5.209500e-001, 3.633124e+000, 2.970303e+003,-2.864748e+003, 3.513644e+003, 3.339122e+000,-9.836730e+001, 3.443365e+003, 0.000000e+000, 0.000000e+000, 0.000000e+000
 5.210000e-001,-4.220997e+001, 3.099492e+003,-2.854482e+003, 3.487116e+003, 2.392392e+000,-9.648180e+001, 3.414105e+003, 0.000000e+000, 0.000000e+000, 0.000000e+000
 5.210500e-001,-1.163313e+002, 3.025938e+003,-2.804583e+003, 3.460098e+003, 1.534240e+000,-9.387943e+001, 3.383048e+003, 0.000000e+000, 0.000000e+000, 0.000000e+000
 5.211000e-001,-1.401171e+002, 3.155336e+003,-2.771926e+003, 3.431118e+003, 6.043395e-001,-9.193320e+001, 3.351332e+003, 0.000000e+000, 0.000000e+000, 0.000000e+000
 5.211500e-001,-2.353783e+002, 3.078120e+003,-2.740235e+003, 3.401615e+003,-2.982871e-001,-8.928468e+001, 3.317944e+003, 0.000000e+000, 0.000000e+000, 0.000000e+000
 5.212000e-001,-2.387433e+002, 3.205812e+003,-2.685891e+003, 3.370234e+003,-1.207561e+000,-8.726288e+001, 3.283820e+003, 0.000000e+000, 0.000000e+000, 0.000000e+000
 5.212500e-001,-3.530015e+002, 3.126892e+003,-2.671248e+003, 3.338276e+003,-2.158760e+000,-8.459103e+001, 3.248147e+003, 0.000000e+000, 0.000000e+000, 0.000000e+000
 5.213000e-001,-3.382597e+002, 3.250740e+003,-2.597021e+003, 3.304549e+003,-3.044239e+000,-8.248056e+001, 3.211667e+003, 0.000000e+000, 0.000000e+000, 0.000000e+000
 5.213500e-001,-4.687600e+002, 3.172278e+003,-2.597233e+003, 3.270173e+003,-4.047000e+000,-7.980609e+001, 3.173757e+003, 0.000000e+000, 0.000000e+000, 0.000000e+000
 5.214000e-001,-4.387654e+002, 3.289977e+003,-2.505889e+003, 3.234154e+003,-4.906366e+000,-7.759664e+001, 3.134979e+003, 0.000000e+000, 0.000000e+000, 0.000000e+000
 5.214500e-001,-5.822914e+002, 3.214274e+003,-2.517892e+003, 3.197403e+003,-5.962307e+000,-7.493717e+001, 3.094881e+003, 0.000000e+000, 0.000000e+000, 0.000000e+000
 5.215000e-001,-5.402761e+002, 3.323420e+003,-2.412978e+003, 3.159149e+003,-6.794265e+000,-7.262201e+001, 3.053866e+003, 0.000000e+000, 0.000000e+000, 0.000000e+000
 5.215500e-001,-6.933215e+002, 3.252844e+003,-2.433043e+003, 3.120072e+003,-7.903436e+000,-6.999123e+001, 3.011631e+003, 0.000000e+000, 0.000000e+000, 0.000000e+000
 5.216000e-001,-6.427172e+002, 3.351014e+003,-2.318655e+003, 3.079638e+003,-8.707835e+000,-6.756770e+001, 2.968445e+003, 0.000000e+000, 0.000000e+000, 0.000000e+000
 5.216500e-001,-8.016679e+002, 3.287918e+003,-2.342638e+003, 3.038290e+003,-9.868608e+000,-6.497479e+001, 2.924125e+003, 0.000000e+000, 0.000000e+000, 0.000000e+000
 5.217000e-001,-7.459237e+002, 3.372754e+003,-2.223162e+003, 2.995732e+003,-1.064652e+001,-6.244455e+001, 2.878838e+003, 0.000000e+000, 0.000000e+000, 0.000000e+000
 5.217500e-001,-9.072397e+002, 3.319388e+003,-2.246769e+003, 2.952176e+003,-1.185556e+001,-5.989393e+001, 2.832488e+003, 0.000000e+000, 0.000000e+000, 0.000000e+000
 5.218000e-001,-8.496448e+002, 3.388685e+003,-2.126609e+003, 2.907551e+003,-1.260929e+001,-5.726294e+001, 2.785172e+003, 0.000000e+000, 0.000000e+000, 0.000000e+000
 5.218500e-001,-1.010030e+003, 3.347109e+003,-2.145665e+003, 2.861854e+003,-1.386161e+001,-5.475428e+001, 2.736851e+003, 0.000000e+000, 0.000000e+000, 0.000000e+000
 5.219000e-001,-9.535543e+002, 3.398900e+003,-2.028982e+003, 2.815219e+003,-1.459466e+001,-5.203262e+001, 2.687580e+003, 0.000000e+000, 0.000000e+000, 0.000000e+000
 5.219500e-001,-1.110107e+003, 3.370905e+003,-2.039685e+003, 2.767452e+003,-1.588374e+001,-4.956128e+001, 2.637349e+003, 0.000000e+000, 0.000000e+000, 0.000000e+000
 5.220000e-001,-1.057264e+003, 3.403538e+003,-1.930151e+003, 2.718865e+003,-1.660069e+001,-4.676262e+001, 2.586201e+003, 0.000000e+000, 0.000000e+000, 0.000000e+000
 5.220500e-001,-1.207596e+003, 3.390567e+003,-1.929303e+003, 2.669108e+003,-1.791862e+001,-4.432032e+001, 2.534123e+003, 0.000000e+000, 0.000000e+000, 0.000000e+000
 5.221000e-001,-1.160343e+003, 3.402781e+003,-1.829893e+003, 2.618629e+003,-1.862494e+001,-4.146135e+001, 2.481177e+003, 0.000000e+000, 0.000000e+000, 0.000000e+000
 5.221500e-001,-1.302663e+003, 3.405864e+003,-1.815078e+003, 2.566963e+003,-1.996264e+001,-3.903702e+001, 2.427319e+003, 0.000000e+000, 0.000000e+000, 0.000000e+000
 5.222000e-001,-1.262334e+003, 3.396841e+003,-1.727916e+003, 2.514653e+003,-2.066446e+001,-3.613655e+001, 2.372654e+003, 0.000000e+000, 0.000000e+000, 0.000000e+000
 5.222500e-001,-1.395492e+003, 3.416547e+003,-1.697635e+003, 2.461163e+003,-2.201189e+001,-3.371733e+001, 2.317088e+003, 0.000000e+000, 0.000000e+000, 0.000000e+000
 5.223000e-001,-1.362773e+003, 3.385961e+003,-1.623886e+003, 2.407087e+003,-2.271572e+001,-3.079530e+001, 2.260786e+003, 0.000000e+000, 0.000000e+000, 0.000000e+000
 5.223500e-001,-1.486269e+003, 3.422359e+003,-1.577628e+003, 2.351861e+003,-2.406215e+001,-2.836759e+001, 2.203585e+003, 0.000000e+000, 0.000000e+000, 0.000000e+000
 5.224000e-001,-1.461211e+003, 3.370398e+003,-1.517465e+003, 2.296088e+003,-2.477455e+001,-2.544394e+001, 2.145727e+003, 0.000000e+000, 0.000000e+000, 0.000000e+000
 5.224500e-001,-1.575158e+003, 3.423042e+003,-1.455713e+003, 2.239215e+003,-2.610883e+001,-2.299438e+001, 2.086968e+003, 0.000000e+000, 0.000000e+000, 0.000000e+000
 5.225000e-001,-1.557233e+003, 3.350421e+003,-1.408335e+003, 2.181815e+003,-2.683616e+001,-2.008796e+001, 2.027638e+003, 0.000000e+000, 0.000000e+000, 0.000000e+000
 5.225500e-001,-1.662288e+003, 3.418348e+003,-1.332513e+003, 2.123385e+003,-2.814709e+001,-1.760444e+001, 1.967402e+003, 0.000000e+000, 0.000000e+000, 0.000000e+000
 5.226000e-001,-1.650471e+003, 3.326299e+003,-1.296233e+003, 2.064434e+003,-2.889516e+001,-1.473198e+001, 1.906684e+003, 0.000000e+000, 0.000000e+000, 0.000000e+000
 5.226500e-001,-1.747737e+003, 3.408046e+003,-1.208590e+003, 2.004538e+003,-3.017179e+001,-1.220449e+001, 1.845053e+003, 0.000000e+000, 0.000000e+000, 0.000000e+000
 5.227000e-001,-1.740619e+003, 3.298291e+003,-1.180973e+003, 1.944115e+003,-3.094563e+001,-9.379737e+000, 1.783032e+003, 0.000000e+000, 0.000000e+000, 0.000000e+000
 5.227500e-001,-1.831522e+003, 3.391933e+003,-1.084424e+003, 1.882843e+003,-3.217764e+001,-6.801164e+000, 1.720093e+003, 0.000000e+000, 0.000000e+000, 0.000000e+000
 5.228000e-001,-1.827443e+003, 3.266639e+003,-1.062469e+003, 1.821033e+003,-3.298124e+001,-4.034279e+000, 1.656856e+003, 0.000000e+000, 0.000000e+000, 0.000000e+000
 5.228500e-001,-1.913596e+003, 3.369844e+003,-9.603908e+002, 1.758475e+003,-3.415921e+001,-1.401021e+000, 1.592698e+003, 0.000000e+000, 0.000000e+000, 0.000000e+000
 5.229000e-001,-1.910784e+003, 3.231559e+003,-9.407487e+002, 1.695365e+003,-3.499532e+001, 1.301817e+000, 1.528330e+003, 0.000000e+000, 0.000000e+000, 0.000000e+000
 5.229500e-001,-1.993842e+003, 3.341655e+003,-8.367506e+002, 1.631610e+003,-3.611102e+001, 3.989473e+000, 1.463045e+003, 0.000000e+000, 0.000000e+000, 0.000000e+000
 5.230000e-001,-1.990559e+003, 3.193237e+003,-8.159591e+002, 1.567293e+003,-3.698090e+001, 6.626174e+000, 1.397635e+003, 0.000000e+000, 0.000000e+000, 0.000000e+000
 5.230500e-001,-2.072080e+003, 3.307290e+003,-7.136461e+002, 1.502430e+003,-3.802744e+001, 9.363917e+000, 1.331317e+003, 0.000000e+000, 0.000000e+000, 0.000000e+000
 5.231000e-001,-2.066755e+003, 3.151816e+003,-6.883688e+002, 1.437002e+003,-3.893076e+001, 1.193637e+001, 1.264953e+003, 0.000000e+000, 0.000000e+000, 0.000000e+000
 5.231500e-001,-2.148066e+003, 3.266728e+003,-5.911049e+002, 1.371119e+003,-3.990276e+001, 1.471604e+001, 1.197696e+003, 0.000000e+000, 0.000000e+000, 0.000000e+000
 5.232000e-001,-2.139422e+003, 3.107404e+003,-5.583596e+002, 1.304681e+003,-4.083746e+001, 1.722980e+001, 1.130467e+003, 0.000000e+000, 0.000000e+000, 0.000000e+000
 5.232500e-001,-2.221509e+003, 3.219999e+003,-4.690509e+002, 1.237866e+003,-4.173105e+001, 2.003979e+001, 1.062370e+003, 0.000000e+000, 0.000000e+000, 0.000000e+000
 5.233000e-001,-2.208661e+003, 3.060063e+003,-4.264119e+002, 1.170519e+003,-4.269334e+001, 2.250356e+001, 9.943668e+002, 0.000000e+000, 0.000000e+000, 0.000000e+000
 5.233500e-001,-2.292082e+003, 3.167190e+003,-3.473217e+002, 1.102861e+003,-4.350614e+001, 2.532954e+001, 9.255283e+002, 0.000000e+000, 0.000000e+000, 0.000000e+000
 5.234000e-001,-2.274610e+003, 3.009818e+003,-2.930844e+002, 1.034711e+003,-4.449057e+001, 2.775445e+001, 8.568409e+002, 0.000000e+000, 0.000000e+000, 0.000000e+000
 5.234500e-001,-2.359432e+003, 3.108442e+003,-2.256914e+002, 9.662966e+002,-4.522166e+001, 3.058018e+001, 7.873620e+002, 0.000000e+000, 0.000000e+000, 0.000000e+000
 5.235000e-001,-2.337430e+003, 2.956652e+003,-1.589880e+002, 8.974490e+002,-4.622129e+001, 3.297895e+001, 7.180822e+002, 0.000000e+000, 0.000000e+000, 0.000000e+000
 5.235500e-001,-2.423205e+003, 3.043940e+003,-1.038970e+002, 8.283687e+002,-4.687104e+001, 3.578724e+001, 6.480648e+002, 0.000000e+000, 0.000000e+000, 0.000000e+000
 5.236000e-001,-2.397287e+003, 2.900520e+003,-2.475778e+001, 7.589305e+002,-4.787769e+001, 3.817318e+001, 5.782852e+002, 0.000000e+000, 0.000000e+000, 0.000000e+000
 5.236500e-001,-2.483057e+003, 2.973913e+003, 1.833306e+001, 6.892740e+002,-4.844767e+001, 4.094683e+001, 5.078322e+002, 0.000000e+000, 0.000000e+000, 0.000000e+000
 5.237000e-001,-2.454338e+003, 2.841351e+003, 1.089779e+002, 6.193522e+002,-4.945221e+001, 4.333280e+001, 4.376463e+002, 0.000000e+000, 0.000000e+000, 0.000000e+000
 5.237500e-001,-2.538670e+003, 2.898625e+003, 1.412499e+002, 5.492112e+002,-4.994495e+001, 4.605554e+001, 3.668609e+002, 0.000000e+000, 0.000000e+000, 0.000000e+000
 5.238000e-001,-2.508716e+003, 2.779055e+003, 2.416260e+002, 4.789122e+002,-5.093763e+001, 4.845295e+001, 2.963632e+002, 0.000000e+000, 0.000000e+000, 0.000000e+000
 5.238500e-001,-2.589771e+003, 2.818366e+003, 2.650564e+002, 4.083803e+002,-5.135640e+001, 5.111024e+001, 2.253490e+002, 0.000000e+000, 0.000000e+000, 0.000000e+000
 5.239000e-001,-2.560517e+003, 2.713535e+003, 3.726558e+002, 3.378095e+002,-5.232721e+001, 5.352808e+001, 1.546350e+002, 0.000000e+000, 0.000000e+000, 0.000000e+000
 5.239500e-001,-2.636141e+003, 2.733441e+003, 3.898831e+002, 2.669825e+002,-5.267575e+001, 5.610793e+001, 8.349534e+001, 0.000000e+000, 0.000000e+000, 0.000000e+000
 5.240000e-001,-2.609785e+003, 2.644690e+003, 5.016211e+002, 1.962440e+002,-5.361469e+001, 5.855201e+001, 1.266159e+001, 0.000000e+000, 0.000000e+000, 0.000000e+000
 5.240500e-001,-2.677621e+003, 2.644166e+003, 5.157684e+002, 1.252202e+002,-5.389699e+001, 6.104551e+001,-5.850076e+001, 0.000000e+000, 0.000000e+000, 0.000000e+000
 5.241000e-001,-2.656513e+003, 2.572428e+003, 6.281771e+002, 5.441596e+001,-5.479437e+001, 6.351799e+001,-1.293564e+002, 0.000000e+000, 0.000000e+000, 0.000000e+000
 5.241500e-001,-2.714123e+003, 2.550857e+003, 6.426443e+002,-1.670424e+001,-5.501441e+001, 6.591972e+001,-2.004395e+002, 0.000000e+000, 0.000000e+000, 0.000000e+000
 5.242000e-001,-2.700629e+003, 2.496670e+003, 7.520909e+002,-8.747414e+001,-5.586106e+001, 6.841879e+001,-2.712180e+002, 0.000000e+000, 0.000000e+000, 0.000000e+000
 5.242500e-001,-2.745627e+003, 2.453825e+003, 7.703311e+002,-1.585881e+002,-5.602267e+001, 7.072703e+001,-3.421208e+002, 0.000000e+000, 0.000000e+000, 0.000000e+000
 5.243000e-001,-2.742005e+003, 2.417353e+003, 8.732444e+002,-2.292261e+002,-5.681015e+001, 7.324693e+001,-4.127218e+002, 0.000000e+000, 0.000000e+000, 0.000000e+000
 5.243500e-001,-2.772184e+003, 2.353372e+003, 8.985363e+002,-3.002292e+002,-5.691688e+001, 7.546362e+001,-4.833449e+002, 0.000000e+000, 0.000000e+000, 0.000000e+000
 5.244000e-001,-2.780454e+003, 2.334438e+003, 9.916315e+002,-3.706400e+002,-5.763763e+001, 7.799483e+001,-5.536665e+002, 0.000000e+000, 0.000000e+000, 0.000000e+000
 5.244500e-001,-2.793908e+003, 2.249787e+003, 1.026864e+003,-4.414264e+002,-5.769271e+001, 8.012528e+001,-6.239117e+002, 0.000000e+000, 0.000000e+000, 0.000000e+000
 5.245000e-001,-2.815743e+003, 2.247911e+003, 1.107347e+003,-5.115167e+002,-5.834013e+001, 8.265495e+001,-6.938512e+002, 0.000000e+000, 0.000000e+000, 0.000000e+000
 5.245500e-001,-2.810969e+003, 2.143344e+003, 1.154828e+003,-5.819791e+002,-5.834652e+001, 8.470731e+001,-7.636222e+002, 0.000000e+000, 0.000000e+000, 0.000000e+000
 5.246000e-001,-2.847599e+003, 2.157780e+003, 1.220571e+003,-6.516580e+002,-5.891504e+001, 8.721984e+001,-8.330756e+002, 0.000000e+000, 0.000000e+000, 0.000000e+000
 5.246500e-001,-2.823583e+003, 2.034305e+003, 1.281873e+003,-7.216885e+002,-5.887548e+001, 8.920440e+001,-9.022778e+002, 0.000000e+000, 0.000000e+000, 0.000000e+000
 5.247000e-001,-2.875724e+003, 2.064076e+003, 1.331546e+003,-7.908661e+002,-5.936051e+001, 9.168221e+001,-9.711407e+002, 0.000000e+000, 0.000000e+000, 0.000000e+000
 5.247500e-001,-2.831995e+003, 1.922918e+003, 1.407396e+003,-8.603568e+002,-5.927760e+001, 9.361052e+001,-1.039681e+003, 0.000000e+000, 0.000000e+000, 0.000000e+000
 5.248000e-001,-2.899803e+003, 1.966851e+003, 1.440555e+003,-9.289447e+002,-5.967553e+001, 9.603486e+001,-1.107849e+003, 0.000000e+000, 0.000000e+000, 0.000000e+000
 5.248500e-001,-2.836473e+003, 1.809421e+003, 1.530774e+003,-9.977879e+002,-5.955180e+001, 9.791888e+001,-1.175637e+003, 0.000000e+000, 0.000000e+000, 0.000000e+000
 5.249000e-001,-2.919527e+003, 1.866174e+003, 1.547891e+003,-1.065698e+003,-5.985986e+001, 1.002708e+002,-1.243005e+003, 0.000000e+000, 0.000000e+000, 0.000000e+000
 5.249500e-001,-2.837284e+003, 1.694044e+003, 1.651392e+003,-1.133788e+003,-5.969787e+001, 1.021219e+002,-1.309951e+003, 0.000000e+000, 0.000000e+000, 0.000000e+000
 5.250000e-001,-2.934597e+003, 1.762131e+003, 1.653836e+003,-1.200934e+003,-5.991403e+001, 1.043830e+002,-1.376415e+003, 0.000000e+000, 0.000000e+000, 0.000000e+000
 5.250500e-001,-2.834689e+003, 1.577010e+003, 1.768667e+003,-1.268164e+003,-5.971642e+001, 1.062115e+002,-1.442430e+003, 0.000000e+000, 0.000000e+000, 0.000000e+000
 5.251000e-001,-2.944744e+003, 1.654816e+003, 1.758627e+003,-1.334459e+003,-5.983929e+001, 1.083651e+002,-1.507889e+003, 0.000000e+000, 0.000000e+000, 0.000000e+000
 5.251500e-001,-2.828923e+003, 1.458539e+003, 1.882072e+003,-1.400728e+003,-5.960885e+001, 1.101788e+002,-1.572885e+003, 0.000000e+000, 0.000000e+000, 0.000000e+000
 5.252000e-001,-2.949737e+003, 1.544335e+003, 1.862442e+003,-1.466085e+003,-5.963760e+001, 1.122105e+002,-1.637237e+003, 0.000000e+000, 0.000000e+000, 0.000000e+000
 5.252500e-001,-2.820190e+003, 1.338847e+003, 1.991161e+003,-1.531293e+003,-5.937727e+001, 1.140148e+002,-1.701129e+003, 0.000000e+000, 0.000000e+000, 0.000000e+000
 5.253000e-001,-2.949394e+003, 1.430803e+003, 1.965380e+003,-1.595625e+003,-5.931161e+001, 1.159131e+002,-1.764274e+003, 0.000000e+000, 0.000000e+000, 0.000000e+000
 5.253500e-001,-2.808653e+003, 1.218150e+003, 2.095581e+003,-1.659675e+003,-5.902455e+001, 1.177103e+002,-1.826975e+003, 0.000000e+000, 0.000000e+000, 0.000000e+000
 5.254000e-001,-2.943589e+003, 1.314341e+003, 2.067444e+003,-1.722896e+003,-5.886469e+001, 1.194671e+002,-1.888818e+003, 0.000000e+000, 0.000000e+000, 0.000000e+000
 5.254500e-001,-2.794429e+003, 1.096662e+003, 2.195083e+003,-1.785695e+003,-5.855423e+001, 1.212559e+002,-1.950243e+003, 0.000000e+000, 0.000000e+000, 0.000000e+000
 5.255000e-001,-2.932255e+003, 1.195080e+003, 2.168540e+003,-1.847718e+003,-5.830092e+001, 1.228667e+002,-2.010690e+003, 0.000000e+000, 0.000000e+000, 0.000000e+000
 5.255500e-001,-2.777586e+003, 9.745911e+002, 2.289531e+003,-1.909176e+003,-5.797055e+001, 1.246422e+002,-2.070753e+003, 0.000000e+000, 0.000000e+000, 0.000000e+000
 5.256000e-001,-2.915387e+003, 1.073157e+003, 2.268469e+003,-1.969913e+003,-5.762512e+001, 1.261061e+002,-2.129715e+003, 0.000000e+000, 0.000000e+000, 0.000000e+000
 5.256500e-001,-2.758145e+003, 8.521440e+002, 2.378895e+003,-2.029944e+003,-5.727841e+001, 1.278602e+002,-2.188331e+003, 0.000000e+000, 0.000000e+000, 0.000000e+000
 5.257000e-001,-2.893040e+003, 9.487216e+002, 2.366937e+003,-2.089308e+003,-5.684277e+001, 1.291797e+002,-2.245721e+003, 0.000000e+000, 0.000000e+000, 0.000000e+000
 5.257500e-001,-2.736078e+003, 7.295183e+002, 2.463249e+003,-2.147830e+003,-5.648326e+001, 1.309007e+002,-2.302805e+003, 0.000000e+000, 0.000000e+000, 0.000000e+000
 5.258000e-001,-2.865323e+003, 8.219336e+002, 2.463559e+003,-2.205734e+003,-5.595995e+001, 1.320813e+002,-2.358543e+003, 0.000000e+000, 0.000000e+000, 0.000000e+000
 5.258500e-001,-2.711318e+003, 6.069023e+002, 2.542760e+003,-2.262668e+003,-5.559099e+001, 1.337552e+002,-2.414010e+003, 0.000000e+000, 0.000000e+000, 0.000000e+000
 5.259000e-001,-2.832396e+003, 6.929668e+002, 2.557876e+003,-2.319027e+003,-5.498317e+001, 1.348051e+002,-2.468018e+003, 0.000000e+000, 0.000000e+000, 0.000000e+000
 5.259500e-001,-2.683761e+003, 4.844722e+002, 2.617669e+003,-2.374296e+003,-5.460783e+001, 1.364154e+002,-2.521783e+003, 0.000000e+000, 0.000000e+000, 0.000000e+000
 5.260000e-001,-2.794460e+003, 5.620100e+002, 2.649373e+003,-2.429025e+003,-5.391927e+001, 1.373449e+002,-2.573987e+003, 0.000000e+000, 0.000000e+000, 0.000000e+000
 5.260500e-001,-2.653280e+003, 3.623900e+002, 2.688274e+003,-2.482559e+003,-5.354020e+001, 1.388739e+002,-2.625968e+003, 0.000000e+000, 0.000000e+000, 0.000000e+000
 5.261000e-001,-2.751748e+003, 4.292690e+002, 2.737496e+003,-2.535573e+003,-5.277532e+001, 1.396947e+002,-2.676299e+003, 0.000000e+000, 0.000000e+000, 0.000000e+000
 5.261500e-001,-2.619727e+003, 2.408016e+002, 2.754908e+003,-2.587302e+003,-5.239461e+001, 1.411239e+002,-2.726413e+003, 0.000000e+000, 0.000000e+000, 0.000000e+000
 5.262000e-001,-2.704516e+003, 2.949681e+002, 2.821681e+003,-2.638521e+003,-5.155845e+001, 1.418482e+002,-2.774804e+003, 0.000000e+000, 0.000000e+000, 0.000000e+000
 5.262500e-001,-2.582949e+003, 1.198353e+002, 2.817917e+003,-2.688380e+003,-5.117761e+001, 1.431595e+002,-2.822972e+003, 0.000000e+000, 0.000000e+000, 0.000000e+000
 5.263000e-001,-2.653033e+003, 1.593504e+002, 2.901369e+003,-2.737725e+003,-5.027585e+001, 1.437995e+002,-2.869361e+003, 0.000000e+000, 0.000000e+000, 0.000000e+000
 5.263500e-001,-2.542798e+003,-3.990956e-001, 2.877637e+003,-2.785649e+003,-4.989573e+001, 1.449756e+002,-2.915503e+003, 0.000000e+000, 0.000000e+000, 0.000000e+000
 5.264000e-001,-2.597572e+003, 2.267893e+001, 2.976036e+003,-2.833043e+003,-4.893467e+001, 1.455428e+002,-2.959832e+003, 0.000000e+000, 0.000000e+000, 0.000000e+000
 5.264500e-001,-2.499136e+003,-1.198111e+002, 2.934375e+003,-2.878973e+003,-4.855541e+001, 1.465679e+002,-3.003874e+003, 0.000000e+000, 0.000000e+000, 0.000000e+000
 5.265000e-001,-2.538399e+003,-1.147641e+002, 3.045208e+003,-2.924344e+003,-4.754195e+001, 1.470721e+002,-3.046086e+003, 0.000000e+000, 0.000000e+000, 0.000000e+000
 5.265500e-001,-2.451851e+003,-2.383294e+002, 2.988384e+003,-2.968219e+003,-4.716300e+001, 1.479330e+002,-3.087956e+003, 0.000000e+000, 0.000000e+000, 0.000000e+000
 5.266000e-001,-2.475764e+003,-2.526779e+002, 3.108486e+003,-3.011497e+003,-4.610457e+001, 1.483820e+002,-3.127998e+003, 0.000000e+000, 0.000000e+000, 0.000000e+000
 5.266500e-001,-2.400856e+003,-3.559021e+002, 3.039853e+003,-3.053261e+003,-4.572463e+001, 1.490680e+002,-3.167626e+003, 0.000000e+000, 0.000000e+000, 0.000000e+000
 5.267000e-001,-2.409896e+003,-3.907441e+002, 3.165554e+003,-3.094381e+003,-4.462915e+001, 1.494669e+002,-3.205448e+003, 0.000000e+000, 0.000000e+000, 0.000000e+000
 5.267500e-001,-2.346103e+003,-4.724952e+002, 3.088889e+003,-3.133979e+003,-4.424619e+001, 1.499709e+002,-3.242772e+003, 0.000000e+000, 0.000000e+000, 0.000000e+000
 5.268000e-001,-2.340993e+003,-5.286285e+002, 3.216196e+003,-3.172879e+003,-4.312192e+001, 1.503219e+002,-3.278325e+003, 0.000000e+000, 0.000000e+000, 0.000000e+000
 5.268500e-001,-2.287581e+003,-5.880916e+002, 3.135509e+003,-3.210257e+003,-4.273320e+001, 1.506400e+002,-3.313285e+003, 0.000000e+000, 0.000000e+000, 0.000000e+000
 5.269000e-001,-2.269225e+003,-6.659835e+002, 3.260298e+003,-3.246880e+003,-4.158866e+001, 1.509425e+002,-3.346521e+003, 0.000000e+000, 0.000000e+000, 0.000000e+000
 5.269500e-001,-2.225323e+003,-7.026890e+002, 3.179638e+003,-3.281987e+003,-4.119075e+001, 1.510746e+002,-3.379064e+003, 0.000000e+000, 0.000000e+000, 0.000000e+000
 5.270000e-001,-2.194725e+003,-8.024503e+002, 3.297854e+003,-3.316281e+003,-4.003460e+001, 1.513247e+002,-3.409938e+003, 0.000000e+000, 0.000000e+000, 0.000000e+000
 5.270500e-001,-2.159402e+003,-8.162971e+002, 3.221108e+003,-3.349067e+003,-3.962347e+001, 1.512742e+002,-3.440014e+003, 0.000000e+000, 0.000000e+000, 0.000000e+000
 5.271000e-001,-2.117597e+003,-9.376624e+002, 3.328958e+003,-3.380984e+003,-3.846439e+001, 1.514652e+002,-3.468484e+003, 0.000000e+000, 0.000000e+000, 0.000000e+000
 5.271500e-001,-2.089933e+003,-9.289344e+002, 3.259665e+003,-3.411403e+003,-3.803553e+001, 1.512392e+002,-3.496050e+003, 0.000000e+000, 0.000000e+000, 0.000000e+000
 5.272000e-001,-2.037914e+003,-1.071249e+003, 3.353802e+003,-3.440898e+003,-3.688207e+001, 1.513617e+002,-3.522073e+003, 0.000000e+000, 0.000000e+000, 0.000000e+000
 5.272500e-001,-2.017068e+003,-1.040625e+003, 3.294980e+003,-3.468904e+003,-3.643064e+001, 1.509699e+002,-3.547091e+003, 0.000000e+000, 0.000000e+000, 0.000000e+000
 5.273000e-001,-1.955724e+003,-1.202841e+003, 3.372657e+003,-3.495939e+003,-3.529111e+001, 1.510126e+002,-3.570629e+003, 0.000000e+000, 0.000000e+000, 0.000000e+000
 5.273500e-001,-1.940988e+003,-1.151393e+003, 3.326661e+003,-3.521488e+003,-3.481205e+001, 1.504672e+002,-3.593065e+003, 0.000000e+000, 0.000000e+000, 0.000000e+000
 5.274000e-001,-1.871060e+003,-1.332072e+003, 3.385862e+003,-3.546028e+003,-3.369437e+001, 1.504173e+002,-3.614082e+003, 0.000000e+000, 0.000000e+000, 0.000000e+000
 5.274500e-001,-1.861896e+003,-1.261261e+003, 3.354275e+003,-3.569082e+003,-3.318262e+001, 1.497323e+002,-3.633907e+003, 0.000000e+000, 0.000000e+000, 0.000000e+000
 5.275000e-001,-1.783942e+003,-1.458589e+003, 3.393802e+003,-3.591094e+003,-3.209412e+001, 1.495758e+002,-3.652370e+003, 0.000000e+000, 0.000000e+000, 0.000000e+000
 5.275500e-001,-1.780008e+003,-1.370240e+003, 3.377367e+003,-3.611616e+003,-3.154478e+001, 1.487664e+002,-3.669560e+003, 0.000000e+000, 0.000000e+000, 0.000000e+000
 5.276000e-001,-1.694393e+003,-1.582052e+003, 3.396886e+003,-3.631072e+003,-3.049204e+001, 1.484895e+002,-3.685439e+003, 0.000000e+000, 0.000000e+000, 0.000000e+000
 5.276500e-001,-1.695544e+003,-1.478333e+003, 3.395482e+003,-3.649029e+003,-2.990050e+001, 1.475711e+002,-3.699976e+003, 0.000000e+000, 0.000000e+000, 0.000000e+000
 5.277000e-001,-1.602441e+003,-1.702145e+003, 3.395523e+003,-3.665905e+003,-2.888921e+001, 1.471604e+002,-3.713243e+003, 0.000000e+000, 0.000000e+000, 0.000000e+000
 5.277500e-001,-1.608717e+003,-1.585519e+003, 3.408188e+003,-3.681268e+003,-2.825133e+001, 1.461479e+002,-3.725111e+003, 0.000000e+000, 0.000000e+000, 0.000000e+000
 5.278000e-001,-1.508134e+003,-1.818577e+003, 3.390105e+003,-3.695541e+003,-2.728606e+001, 1.455916e+002,-3.735744e+003, 0.000000e+000, 0.000000e+000, 0.000000e+000
 5.278500e-001,-1.519725e+003,-1.691760e+003, 3.415097e+003,-3.708286e+003,-2.659835e+001, 1.444991e+002,-3.744931e+003, 0.000000e+000, 0.000000e+000, 0.000000e+000
 5.279000e-001,-1.411546e+003,-1.931085e+003, 3.380979e+003,-3.719937e+003,-2.568248e+001, 1.437875e+002,-3.752911e+003, 0.000000e+000, 0.000000e+000, 0.000000e+000
 5.279500e-001,-1.428740e+003,-1.796990e+003, 3.415888e+003,-3.730043e+003,-2.494219e+001, 1.426268e+002,-3.759411e+003, 0.000000e+000, 0.000000e+000, 0.000000e+000
 5.280000e-001,-1.312782e+003,-2.039445e+003, 3.368432e+003,-3.739056e+003,-2.407781e+001, 1.417529e+002,-3.764723e+003, 0.000000e+000, 0.000000e+000, 0.000000e+000
 5.280500e-001,-1.335908e+003,-1.901114e+003, 3.410323e+003,-3.746508e+003,-2.328310e+001, 1.405338e+002,-3.768531e+003, 0.000000e+000, 0.000000e+000, 0.000000e+000
 5.281000e-001,-1.211987e+003,-2.143467e+003, 3.352677e+003,-3.752869e+003,-2.247091e+001, 1.394937e+002,-3.771165e+003, 0.000000e+000, 0.000000e+000, 0.000000e+000
 5.281500e-001,-1.241340e+003,-2.004004e+003, 3.398255e+003,-3.757656e+003,-2.162094e+001, 1.382231e+002,-3.772282e+003, 0.000000e+000, 0.000000e+000, 0.000000e+000
 5.282000e-001,-1.109344e+003,-2.242999e+003, 3.333841e+003,-3.761354e+003,-2.086032e+001, 1.370167e+002,-3.772231e+003, 0.000000e+000, 0.000000e+000, 0.000000e+000
 5.282500e-001,-1.145114e+003,-2.105504e+003, 3.379646e+003,-3.763471e+003,-1.995530e+001, 1.356985e+002,-3.770659e+003, 0.000000e+000, 0.000000e+000, 0.000000e+000
 5.283000e-001,-1.005074e+003,-2.337932e+003, 3.311957e+003,-3.764496e+003,-1.924429e+001, 1.343288e+002,-3.767922e+003, 0.000000e+000, 0.000000e+000, 0.000000e+000
 5.283500e-001,-1.047274e+003,-2.205425e+003, 3.354559e+003,-3.763944e+003,-1.828549e+001, 1.329638e+002,-3.763669e+003, 0.000000e+000, 0.000000e+000, 0.000000e+000
 5.284000e-001,-8.994362e+002,-2.428192e+003, 3.286970e+003,-3.762289e+003,-1.762088e+001, 1.314377e+002,-3.758248e+003, 0.000000e+000, 0.000000e+000, 0.000000e+000
 5.284500e-001,-9.478381e+002,-2.303546e+003, 3.323163e+003,-3.759070e+003,-1.661063e+001, 1.300237e+002,-3.751323e+003, 0.000000e+000, 0.000000e+000, 0.000000e+000
 5.285000e-001,-7.927150e+002,-2.513745e+003, 3.258737e+003,-3.754734e+003,-1.598802e+001, 1.283514e+002,-3.743226e+003, 0.000000e+000, 0.000000e+000, 0.000000e+000
 5.285500e-001,-8.468002e+002,-2.399623e+003, 3.285723e+003,-3.748857e+003,-1.492964e+001, 1.268836e+002,-3.733644e+003, 0.000000e+000, 0.000000e+000, 0.000000e+000
 5.286000e-001,-6.852171e+002,-2.594591e+003, 3.227037e+003,-3.741837e+003,-1.434359e+001, 1.250779e+002,-3.722881e+003, 0.000000e+000, 0.000000e+000, 0.000000e+000
 5.286500e-001,-7.441442e+002,-2.493384e+003, 3.242584e+003,-3.733315e+003,-1.324123e+001, 1.235492e+002,-3.710659e+003, 0.000000e+000, 0.000000e+000, 0.000000e+000
 5.287000e-001,-5.772581e+002,-2.670762e+003, 3.191592e+003,-3.723617e+003,-1.268539e+001, 1.216255e+002,-3.697244e+003, 0.000000e+000, 0.000000e+000, 0.000000e+000
 5.287500e-001,-6.398520e+002,-2.584540e+003, 3.194158e+003,-3.712466e+003,-1.154397e+001, 1.200273e+002,-3.682404e+003, 0.000000e+000, 0.000000e+000, 0.000000e+000
 5.288000e-001,-4.691519e+002,-2.742317e+003, 3.152080e+003,-3.700096e+003,-1.101125e+001, 1.180025e+002,-3.666355e+003, 0.000000e+000, 0.000000e+000, 0.000000e+000
 5.288500e-001,-5.339160e+002,-2.672787e+003, 3.140900e+003,-3.686337e+003,-9.836270e+000, 1.163254e+002,-3.648924e+003, 0.000000e+000, 0.000000e+000, 0.000000e+000
 5.289000e-001,-3.611986e+002,-2.809335e+003, 3.108157e+003,-3.671306e+003,-9.319057e+000, 1.142175e+002,-3.630263e+003, 0.000000e+000, 0.000000e+000, 0.000000e+000
 5.289500e-001,-4.263505e+002,-2.757812e+003, 3.083288e+003,-3.654962e+003,-8.116470e+000, 1.124516e+002,-3.610268e+003, 0.000000e+000, 0.000000e+000, 0.000000e+000
 5.290000e-001,-2.536727e+002,-2.871914e+003, 3.059487e+003,-3.637288e+003,-7.606823e+000, 1.102785e+002,-3.589020e+003, 0.000000e+000, 0.000000e+000, 0.000000e+000
 5.290500e-001,-3.172028e+002,-2.839298e+003, 3.021798e+003,-3.618384e+003,-6.382873e+000, 1.084149e+002,-3.566495e+003, 0.000000e+000, 0.000000e+000, 0.000000e+000
 5.291000e-001,-1.468129e+002,-2.930162e+003, 3.005756e+003,-3.598088e+003,-5.872751e+000, 1.061937e+002,-3.542689e+003, 0.000000e+000, 0.000000e+000, 0.000000e+000
 5.291500e-001,-2.065624e+002,-2.916929e+003, 2.956881e+003,-3.576652e+003,-4.633819e+000, 1.042246e+002,-3.517669e+003, 0.000000e+000, 0.000000e+000, 0.000000e+000
 5.292000e-001,-4.081329e+001,-2.984195e+003, 2.946701e+003,-3.553762e+003,-4.115291e+000, 1.019711e+002,-3.491337e+003, 0.000000e+000, 0.000000e+000, 0.000000e+000
 5.292500e-001,-9.456770e+001,-2.990398e+003, 2.888940e+003,-3.529823e+003,-2.867736e+000, 9.989081e+001,-3.463865e+003, 0.000000e+000, 0.000000e+000, 0.000000e+000
 5.293000e-001, 6.418309e+001,-3.034128e+003, 2.882128e+003,-3.504371e+003,-2.333182e+000, 9.761829e+001,-3.435042e+003, 0.000000e+000, 0.000000e+000, 0.000000e+000
 5.293500e-001, 1.858989e+001,-3.059412e+003, 2.818314e+003,-3.477963e+003,-1.083184e+000, 9.542379e+001,-3.405159e+003, 0.000000e+000, 0.000000e+000, 0.000000e+000
 5.294000e-001, 1.680870e+002,-3.080073e+003, 2.811929e+003,-3.449987e+003,-5.254778e-001, 9.314297e+001,-3.373885e+003, 0.000000e+000, 0.000000e+000, 0.000000e+000
 5.294500e-001, 1.326648e+002,-3.123695e+003, 2.745260e+003,-3.421142e+003, 7.211103e-001, 9.083419e+001,-3.341638e+003, 0.000000e+000, 0.000000e+000, 0.000000e+000
 5.295000e-001, 2.708633e+002,-3.122133e+003, 2.736093e+003,-3.390685e+003, 1.308443e+000, 8.855257e+001,-3.307957e+003, 0.000000e+000, 0.000000e+000, 0.000000e+000
 5.295500e-001, 2.473596e+002,-3.182994e+003, 2.669946e+003,-3.359439e+003, 2.546230e+000, 8.613276e+001,-3.273395e+003, 0.000000e+000, 0.000000e+000, 0.000000e+000
 5.296000e-001, 3.725271e+002,-3.160398e+003, 2.654714e+003,-3.326551e+003, 3.168869e+000, 8.385449e+001,-3.237352e+003, 0.000000e+000, 0.000000e+000, 0.000000e+000
 5.296500e-001, 3.623307e+002,-3.237082e+003, 2.592444e+003,-3.292942e+003, 4.393033e+000, 8.133028e+001,-3.200526e+003, 0.000000e+000, 0.000000e+000, 0.000000e+000
 5.297000e-001, 4.731368e+002,-3.194945e+003, 2.567993e+003,-3.257675e+003, 5.055744e+000, 7.905611e+001,-3.162173e+003, 0.000000e+000, 0.000000e+000, 0.000000e+000
 5.297500e-001, 4.771965e+002,-3.285762e+003, 2.512735e+003,-3.221743e+003, 6.262111e+000, 7.643737e+001,-3.123136e+003, 0.000000e+000, 0.000000e+000, 0.000000e+000
 5.298000e-001, 5.727851e+002,-3.225829e+003, 2.476231e+003,-3.184156e+003, 6.968652e+000, 7.416481e+001,-3.082529e+003, 0.000000e+000, 0.000000e+000, 0.000000e+000
 5.298500e-001, 5.915486e+002,-3.328870e+003, 2.430710e+003,-3.145944e+003, 8.153738e+000, 7.146438e+001,-3.041337e+003, 0.000000e+000, 0.000000e+000, 0.000000e+000
 5.299000e-001, 6.715864e+002,-3.253088e+003, 2.379822e+003,-3.106100e+003, 8.906790e+000, 6.918806e+001,-2.998533e+003, 0.000000e+000, 0.000000e+000, 0.000000e+000
 5.299500e-001, 7.049650e+002,-3.366272e+003, 2.346191e+003,-3.065653e+003, 1.006781e+001, 6.642119e+001,-2.955244e+003, 0.000000e+000, 0.000000e+000, 0.000000e+000
 5.300000e-001, 7.696635e+002,-3.276740e+003, 2.279234e+003,-3.023617e+003, 1.086894e+001, 6.413338e+001,-2.910307e+003, 0.000000e+000, 0.000000e+000, 0.000000e+000
 5.300500e-001, 8.170243e+002,-3.397871e+003, 2.258938e+003,-2.980984e+003, 1.200380e+001, 6.131709e+001,-2.864979e+003, 0.000000e+000, 0.000000e+000, 0.000000e+000
 5.301000e-001, 8.671339e+002,-3.296779e+003, 2.174994e+003,-2.936825e+003, 1.285347e+001, 5.900833e+001,-2.817976e+003, 0.000000e+000, 0.000000e+000, 0.000000e+000
 5.301500e-001, 9.273206e+002,-3.423598e+003, 2.168679e+003,-2.892059e+003, 1.396069e+001, 5.616072e+001,-2.770671e+003, 0.000000e+000, 0.000000e+000, 0.000000e+000
 5.302000e-001, 9.640949e+002,-3.313186e+003, 2.067663e+003,-2.845848e+003, 1.485829e+001, 5.382058e+001,-2.721671e+003, 0.000000e+000, 0.000000e+000, 0.000000e+000
 5.302500e-001, 1.035478e+003,-3.443419e+003, 2.075125e+003,-2.799006e+003, 1.593697e+001, 5.095996e+001,-2.672452e+003, 0.000000e+000, 0.000000e+000, 0.000000e+000
 5.303000e-001, 1.060611e+003,-3.325921e+003, 1.957813e+003,-2.750815e+003, 1.688091e+001, 4.857787e+001,-2.621528e+003, 0.000000e+000, 0.000000e+000, 0.000000e+000
 5.303500e-001, 1.141164e+003,-3.457326e+003, 1.978001e+003,-2.701959e+003, 1.793059e+001, 4.572197e+001,-2.570460e+003, 0.000000e+000, 0.000000e+000, 0.000000e+000
 5.304000e-001, 1.156701e+003,-3.334935e+003, 1.845999e+003,-2.651863e+003, 1.891841e+001, 4.328803e+001,-2.517690e+003, 0.000000e+000, 0.000000e+000, 0.000000e+000
 5.304500e-001, 1.244100e+003,-3.465338e+003, 1.877064e+003,-2.601059e+003, 1.993900e+001, 4.045317e+001,-2.464840e+003, 0.000000e+000, 0.000000e+000, 0.000000e+000
 5.305000e-001, 1.252330e+003,-3.340167e+003, 1.732740e+003,-2.549132e+003, 2.096747e+001, 3.795894e+001,-2.410302e+003, 0.000000e+000, 0.000000e+000, 0.000000e+000
 5.305500e-001, 1.344069e+003,-3.467492e+003, 1.772130e+003,-2.496451e+003, 2.195912e+001, 3.515933e+001,-2.355740e+003, 0.000000e+000, 0.000000e+000, 0.000000e+000
 5.306000e-001, 1.347404e+003,-3.341550e+003, 1.618493e+003,-2.442768e+003, 2.302442e+001, 3.259848e+001,-2.299515e+003, 0.000000e+000, 0.000000e+000, 0.000000e+000
 5.306500e-001, 1.440921e+003,-3.463847e+003, 1.663092e+003,-2.388287e+003, 2.398736e+001, 2.984555e+001,-2.243313e+003, 0.000000e+000, 0.000000e+000, 0.000000e+000
 5.307000e-001, 1.441763e+003,-3.339016e+003, 1.503641e+003,-2.332925e+003, 2.508518e+001, 2.721445e+001,-2.185485e+003, 0.000000e+000, 0.000000e+000, 0.000000e+000
 5.307500e-001, 1.534575e+003,-3.454471e+003, 1.549931e+003,-2.276723e+003, 2.601963e+001, 2.451642e+001,-2.127717e+003, 0.000000e+000, 0.000000e+000, 0.000000e+000
 5.308000e-001, 1.535188e+003,-3.332499e+003, 1.388474e+003,-2.219758e+003, 2.714530e+001, 2.181449e+001,-2.068370e+003, 0.000000e+000, 0.000000e+000, 0.000000e+000
 5.308500e-001, 1.625015e+003,-3.439446e+003, 1.432733e+003,-2.161922e+003, 2.805133e+001, 1.917605e+001,-2.009115e+003, 0.000000e+000, 0.000000e+000, 0.000000e+000
 5.309000e-001, 1.627398e+003,-3.321939e+003, 1.273187e+003,-2.103430e+003, 2.919994e+001, 1.640595e+001,-1.948335e+003, 0.000000e+000, 0.000000e+000, 0.000000e+000
 5.309500e-001, 1.712284e+003,-3.418859e+003, 1.311684e+003,-2.044048e+003, 3.007740e+001, 1.382820e+001,-1.887672e+003, 0.000000e+000, 0.000000e+000, 0.000000e+000
 5.310000e-001, 1.718067e+003,-3.307283e+003, 1.157874e+003,-1.984107e+003, 3.124385e+001, 1.099582e+001,-1.825547e+003, 0.000000e+000, 0.000000e+000, 0.000000e+000
 5.310500e-001, 1.796477e+003,-3.392802e+003, 1.187078e+003,-1.923273e+003, 3.209230e+001, 8.476378e+000,-1.763559e+003, 0.000000e+000, 0.000000e+000, 0.000000e+000
 5.311000e-001, 1.806829e+003,-3.288485e+003, 1.042537e+003,-1.861960e+003, 3.327140e+001, 5.590671e+000,-1.700176e+003, 0.000000e+000, 0.000000e+000, 0.000000e+000
 5.311500e-001, 1.877726e+003,-3.361372e+003, 1.059298e+003,-1.799770e+003, 3.409011e+001, 3.124006e+000,-1.636950e+003, 0.000000e+000, 0.000000e+000, 0.000000e+000
 5.312000e-001, 1.893295e+003,-3.265513e+003, 9.270932e+002,-1.737164e+003, 3.527658e+001, 1.965747e-001,-1.572399e+003, 0.000000e+000, 0.000000e+000, 0.000000e+000
 5.312500e-001, 1.956185e+003,-3.324669e+003, 9.288118e+002,-1.673715e+003, 3.606455e+001,-2.225478e+000,-1.508022e+003, 0.000000e+000, 0.000000e+000, 0.000000e+000
 5.313000e-001, 1.977066e+003,-3.238343e+003, 8.113905e+002,-1.609897e+003, 3.725301e+001,-5.180892e+000,-1.442393e+003, 0.000000e+000, 0.000000e+000, 0.000000e+000
 5.313500e-001, 2.032018e+003,-3.282800e+003, 7.961486e+002,-1.545292e+003, 3.800905e+001,-7.568483e+000,-1.376957e+003, 0.000000e+000, 0.000000e+000, 0.000000e+000
 5.314000e-001, 2.057753e+003,-3.206956e+003, 6.952280e+002,-1.480344e+003, 3.919406e+001,-1.053667e+001,-1.310339e+003, 0.000000e+000, 0.000000e+000, 0.000000e+000
 5.314500e-001, 2.105377e+003,-3.235877e+003, 6.618802e+002,-1.414682e+003, 3.991685e+001,-1.290118e+001,-1.243937e+003, 0.000000e+000, 0.000000e+000, 0.000000e+000
 5.315000e-001, 2.134993e+003,-3.171344e+003, 5.783771e+002,-1.348690e+003, 4.109279e+001,-1.586619e+001,-1.176422e+003, 0.000000e+000, 0.000000e+000, 0.000000e+000
 5.315500e-001, 2.176393e+003,-3.184019e+003, 5.265967e+002,-1.282073e+003, 4.178102e+001,-1.821943e+001,-1.109148e+003, 0.000000e+000, 0.000000e+000, 0.000000e+000
 5.316000e-001, 2.208459e+003,-3.131501e+003, 4.606053e+002,-1.215124e+003, 4.294209e+001,-2.116537e+001,-1.040829e+003, 0.000000e+000, 0.000000e+000, 0.000000e+000
 5.316500e-001, 2.245156e+003,-3.127358e+003, 3.908835e+002,-1.147654e+003, 4.359456e+001,-2.351876e+001,-9.727803e+002, 0.000000e+000, 0.000000e+000, 0.000000e+000
 5.317000e-001, 2.277882e+003,-3.087419e+003, 3.416986e+002,-1.079838e+003, 4.473470e+001,-2.643056e+001,-9.037501e+002, 0.000000e+000, 0.000000e+000, 0.000000e+000
 5.317500e-001, 2.311705e+003,-3.066041e+003, 2.552973e+002,-1.011615e+003, 4.535042e+001,-2.879437e+001,-8.350233e+002, 0.000000e+000, 0.000000e+000, 0.000000e+000
 5.318000e-001, 2.343053e+003,-3.039093e+003, 2.214837e+002,-9.430270e+002, 4.646325e+001,-3.165845e+001,-7.653761e+002, 0.000000e+000, 0.000000e+000, 0.000000e+000
 5.318500e-001, 2.376021e+003,-3.000228e+003, 1.203466e+002,-8.741512e+002, 4.704159e+001,-3.404114e+001,-6.960703e+002, 0.000000e+000, 0.000000e+000, 0.000000e+000
 5.319000e-001, 2.403838e+003,-2.986510e+003, 9.984566e+001,-8.048876e+002, 4.812040e+001,-3.684600e+001,-6.259016e+002, 0.000000e+000, 0.000000e+000, 0.000000e+000
 5.319500e-001, 2.438020e+003,-2.930096e+003,-1.352641e+001,-7.354568e+002, 4.866111e+001,-3.925361e+001,-5.561160e+002, 0.000000e+000, 0.000000e+000, 0.000000e+000
 5.320000e-001, 2.460174e+003,-2.929656e+003,-2.325683e+001,-6.656180e+002, 4.969888e+001,-4.199028e+001,-4.855225e+002, 0.000000e+000, 0.000000e+000, 0.000000e+000
 5.320500e-001, 2.497553e+003,-2.855843e+003,-1.459580e+002,-5.957284e+002, 5.020218e+001,-4.442608e+001,-4.153565e+002, 0.000000e+000, 0.000000e+000, 0.000000e+000
 5.321000e-001, 2.512075e+003,-2.868510e+003,-1.477825e+002,-5.254177e+002, 5.119157e+001,-4.708836e+001,-3.444362e+002, 0.000000e+000, 0.000000e+000, 0.000000e+000
 5.321500e-001, 2.554410e+003,-2.777681e+003,-2.766706e+002,-4.551642e+002, 5.165817e+001,-4.955260e+001,-2.739893e+002, 0.000000e+000, 0.000000e+000, 0.000000e+000
 5.322000e-001, 2.559624e+003,-2.803046e+003,-2.736029e+002,-3.844875e+002, 5.259166e+001,-5.213715e+001,-2.028412e+002, 0.000000e+000, 0.000000e+000, 0.000000e+000
 5.322500e-001, 2.608323e+003,-2.695842e+003,-4.054744e+002,-3.139635e+002, 5.302275e+001,-5.462704e+001,-1.322130e+002, 0.000000e+000, 0.000000e+000, 0.000000e+000
 5.323000e-001, 2.602961e+003,-2.733236e+003,-4.005038e+002,-2.430288e+002, 5.389269e+001,-5.713327e+001,-6.093728e+001, 0.000000e+000, 0.000000e+000, 0.000000e+000
 5.323500e-001, 2.658984e+003,-2.610566e+003,-5.322643e+002,-1.723264e+002, 5.428989e+001,-5.964312e+001, 9.773106e+000, 0.000000e+000, 0.000000e+000, 0.000000e+000
 5.324000e-001, 2.642278e+003,-2.659052e+003,-5.281911e+002,-1.012434e+002, 5.508870e+001,-6.207297e+001, 8.107531e+001, 0.000000e+000, 0.000000e+000, 0.000000e+000
 5.324500e-001, 2.706050e+003,-2.522107e+003,-6.570115e+002,-3.045376e+001, 5.545393e+001,-6.459451e+001, 1.517690e+002, 0.000000e+000, 0.000000e+000, 0.000000e+000
 5.325000e-001, 2.677799e+003,-2.580469e+003,-6.563027e+002, 4.066679e+001, 5.617426e+001,-6.695200e+001, 2.229959e+002, 0.000000e+000, 0.000000e+000, 0.000000e+000
 5.325500e-001, 2.749166e+003,-2.430723e+003,-7.797506e+002, 1.114530e+002, 5.650966e+001,-6.947485e+001, 2.935744e+002, 0.000000e+000, 0.000000e+000, 0.000000e+000
 5.326000e-001, 2.709767e+003,-2.497473e+003,-7.844222e+002, 1.825002e+002, 5.714457e+001,-7.176562e+001, 3.646236e+002, 0.000000e+000, 0.000000e+000, 0.000000e+000
 5.326500e-001, 2.787975e+003,-2.336671e+003,-9.005641e+002, 2.531922e+002, 5.745236e+001,-7.427788e+001, 4.349890e+002, 0.000000e+000, 0.000000e+000, 0.000000e+000
 5.327000e-001, 2.738423e+003,-2.410059e+003,-9.120977e+002, 3.240559e+002, 5.799551e+001,-7.650851e+001, 5.057578e+002, 0.000000e+000, 0.000000e+000, 0.000000e+000
 5.327500e-001, 2.822144e+003,-2.240204e+003,-1.019564e+003, 3.945627e+002, 5.827782e+001,-7.899735e+001, 5.758126e+002, 0.000000e+000, 0.000000e+000, 0.000000e+000
 5.328000e-001, 2.763994e+003,-2.318244e+003,-1.038860e+003, 4.651334e+002, 5.872367e+001,-8.117479e+001, 6.461982e+002, 0.000000e+000, 0.000000e+000, 0.000000e+000
 5.328500e-001, 2.851371e+003,-2.141563e+003,-1.136874e+003, 5.353633e+002, 5.898241e+001,-8.362715e+001, 7.158452e+002, 0.000000e+000, 0.000000e+000, 0.000000e+000
 5.329000e-001, 2.786674e+003,-2.222066e+003,-1.164243e+003, 6.055338e+002, 5.932643e+001,-8.575803e+001, 7.857454e+002, 0.000000e+000, 0.000000e+000, 0.000000e+000
 5.329500e-001, 2.875407e+003,-2.040975e+003,-1.252608e+003, 6.753938e+002, 5.956313e+001,-8.816119e+001, 8.548879e+002, 0.000000e+000, 0.000000e+000, 0.000000e+000
 5.330000e-001, 2.806611e+003,-2.121590e+003,-1.287800e+003, 7.450591e+002, 5.980194e+001,-9.025128e+001, 9.242007e+002, 0.000000e+000, 0.000000e+000, 0.000000e+000
 5.330500e-001, 2.894066e+003,-1.938647e+003,-1.366856e+003, 8.144550e+002, 6.001766e+001,-9.259344e+001, 9.927427e+002, 0.000000e+000, 0.000000e+000, 0.000000e+000
 5.331000e-001, 2.823897e+003,-2.016911e+003,-1.409123e+003, 8.835130e+002, 6.014915e+001,-9.464708e+001, 1.061367e+003, 0.000000e+000, 0.000000e+000, 0.000000e+000
 5.331500e-001, 2.907233e+003,-1.834763e+003,-1.479671e+003, 9.523490e+002, 6.034440e+001,-9.691786e+001, 1.129213e+003, 0.000000e+000, 0.000000e+000, 0.000000e+000
 5.332000e-001, 2.838560e+003,-1.908160e+003,-1.527854e+003, 1.020701e+003, 6.036786e+001,-9.893756e+001, 1.197049e+003, 0.000000e+000, 0.000000e+000, 0.000000e+000
 5.332500e-001, 2.914871e+003,-1.729480e+003,-1.591051e+003, 1.088880e+003, 6.054250e+001,-1.011284e+002, 1.264103e+003, 0.000000e+000, 0.000000e+000, 0.000000e+000
 5.333000e-001, 2.850561e+003,-1.795499e+003,-1.643696e+003, 1.156430e+003, 6.045864e+001,-1.031146e+002, 1.331053e+003, 0.000000e+000, 0.000000e+000, 0.000000e+000
 5.333500e-001, 2.917025e+003,-1.622928e+003,-1.700940e+003, 1.223853e+003, 6.061191e+001,-1.052188e+002, 1.397220e+003, 0.000000e+000, 0.000000e+000, 0.000000e+000
 5.334000e-001, 2.859792e+003,-1.679126e+003,-1.756416e+003, 1.290509e+003, 6.042289e+001,-1.071697e+002, 1.463187e+003, 0.000000e+000, 0.000000e+000, 0.000000e+000
 5.334500e-001, 2.913814e+003,-1.515212e+003,-1.809220e+003, 1.357076e+003, 6.055334e+001,-1.091829e+002, 1.528373e+003, 0.000000e+000, 0.000000e+000, 0.000000e+000
 5.335000e-001, 2.866084e+003,-1.559274e+003,-1.865851e+003, 1.422751e+003, 6.026272e+001,-1.110945e+002, 1.593261e+003, 0.000000e+000, 0.000000e+000, 0.000000e+000
 5.335500e-001, 2.905431e+003,-1.406407e+003,-1.915712e+003, 1.488361e+003, 6.036834e+001,-1.130142e+002, 1.657374e+003, 0.000000e+000, 0.000000e+000, 0.000000e+000
 5.336000e-001, 2.869210e+003,-1.436207e+003,-1.971898e+003, 1.552969e+003, 5.998099e+001,-1.148806e+002, 1.721091e+003, 0.000000e+000, 0.000000e+000, 0.000000e+000
 5.336500e-001, 2.892130e+003,-1.296567e+003,-2.020185e+003, 1.617521e+003, 6.005921e+001,-1.167062e+002, 1.784036e+003, 0.000000e+000, 0.000000e+000, 0.000000e+000
 5.337000e-001, 2.868900e+003,-1.310217e+003,-2.074514e+003, 1.680981e+003, 5.958117e+001,-1.185197e+002, 1.846490e+003, 0.000000e+000, 0.000000e+000, 0.000000e+000
 5.337500e-001, 2.874216e+003,-1.185722e+003,-2.122363e+003, 1.744374e+003, 5.962901e+001,-1.202521e+002, 1.908177e+003, 0.000000e+000, 0.000000e+000, 0.000000e+000
 5.338000e-001, 2.864850e+003,-1.181621e+003,-2.173703e+003, 1.806606e+003, 5.906737e+001,-1.220036e+002, 1.969281e+003, 0.000000e+000, 0.000000e+000, 0.000000e+000
 5.338500e-001, 2.852029e+003,-1.073889e+003,-2.221935e+003, 1.868740e+003, 5.908152e+001,-1.236451e+002, 2.029618e+003, 0.000000e+000, 0.000000e+000, 0.000000e+000
 5.339000e-001, 2.856744e+003,-1.050755e+003,-2.269503e+003, 1.929668e+003, 5.844422e+001,-1.253247e+002, 2.089284e+003, 0.000000e+000, 0.000000e+000, 0.000000e+000
 5.339500e-001, 2.825928e+003,-9.610668e+002,-2.318572e+003, 1.990444e+003, 5.842120e+001,-1.268781e+002, 2.148183e+003, 0.000000e+000, 0.000000e+000, 0.000000e+000
 5.340000e-001, 2.844264e+003,-9.179717e+002,-2.361973e+003, 2.049993e+003, 5.771681e+001,-1.284754e+002, 2.206328e+003, 0.000000e+000, 0.000000e+000, 0.000000e+000
 5.340500e-001, 2.796277e+003,-8.472509e+002,-2.411939e+003, 2.109314e+003, 5.765311e+001,-1.299438e+002, 2.263701e+003, 0.000000e+000, 0.000000e+000, 0.000000e+000
 5.341000e-001, 2.827108e+003,-7.836313e+002,-2.451179e+003, 2.167411e+003, 5.689065e+001,-1.314487e+002, 2.320243e+003, 0.000000e+000, 0.000000e+000, 0.000000e+000
 5.341500e-001, 2.763425e+003,-7.324313e+002,-2.501714e+003, 2.225185e+003, 5.678287e+001,-1.328349e+002, 2.376003e+003, 0.000000e+000, 0.000000e+000, 0.000000e+000
 5.342000e-001, 2.805010e+003,-6.480978e+002,-2.537177e+003, 2.281757e+003, 5.597160e+001,-1.342378e+002, 2.430865e+003, 0.000000e+000, 0.000000e+000, 0.000000e+000
 5.342500e-001, 2.727692e+003,-6.166006e+002,-2.587596e+003, 2.337892e+003, 5.581656e+001,-1.355441e+002, 2.484928e+003, 0.000000e+000, 0.000000e+000, 0.000000e+000
 5.343000e-001, 2.777749e+003,-5.117340e+002,-2.620002e+003, 2.392868e+003, 5.496575e+001,-1.368366e+002, 2.538033e+003, 0.000000e+000, 0.000000e+000, 0.000000e+000
 5.343500e-001, 2.689356e+003,-4.997580e+002,-2.669323e+003, 2.447279e+003, 5.476064e+001,-1.380641e+002, 2.590317e+003, 0.000000e+000, 0.000000e+000, 0.000000e+000
 5.344000e-001, 2.745165e+003,-3.748961e+002,-2.699658e+003, 2.500587e+003, 5.387941e+001,-1.392393e+002, 2.641593e+003, 0.000000e+000, 0.000000e+000, 0.000000e+000
 5.344500e-001, 2.648640e+003,-3.819127e+002,-2.746679e+003, 2.553192e+003, 5.362188e+001,-1.403879e+002, 2.692017e+003, 0.000000e+000, 0.000000e+000, 0.000000e+000
 5.345000e-001, 2.707168e+003,-2.379295e+002,-2.776107e+003, 2.604762e+003, 5.271899e+001,-1.414404e+002, 2.741393e+003, 0.000000e+000, 0.000000e+000, 0.000000e+000
 5.345500e-001, 2.605704e+003,-2.630880e+002,-2.819504e+003, 2.655483e+003, 5.240720e+001,-1.425085e+002, 2.789880e+003, 0.000000e+000, 0.000000e+000, 0.000000e+000
 5.346000e-001, 2.663745e+003,-1.011656e+002,-2.849266e+003, 2.705243e+003, 5.149094e+001,-1.434352e+002, 2.837291e+003, 0.000000e+000, 0.000000e+000, 0.000000e+000
 5.346500e-001, 2.560642e+003,-1.433237e+002,-2.887694e+003, 2.754010e+003, 5.112366e+001,-1.444193e+002, 2.883765e+003, 0.000000e+000, 0.000000e+000, 0.000000e+000
 5.347000e-001, 2.614963e+003, 3.508128e+001,-2.919004e+003, 2.801890e+003, 5.020171e+001,-1.452190e+002, 2.929146e+003, 0.000000e+000, 0.000000e+000, 0.000000e+000
 5.347500e-001, 2.513474e+003,-2.267748e+001,-2.951204e+003, 2.848635e+003, 4.977827e+001,-1.461144e+002, 2.973534e+003, 0.000000e+000, 0.000000e+000, 0.000000e+000
 5.348000e-001, 2.560969e+003, 1.705152e+002,-2.985143e+003, 2.894564e+003, 4.885765e+001,-1.467877e+002, 3.016825e+003, 0.000000e+000, 0.000000e+000, 0.000000e+000
 5.348500e-001, 2.464158e+003, 9.877368e+001,-3.010045e+003, 2.939225e+003, 4.837797e+001,-1.475880e+002, 3.059058e+003, 0.000000e+000, 0.000000e+000, 0.000000e+000
 5.349000e-001, 2.501985e+003, 3.048600e+002,-3.047465e+003, 2.983133e+003, 4.746494e+001,-1.481374e+002, 3.100202e+003, 0.000000e+000, 0.000000e+000, 0.000000e+000
 5.349500e-001, 2.412586e+003, 2.209339e+002,-3.064277e+003, 3.025655e+003, 4.692951e+001,-1.488352e+002, 3.140213e+003, 0.000000e+000, 0.000000e+000, 0.000000e+000
 5.350000e-001, 2.438305e+003, 4.378592e+002,-3.105720e+003, 3.067472e+003, 4.602958e+001,-1.492644e+002, 3.179154e+003, 0.000000e+000, 0.000000e+000, 0.000000e+000
 5.350500e-001, 2.358596e+003, 3.436888e+002,-3.113999e+003, 3.107802e+003, 4.543938e+001,-1.498516e+002, 3.216882e+003, 0.000000e+000, 0.000000e+000, 0.000000e+000
 5.351000e-001, 2.370278e+003, 5.692755e+002,-3.159634e+003, 3.147461e+003, 4.455729e+001,-1.501656e+002, 3.253568e+003, 0.000000e+000, 0.000000e+000, 0.000000e+000
 5.351500e-001, 2.301985e+003, 4.669068e+002,-3.159341e+003, 3.185553e+003, 4.391373e+001,-1.506334e+002, 3.288953e+003, 0.000000e+000, 0.000000e+000, 0.000000e+000
 5.352000e-001, 2.298301e+003, 6.988899e+002,-3.208923e+003, 3.222987e+003, 4.305349e+001,-1.508380e+002, 3.323336e+003, 0.000000e+000, 0.000000e+000, 0.000000e+000
 5.352500e-001, 2.242520e+003, 5.904411e+002,-3.200448e+003, 3.258797e+003, 4.235833e+001,-1.511777e+002, 3.356323e+003, 0.000000e+000, 0.000000e+000, 0.000000e+000
 5.353000e-001, 2.222801e+003, 8.265002e+002,-3.253304e+003, 3.293941e+003, 4.152321e+001,-1.512788e+002, 3.388356e+003, 0.000000e+000, 0.000000e+000, 0.000000e+000
 5.353500e-001, 2.179956e+003, 7.141311e+002,-3.237468e+003, 3.327430e+003, 4.077848e+001,-1.514824e+002, 3.418895e+003, 0.000000e+000, 0.000000e+000, 0.000000e+000
 5.354000e-001, 2.144220e+003, 9.519196e+002,-3.292512e+003, 3.360225e+003, 3.997108e+001,-1.514859e+002, 3.448534e+003, 0.000000e+000, 0.000000e+000, 0.000000e+000
 5.354500e-001, 2.114047e+003, 8.378047e+002,-3.270541e+003, 3.391356e+003, 3.917899e+001,-1.515461e+002, 3.476580e+003, 0.000000e+000, 0.000000e+000, 0.000000e+000
 5.355000e-001, 2.063000e+003, 1.074975e+003,-3.326309e+003, 3.421743e+003, 3.840126e+001,-1.514572e+002, 3.503784e+003, 0.000000e+000, 0.000000e+000, 0.000000e+000
 5.355500e-001, 2.044570e+003, 9.612803e+002,-3.299783e+003, 3.450484e+003, 3.756415e+001,-1.513682e+002, 3.529296e+003, 0.000000e+000, 0.000000e+000, 0.000000e+000
 5.356000e-001, 1.979562e+003, 1.195506e+003,-3.354500e+003, 3.478410e+003, 3.681743e+001,-1.511914e+002, 3.554026e+003, 0.000000e+000, 0.000000e+000, 0.000000e+000
 5.356500e-001, 1.971333e+003, 1.084368e+003,-3.325282e+003, 3.504728e+003, 3.593769e+001,-1.509490e+002, 3.576969e+003, 0.000000e+000, 0.000000e+000, 0.000000e+000
 5.357000e-001, 1.894296e+003, 1.313364e+003,-3.376936e+003, 3.530144e+003, 3.522275e+001,-1.506873e+002, 3.599187e+003, 0.000000e+000, 0.000000e+000, 0.000000e+000
 5.357500e-001, 1.894196e+003, 1.206871e+003,-3.347081e+003, 3.554010e+003, 3.430282e+001,-1.502893e+002, 3.619530e+003, 0.000000e+000, 0.000000e+000, 0.000000e+000
 5.358000e-001, 1.807545e+003, 1.428410e+003,-3.393528e+003, 3.576874e+003, 3.361986e+001,-1.499445e+002, 3.639203e+003, 0.000000e+000, 0.000000e+000, 0.000000e+000
 5.358500e-001, 1.813075e+003, 1.328586e+003,-3.365179e+003, 3.598260e+003, 3.266216e+001,-1.493907e+002, 3.656921e+003, 0.000000e+000, 0.000000e+000, 0.000000e+000
 5.359000e-001, 1.719594e+003, 1.540518e+003,-3.404248e+003, 3.618532e+003, 3.201083e+001,-1.489630e+002, 3.674016e+003, 0.000000e+000, 0.000000e+000, 0.000000e+000
 5.359500e-001, 1.727959e+003, 1.449304e+003,-3.379527e+003, 3.637411e+003, 3.101782e+001,-1.482556e+002, 3.689090e+003, 0.000000e+000, 0.000000e+000, 0.000000e+000
 5.360000e-001, 1.630662e+003, 1.649571e+003,-3.409128e+003, 3.655061e+003, 3.039723e+001,-1.477435e+002, 3.703579e+003, 0.000000e+000, 0.000000e+000, 0.000000e+000
 5.360500e-001, 1.638912e+003, 1.568812e+003,-3.390026e+003, 3.671406e+003, 2.937138e+001,-1.468866e+002, 3.715993e+003, 0.000000e+000, 0.000000e+000, 0.000000e+000
 5.361000e-001, 1.540897e+003, 1.755466e+003,-3.408264e+003, 3.686409e+003, 2.878008e+001,-1.462874e+002, 3.727849e+003, 0.000000e+000, 0.000000e+000, 0.000000e+000
 5.361500e-001, 1.546077e+003, 1.686889e+003,-3.396533e+003, 3.700195e+003, 2.772394e+001,-1.452872e+002, 3.737594e+003, 0.000000e+000, 0.000000e+000, 0.000000e+000
 5.362000e-001, 1.450377e+003, 1.858109e+003,-3.401806e+003, 3.712530e+003, 2.715989e+001,-1.445966e+002, 3.746794e+003, 0.000000e+000, 0.000000e+000, 0.000000e+000
 5.362500e-001, 1.449674e+003, 1.803307e+003,-3.398867e+003, 3.723734e+003, 2.607609e+001,-1.434614e+002, 3.753863e+003, 0.000000e+000, 0.000000e+000, 0.000000e+000
 5.363000e-001, 1.359106e+003, 1.957424e+003,-3.389952e+003, 3.733388e+003, 2.553669e+001,-1.426743e+002, 3.760388e+003, 0.000000e+000, 0.000000e+000, 0.000000e+000
 5.363500e-001, 1.349997e+003, 1.917831e+003,-3.396816e+003, 3.741987e+003, 2.442804e+001,-1.414133e+002, 3.764781e+003, 0.000000e+000, 0.000000e+000, 0.000000e+000
 5.364000e-001, 1.267028e+003, 2.053346e+003,-3.372939e+003, 3.748952e+003, 2.391009e+001,-1.405238e+002, 3.768615e+003, 0.000000e+000, 0.000000e+000, 0.000000e+000
 5.364500e-001, 1.247406e+003, 2.030219e+003,-3.390149e+003, 3.754925e+003, 2.277956e+001,-1.391478e+002, 3.770333e+003, 0.000000e+000, 0.000000e+000, 0.000000e+000
 5.365000e-001, 1.174029e+003, 2.145827e+003,-3.351033e+003, 3.759199e+003, 2.227928e+001,-1.381499e+002, 3.771464e+003, 0.000000e+000, 0.000000e+000, 0.000000e+000
 5.365500e-001, 1.142314e+003, 2.140221e+003,-3.378628e+003, 3.762529e+003, 2.113007e+001,-1.366701e+002, 3.770515e+003, 0.000000e+000, 0.000000e+000, 0.000000e+000
 5.366000e-001, 1.079954e+003, 2.234835e+003,-3.324512e+003, 3.764115e+003, 2.064311e+001,-1.355577e+002, 3.768936e+003, 0.000000e+000, 0.000000e+000, 0.000000e+000
 5.366500e-001, 1.035178e+003, 2.247578e+003,-3.362020e+003, 3.764784e+003, 1.947869e+001,-1.339854e+002, 3.765328e+003, 0.000000e+000, 0.000000e+000, 0.000000e+000
 5.367000e-001, 9.846173e+002, 2.320354e+003,-3.293657e+003, 3.763690e+003, 1.900015e+001,-1.327531e+002, 3.761037e+003, 0.000000e+000, 0.000000e+000, 0.000000e+000
 5.367500e-001, 9.264775e+002, 2.352023e+003,-3.340110e+003, 3.761685e+003, 1.782423e+001,-1.310997e+002, 3.754782e+003, 0.000000e+000, 0.000000e+000, 0.000000e+000
 5.368000e-001, 8.878202e+002, 2.402382e+003,-3.258739e+003, 3.757923e+003, 1.734874e+001,-1.297430e+002, 3.747782e+003, 0.000000e+000, 0.000000e+000, 0.000000e+000
 5.368500e-001, 8.167050e+002, 2.453285e+003,-3.312715e+003, 3.753235e+003, 1.616528e+001,-1.280190e+002, 3.738894e+003, 0.000000e+000, 0.000000e+000, 0.000000e+000
 5.369000e-001, 7.893659e+002, 2.480932e+003,-3.220004e+003, 3.746820e+003, 1.568705e+001,-1.265346e+002, 3.729194e+003, 0.000000e+000, 0.000000e+000, 0.000000e+000
 5.369500e-001, 7.063443e+002, 2.551086e+003,-3.279692e+003, 3.739444e+003, 1.450023e+001,-1.247495e+002, 3.717691e+003, 0.000000e+000, 0.000000e+000, 0.000000e+000
 5.370000e-001, 6.890765e+002, 2.556033e+003,-3.177668e+003, 3.730395e+003, 1.401313e+001,-1.231360e+002, 3.705304e+003, 0.000000e+000, 0.000000e+000, 0.000000e+000
 5.370500e-001, 5.958558e+002, 2.645148e+003,-3.240951e+003, 3.720330e+003, 1.282731e+001,-1.212980e+002, 3.691203e+003, 0.000000e+000, 0.000000e+000, 0.000000e+000
 5.371000e-001, 5.868083e+002, 2.627720e+003,-3.131904e+003, 3.708668e+003, 1.232500e+001,-1.195557e+002, 3.676149e+003, 0.000000e+000, 0.000000e+000, 0.000000e+000
 5.371500e-001, 4.856613e+002, 2.735189e+003,-3.196458e+003, 3.695919e+003, 1.114466e+001,-1.176715e+002, 3.659472e+003, 0.000000e+000, 0.000000e+000, 0.000000e+000
 5.372000e-001, 4.824655e+002, 2.696040e+003,-3.082838e+003, 3.681668e+003, 1.062071e+001,-1.158026e+002, 3.641775e+003, 0.000000e+000, 0.000000e+000, 0.000000e+000
 5.372500e-001, 3.761306e+002, 2.820935e+003,-3.146241e+003, 3.666245e+003, 9.450344e+000,-1.138770e+002, 3.622544e+003, 0.000000e+000, 0.000000e+000, 0.000000e+000
 5.373000e-001, 3.760125e+002, 2.761044e+003,-3.030546e+003, 3.649429e+003, 8.898360e+000,-1.118861e+002, 3.602235e+003, 0.000000e+000, 0.000000e+000, 0.000000e+000
 5.373500e-001, 2.675704e+002, 2.902115e+003,-3.090391e+003, 3.631350e+003, 7.742415e+000,-1.099223e+002, 3.580475e+003, 0.000000e+000, 0.000000e+000, 0.000000e+000
 5.374000e-001, 2.674821e+002, 2.822785e+003,-2.975056e+003, 3.611996e+003, 7.156191e+000,-1.078157e+002, 3.557588e+003, 0.000000e+000, 0.000000e+000, 0.000000e+000
 5.374500e-001, 1.602173e+002, 2.978472e+003,-3.029063e+003, 3.591282e+003, 6.018962e+000,-1.058150e+002, 3.533327e+003, 0.000000e+000, 0.000000e+000, 0.000000e+000
 5.375000e-001, 1.569819e+002, 2.881313e+003,-2.916348e+003, 3.569417e+003, 5.392621e+000,-1.036010e+002, 3.507903e+003, 0.000000e+000, 0.000000e+000, 0.000000e+000
 5.375500e-001, 5.423263e+001, 3.049762e+003,-2.962465e+003, 3.546098e+003, 4.278145e+000,-1.015634e+002, 3.481170e+003, 0.000000e+000, 0.000000e+000, 0.000000e+000
 5.376000e-001, 4.469557e+001, 2.936676e+003,-2.854359e+003, 3.521752e+003, 3.606299e+000,-9.925186e+001, 3.453251e+003, 0.000000e+000, 0.000000e+000, 0.000000e+000
 5.376500e-001,-5.029791e+001, 3.115758e+003,-2.890858e+003, 3.495864e+003, 2.518253e+000,-9.717568e+001, 3.424079e+003, 0.000000e+000, 0.000000e+000, 0.000000e+000
 5.377000e-001,-6.911779e+001, 2.988910e+003,-2.788996e+003, 3.469066e+003, 1.796137e+000,-9.477785e+001, 3.393715e+003, 0.000000e+000, 0.000000e+000, 0.000000e+000
 5.377500e-001,-1.533614e+002, 3.176258e+003,-2.814543e+003, 3.440648e+003, 7.377371e-001,-9.266061e+001, 3.362139e+003, 0.000000e+000, 0.000000e+000, 0.000000e+000
 5.378000e-001,-1.841292e+002, 3.038040e+003,-2.720141e+003, 3.411431e+003,-3.864437e-002,-9.018846e+001, 3.329379e+003, 0.000000e+000, 0.000000e+000, 0.000000e+000
 5.378500e-001,-2.550116e+002, 3.231083e+003,-2.733848e+003, 3.380532e+003,-1.064736e+000,-8.802697e+001, 3.295439e+003, 0.000000e+000, 0.000000e+000, 0.000000e+000
 5.379000e-001,-2.999482e+002, 3.084077e+003,-2.647668e+003, 3.348927e+003,-1.898490e+000,-8.549299e+001, 3.260339e+003, 0.000000e+000, 0.000000e+000, 0.000000e+000
 5.379500e-001,-3.553591e+002, 3.280084e+003,-2.649119e+003, 3.315600e+003,-2.890247e+000,-8.328379e+001, 3.224077e+003, 0.000000e+000, 0.000000e+000, 0.000000e+000
 5.380000e-001,-4.161335e+002, 3.127013e+003,-2.571450e+003, 3.281643e+003,-3.783482e+000,-8.070043e+001, 3.186693e+003, 0.000000e+000, 0.000000e+000, 0.000000e+000
 5.380500e-001,-4.545596e+002, 3.323146e+003,-2.560701e+003, 3.245945e+003,-4.739578e+000,-7.844025e+001, 3.148155e+003, 0.000000e+000, 0.000000e+000, 0.000000e+000
 5.381000e-001,-5.322073e+002, 3.166820e+003,-2.491378e+003, 3.209673e+003,-5.693312e+000,-7.581947e+001, 3.108546e+003, 0.000000e+000, 0.000000e+000, 0.000000e+000
 5.381500e-001,-5.527999e+002, 3.360182e+003,-2.468932e+003, 3.171665e+003,-6.613173e+000,-7.350562e+001, 3.067784e+003, 0.000000e+000, 0.000000e+000, 0.000000e+000
 5.382000e-001,-6.476702e+002, 3.203446e+003,-2.407369e+003, 3.133119e+003,-7.627271e+000,-7.085844e+001, 3.026011e+003, 0.000000e+000, 0.000000e+000, 0.000000e+000
 5.382500e-001,-6.502817e+002, 3.391147e+003,-2.374125e+003, 3.092868e+003,-8.511103e+000,-6.848915e+001, 2.983079e+003, 0.000000e+000, 0.000000e+000, 0.000000e+000
 5.383000e-001,-7.620170e+002, 3.236820e+003,-2.319380e+003, 3.052091e+003,-9.584230e+000,-6.582526e+001, 2.939204e+003, 0.000000e+000, 0.000000e+000, 0.000000e+000
 5.383500e-001,-7.472067e+002, 3.416027e+003,-2.276560e+003, 3.009664e+003,-1.043302e+001,-6.340009e+001, 2.894161e+003, 0.000000e+000, 0.000000e+000, 0.000000e+000
 5.384000e-001,-8.747536e+002, 3.266845e+003,-2.227415e+003, 2.966703e+003,-1.156264e+001,-6.072754e+001, 2.848249e+003, 0.000000e+000, 0.000000e+000, 0.000000e+000
 5.384500e-001,-8.437602e+002, 3.434846e+003,-2.176476e+003, 2.922173e+003,-1.237814e+001,-5.824748e+001, 2.801157e+003, 0.000000e+000, 0.000000e+000, 0.000000e+000
 5.385000e-001,-9.854124e+002, 3.293404e+003,-2.131534e+003, 2.877080e+003,-1.356052e+001,-5.557245e+001, 2.753273e+003, 0.000000e+000, 0.000000e+000, 0.000000e+000
 5.385500e-001,-9.400967e+002, 3.447663e+003,-2.074061e+003, 2.830519e+003,-1.434519e+001,-5.304018e+001, 2.704201e+003, 0.000000e+000, 0.000000e+000, 0.000000e+000
 5.386000e-001,-1.093566e+003, 3.316357e+003,-2.031854e+003, 2.783350e+003,-1.557547e+001,-5.036685e+001, 2.654410e+003, 0.000000e+000, 0.000000e+000, 0.000000e+000
 5.386500e-001,-1.036328e+003, 3.454569e+003,-1.969457e+003, 2.734833e+003,-1.633242e+001,-4.778674e+001, 2.603429e+003, 0.000000e+000, 0.000000e+000, 0.000000e+000
 5.387000e-001,-1.198841e+003, 3.335548e+003,-1.928553e+003, 2.685647e+003,-1.760467e+001,-4.511729e+001, 2.551801e+003, 0.000000e+000, 0.000000e+000, 0.000000e+000
 5.387500e-001,-1.132510e+003, 3.455687e+003,-1.862753e+003, 2.635251e+003,-1.833754e+001,-4.249532e+001, 2.498984e+003, 0.000000e+000, 0.000000e+000, 0.000000e+000
 5.388000e-001,-1.300925e+003, 3.350803e+003,-1.821864e+003, 2.584115e+003,-1.964488e+001,-3.983007e+001, 2.445588e+003, 0.000000e+000, 0.000000e+000, 0.000000e+000
 5.388500e-001,-1.228640e+003, 3.451166e+003,-1.753995e+003, 2.531914e+003,-2.035774e+001,-3.717364e+001, 2.391014e+003, 0.000000e+000, 0.000000e+000, 0.000000e+000
 5.389000e-001,-1.399573e+003, 3.361938e+003,-1.712068e+003, 2.478898e+003,-2.169247e+001,-3.451126e+001, 2.335921e+003, 0.000000e+000, 0.000000e+000, 0.000000e+000
 5.389500e-001,-1.324647e+003, 3.441179e+003,-1.643189e+003, 2.424971e+003,-2.238964e+001,-3.182894e+001, 2.279671e+003, 0.000000e+000, 0.000000e+000, 0.000000e+000
 5.390000e-001,-1.494613e+003, 3.368762e+003,-1.599489e+003, 2.370151e+003,-2.374341e+001,-2.916678e+001, 2.222954e+003, 0.000000e+000, 0.000000e+000, 0.000000e+000
 5.390500e-001,-1.420395e+003, 3.425918e+003,-1.530317e+003, 2.314573e+003,-2.442934e+001,-2.646792e+001, 2.165111e+003, 0.000000e+000, 0.000000e+000, 0.000000e+000
 5.391000e-001,-1.585944e+003, 3.371083e+003,-1.484477e+003, 2.258030e+003,-2.579329e+001,-2.380242e+001, 2.106845e+003, 0.000000e+000, 0.000000e+000, 0.000000e+000
 5.391500e-001,-1.515683e+003, 3.405585e+003,-1.415341e+003, 2.200879e+003,-2.647237e+001,-2.109671e+001, 2.047494e+003, 0.000000e+000, 0.000000e+000, 0.000000e+000
 5.392000e-001,-1.673532e+003, 3.368708e+003,-1.367400e+003, 2.142697e+003,-2.783736e+001,-1.842386e+001, 1.987757e+003, 0.000000e+000, 0.000000e+000, 0.000000e+000
 5.392500e-001,-1.610251e+003, 3.380394e+003,-1.298225e+003, 2.084051e+003,-2.851374e+001,-1.572089e+001, 1.926985e+003, 0.000000e+000, 0.000000e+000, 0.000000e+000
 5.393000e-001,-1.757403e+003, 3.361458e+003,-1.248624e+003, 2.024319e+003,-2.987052e+001,-1.303674e+001, 1.865857e+003, 0.000000e+000, 0.000000e+000, 0.000000e+000
 5.393500e-001,-1.703790e+003, 3.350557e+003,-1.178943e+003, 1.964255e+003,-3.054796e+001,-1.034546e+001, 1.803752e+003, 0.000000e+000, 0.000000e+000, 0.000000e+000
 5.394000e-001,-1.837638e+003, 3.349165e+003,-1.128501e+003, 1.903067e+003,-3.188735e+001,-7.646605e+000, 1.741315e+003, 0.000000e+000, 0.000000e+000, 0.000000e+000
 5.394500e-001,-1.795948e+003, 3.316289e+003,-1.057497e+003, 1.841664e+003,-3.256906e+001,-4.974940e+000, 1.677967e+003, 0.000000e+000, 0.000000e+000, 0.000000e+000
 5.395000e-001,-1.914356e+003, 3.331680e+003,-1.007354e+003, 1.779116e+003,-3.388216e+001,-2.258984e+000, 1.614307e+003, 0.000000e+000, 0.000000e+000, 0.000000e+000
 5.395500e-001,-1.886346e+003, 3.277792e+003,-9.339287e+002, 1.716454e+003,-3.457064e+001, 3.866238e-001, 1.549806e+003, 0.000000e+000, 0.000000e+000, 0.000000e+000
 5.396000e-001,-1.987705e+003, 3.308878e+003,-8.854686e+002, 1.652644e+003,-3.584896e+001, 3.120654e+000, 1.485009e+003, 0.000000e+000, 0.000000e+000, 0.000000e+000
 5.396500e-001,-1.974591e+003, 3.235260e+003,-8.083275e+002, 1.588803e+003,-3.654594e+001, 5.735547e+000, 1.419448e+003, 0.000000e+000, 0.000000e+000, 0.000000e+000
 5.397000e-001,-2.057851e+003, 3.280662e+003,-7.630762e+002, 1.523832e+003,-3.778157e+001, 8.486890e+000, 1.353604e+003, 0.000000e+000, 0.000000e+000, 0.000000e+000
 5.397500e-001,-2.060287e+003, 3.188871e+003,-6.808415e+002, 1.458896e+003,-3.848789e+001, 1.106842e+001, 1.287073e+003, 0.000000e+000, 0.000000e+000, 0.000000e+000
 5.398000e-001,-2.124962e+003, 3.246961e+003,-6.403532e+002, 1.392865e+003,-3.967357e+001, 1.383437e+001, 1.220275e+003, 0.000000e+000, 0.000000e+000, 0.000000e+000
 5.398500e-001,-2.143047e+003, 3.138787e+003,-5.516804e+002, 1.326917e+003,-4.038916e+001, 1.638198e+001, 1.152866e+003, 0.000000e+000, 0.000000e+000, 0.000000e+000
 5.399000e-001,-2.189197e+003, 3.207739e+003,-5.174161e+002, 1.259931e+003,-4.151842e+001, 1.915784e+001, 1.085208e+003, 0.000000e+000, 0.000000e+000, 0.000000e+000
 5.399500e-001,-2.222511e+003, 3.085149e+003,-4.211159e+002, 1.193058e+003,-4.224226e+001, 2.167307e+001, 1.017015e+003, 0.000000e+000, 0.000000e+000, 0.000000e+000
 5.400000e-001,-2.250696e+003, 3.162992e+003,-3.943227e+002, 1.125219e+003,-4.330943e+001, 2.445215e+001, 9.485944e+002, 0.000000e+000, 0.000000e+000, 0.000000e+000
 5.400500e-001,-2.298347e+003, 3.028082e+003,-2.894781e+002, 1.057510e+003,-4.403962e+001, 2.693842e+001, 8.797101e+002, 0.000000e+000, 0.000000e+000, 0.000000e+000
 5.401000e-001,-2.309571e+003, 3.112745e+003,-2.710771e+002, 9.889214e+002,-4.503983e+001, 2.971230e+001, 8.106240e+002, 0.000000e+000, 0.000000e+000, 0.000000e+000
 5.401500e-001,-2.370266e+003, 2.967691e+003,-1.571484e+002, 9.204670e+002,-4.577363e+001, 3.217466e+001, 7.411422e+002, 0.000000e+000, 0.000000e+000, 0.000000e+000
 5.402000e-001,-2.365898e+003, 3.057057e+003,-1.476386e+002, 8.512327e+002,-4.670284e+001, 3.493342e+001, 6.714909e+002, 0.000000e+000, 0.000000e+000, 0.000000e+000
 5.402500e-001,-2.438027e+003, 2.904064e+003,-2.454786e+001, 7.821263e+002,-4.743679e+001, 3.737811e+001, 6.015056e+002, 0.000000e+000, 0.000000e+000, 0.000000e+000
 5.403000e-001,-2.419713e+003, 2.996014e+003,-2.393377e+001, 7.123485e+002,-4.829172e+001, 4.011084e+001, 5.313903e+002, 0.000000e+000, 0.000000e+000, 0.000000e+000
 5.403500e-001,-2.501437e+003, 2.837277e+003, 1.078760e+002, 6.426861e+002,-4.902174e+001, 4.254482e+001, 4.609960e+002, 0.000000e+000, 0.000000e+000, 0.000000e+000
 5.404000e-001,-2.471013e+003, 2.929726e+003, 1.001291e+002, 5.724662e+002,-4.979980e+001, 4.524003e+001, 3.905187e+002, 0.000000e+000, 0.000000e+000, 0.000000e+000
 5.404500e-001,-2.560355e+003, 2.767392e+003, 2.396657e+002, 5.023457e+002,-5.052137e+001, 4.767036e+001, 3.198106e+002, 0.000000e+000, 0.000000e+000, 0.000000e+000
 5.405000e-001,-2.519750e+003, 2.858329e+003, 2.246434e+002, 4.317844e+002,-5.122062e+001, 5.031661e+001, 2.490743e+002, 0.000000e+000, 0.000000e+000, 0.000000e+000
 5.405500e-001,-2.614693e+003, 2.694464e+003, 3.703712e+002, 3.613059e+002,-5.192889e+001, 5.274992e+001, 1.781480e+002, 0.000000e+000, 0.000000e+000, 0.000000e+000
 5.406000e-001,-2.565839e+003, 2.781971e+003, 3.496877e+002, 2.905029e+002,-5.254790e+001, 5.533632e+001, 1.072560e+002, 0.000000e+000, 0.000000e+000, 0.000000e+000
 5.406500e-001,-2.664405e+003, 2.618546e+003, 4.995670e+002, 2.197682e+002,-5.323792e+001, 5.777815e+001, 3.620760e+001, 0.000000e+000, 0.000000e+000, 0.000000e+000
 5.407000e-001,-2.609163e+003, 2.700821e+003, 4.753083e+002, 1.488219e+002,-5.377570e+001, 6.029494e+001,-3.473675e+001, 0.000000e+000, 0.000000e+000, 0.000000e+000
 5.407500e-001,-2.709491e+003, 2.539687e+003, 6.268689e+002, 7.793420e+001,-5.444253e+001, 6.274925e+001,-1.058104e+002, 0.000000e+000, 0.000000e+000, 0.000000e+000
 5.408000e-001,-2.649574e+003, 2.615054e+003, 6.015047e+002, 6.942590e+000,-5.489846e+001, 6.518829e+001,-1.767036e+002, 0.000000e+000, 0.000000e+000, 0.000000e+000
 5.408500e-001,-2.749984e+003, 2.457941e+003, 7.519489e+002,-6.399396e+001,-5.553732e+001, 6.765694e+001,-2.477054e+002, 0.000000e+000, 0.000000e+000, 0.000000e+000
 5.409000e-001,-2.686905e+003, 2.524853e+003, 7.282161e+002,-1.349340e+002,-5.591107e+001, 7.001215e+001,-3.184444e+002, 0.000000e+000, 0.000000e+000, 0.000000e+000
 5.409500e-001,-2.785945e+003, 2.373366e+003, 8.745466e+002,-2.058145e+002,-5.651746e+001, 7.249454e+001,-3.892764e+002, 0.000000e+000, 0.000000e+000, 0.000000e+000
 5.410000e-001,-2.720974e+003, 2.430406e+003, 8.553121e+002,-2.766068e+002,-5.680893e+001, 7.476213e+001,-4.597587e+002, 0.000000e+000, 0.000000e+000, 0.000000e+000
 5.410500e-001,-2.817456e+003, 2.286026e+003, 9.944779e+002,-3.473261e+002,-5.737876e+001, 7.725501e+001,-5.303228e+002, 0.000000e+000, 0.000000e+000, 0.000000e+000
 5.411000e-001,-2.751595e+003, 2.331903e+003, 9.825868e+002,-4.178748e+002,-5.758807e+001, 7.943372e+001,-6.004465e+002, 0.000000e+000, 0.000000e+000, 0.000000e+000
 5.411500e-001,-2.844610e+003, 2.195998e+003, 1.111639e+003,-4.883280e+002,-5.811769e+001, 8.193103e+001,-6.706443e+002, 0.000000e+000, 0.000000e+000, 0.000000e+000
 5.412000e-001,-2.778586e+003, 2.229536e+003, 1.109758e+003,-5.585379e+002,-5.824516e+001, 8.402209e+001,-7.403085e+002, 0.000000e+000, 0.000000e+000, 0.000000e+000
 5.412500e-001,-2.867505e+003, 2.103362e+003, 1.226004e+003,-6.286207e+002,-5.873140e+001, 8.651507e+001,-8.100411e+002, 0.000000e+000, 0.000000e+000, 0.000000e+000
 5.413000e-001,-2.801774e+003, 2.123498e+003, 1.236469e+003,-6.983967e+002,-5.877759e+001, 8.852209e+001,-8.791461e+002, 0.000000e+000, 0.000000e+000, 0.000000e+000
 5.413500e-001,-2.886237e+003, 2.008211e+003, 1.337624e+003,-7.680057e+002,-5.921778e+001, 9.099948e+001,-9.483147e+002, 0.000000e+000, 0.000000e+000, 0.000000e+000
 5.414000e-001,-2.821004e+003, 2.013980e+003, 1.362299e+003,-8.372531e+002,-5.918353e+001, 9.292818e+001,-1.016762e+003, 0.000000e+000, 0.000000e+000, 0.000000e+000
 5.414500e-001,-2.900892e+003, 1.910642e+003, 1.446613e+003,-9.062860e+002,-5.957545e+001, 9.537661e+001,-1.085268e+003, 0.000000e+000, 0.000000e+000, 0.000000e+000
 5.415000e-001,-2.836143e+003, 1.901181e+003, 1.486772e+003,-9.749104e+002,-5.946196e+001, 9.723436e+001,-1.152960e+003, 0.000000e+000, 0.000000e+000, 0.000000e+000
 5.415500e-001,-2.911545e+003, 1.810759e+003, 1.553138e+003,-1.043267e+003,-5.980375e+001, 9.963882e+001,-1.220704e+003, 0.000000e+000, 0.000000e+000, 0.000000e+000
 5.416000e-001,-2.847085e+003, 1.785301e+003, 1.609373e+003,-1.111173e+003,-5.961266e+001, 1.014342e+002,-1.287546e+003, 0.000000e+000, 0.000000e+000, 0.000000e+000
 5.416500e-001,-2.918253e+003, 1.708664e+003, 1.657401e+003,-1.178754e+003,-5.990279e+001, 1.037786e+002,-1.354429e+003, 0.000000e+000, 0.000000e+000, 0.000000e+000
 5.417000e-001,-2.853753e+003, 1.666550e+003, 1.729570e+003,-1.245850e+003,-5.963628e+001, 1.055206e+002,-1.420328e+003, 0.000000e+000, 0.000000e+000, 0.000000e+000
 5.417500e-001,-2.921054e+003, 1.604461e+003, 1.759621e+003,-1.312558e+003,-5.987338e+001, 1.077887e+002,-1.486253e+003, 0.000000e+000, 0.000000e+000, 0.000000e+000
 5.418000e-001,-2.856102e+003, 1.545145e+003, 1.846825e+003,-1.378748e+003,-5.953427e+001, 1.094863e+002,-1.551115e+003, 0.000000e+000, 0.000000e+000, 0.000000e+000
 5.418500e-001,-2.919967e+003, 1.498248e+003, 1.860015e+003,-1.444489e+003,-5.971709e+001, 1.116619e+002,-1.615984e+003, 0.000000e+000, 0.000000e+000, 0.000000e+000
 5.419000e-001,-2.854118e+003, 1.421319e+003, 1.960624e+003,-1.509681e+003,-5.930890e+001, 1.133234e+002,-1.679720e+003, 0.000000e+000, 0.000000e+000, 0.000000e+000
 5.419500e-001,-2.914991e+003, 1.390116e+003, 1.958775e+003,-1.574362e+003,-5.943616e+001, 1.153914e+002,-1.743437e+003, 0.000000e+000, 0.000000e+000, 0.000000e+000
 5.420000e-001,-2.847817e+003, 1.295319e+003, 2.070489e+003,-1.638463e+003,-5.896323e+001, 1.170237e+002,-1.805958e+003, 0.000000e+000, 0.000000e+000, 0.000000e+000
 5.420500e-001,-2.906109e+003, 1.280143e+003, 2.056054e+003,-1.701995e+003,-5.903350e+001, 1.189707e+002,-1.868428e+003, 0.000000e+000, 0.000000e+000, 0.000000e+000
 5.421000e-001,-2.837242e+003, 1.167409e+003, 2.176000e+003,-1.764912e+003,-5.850100e+001, 1.205787e+002,-1.929648e+003, 0.000000e+000, 0.000000e+000, 0.000000e+000
 5.421500e-001,-2.893288e+003, 1.168398e+003, 2.151949e+003,-1.827206e+003,-5.851271e+001, 1.223934e+002,-1.990776e+003, 0.000000e+000, 0.000000e+000, 0.000000e+000
 5.422000e-001,-2.822465e+003, 1.037871e+003, 2.276811e+003,-1.888850e+003,-5.792665e+001, 1.239796e+002,-2.050611e+003, 0.000000e+000, 0.000000e+000, 0.000000e+000
 5.422500e-001,-2.876483e+003, 1.054935e+003, 2.246483e+003,-1.949821e+003,-5.787797e+001, 1.256535e+002,-2.110306e+003, 0.000000e+000, 0.000000e+000, 0.000000e+000
 5.423000e-001,-2.803575e+003, 9.070046e+002, 2.372658e+003,-2.010101e+003,-5.724520e+001, 1.272178e+002,-2.168672e+003, 0.000000e+000, 0.000000e+000, 0.000000e+000
 5.423500e-001,-2.855640e+003, 9.397924e+002, 2.339602e+003,-2.069666e+003,-5.713403e+001, 1.287451e+002,-2.226844e+003, 0.000000e+000, 0.000000e+000, 0.000000e+000
 5.424000e-001,-2.780683e+003, 7.751281e+002, 2.463368e+003,-2.128496e+003,-5.646214e+001, 1.302843e+002,-2.283661e+003, 0.000000e+000, 0.000000e+000, 0.000000e+000
 5.424500e-001,-2.830704e+003, 8.229992e+002, 2.431167e+003,-2.186573e+003,-5.628621e+001, 1.316625e+002,-2.340222e+003, 0.000000e+000, 0.000000e+000, 0.000000e+000
 5.425000e-001,-2.753909e+003, 6.425730e+002, 2.548864e+003,-2.243866e+003,-5.558341e+001, 1.331708e+002,-2.395411e+003, 0.000000e+000, 0.000000e+000, 0.000000e+000
 5.425500e-001,-2.801617e+003, 7.045732e+002, 2.520957e+003,-2.300377e+003,-5.534025e+001, 1.344003e+002,-2.450277e+003, 0.000000e+000, 0.000000e+000, 0.000000e+000
 5.426000e-001,-2.723386e+003, 5.096819e+002, 2.629156e+003,-2.356049e+003,-5.461523e+001, 1.358688e+002,-2.503760e+003, 0.000000e+000, 0.000000e+000, 0.000000e+000
 5.426500e-001,-2.768329e+003, 5.845264e+002, 2.608668e+003,-2.410918e+003,-5.430236e+001, 1.369530e+002,-2.556848e+003, 0.000000e+000, 0.000000e+000, 0.000000e+000
 5.427000e-001,-2.689247e+003, 3.768034e+002, 2.704344e+003,-2.464888e+003,-5.356406e+001, 1.383704e+002,-2.608551e+003, 0.000000e+000, 0.000000e+000, 0.000000e+000
 5.427500e-001,-2.730797e+003, 4.628695e+002, 2.693930e+003,-2.518040e+003,-5.317905e+001, 1.393153e+002,-2.659782e+003, 0.000000e+000, 0.000000e+000, 0.000000e+000
 5.428000e-001,-2.651630e+003, 2.442865e+002, 2.774598e+003,-2.570229e+003,-5.243645e+001, 1.406684e+002,-2.709630e+003, 0.000000e+000, 0.000000e+000, 0.000000e+000
 5.428500e-001,-2.688991e+003, 3.396175e+002, 2.776317e+003,-2.621592e+003,-5.197715e+001, 1.414818e+002,-2.758930e+003, 0.000000e+000, 0.000000e+000, 0.000000e+000
 5.429000e-001,-2.610664e+003, 1.124739e+002, 2.840147e+003,-2.671925e+003,-5.123897e+001, 1.427559e+002,-2.806852e+003, 0.000000e+000, 0.000000e+000, 0.000000e+000
 5.429500e-001,-2.642899e+003, 2.147962e+002, 2.855361e+003,-2.721428e+003,-5.070367e+001, 1.434474e+002,-2.854148e+003, 0.000000e+000, 0.000000e+000, 0.000000e+000
 5.430000e-001,-2.566476e+003,-1.830503e+001, 2.901263e+003,-2.769831e+003,-4.997815e+001, 1.446268e+002,-2.900074e+003, 0.000000e+000, 0.000000e+000, 0.000000e+000
 5.430500e-001,-2.592528e+003, 8.844879e+001, 2.930576e+003,-2.817408e+003,-4.936573e+001, 1.452069e+002,-2.945300e+003, 0.000000e+000, 0.000000e+000, 0.000000e+000
 5.431000e-001,-2.519179e+003,-1.477413e+002, 2.958237e+003,-2.863811e+003,-4.866034e+001, 1.462758e+002,-2.989162e+003, 0.000000e+000, 0.000000e+000, 0.000000e+000
 5.431500e-001,-2.537906e+003,-3.935802e+001, 3.001474e+003,-2.909395e+003,-4.797052e+001, 1.467551e+002,-3.032251e+003, 0.000000e+000, 0.000000e+000, 0.000000e+000
 5.432000e-001,-2.468875e+003,-2.755530e+002, 3.011364e+003,-2.953732e+003,-4.729167e+001, 1.476983e+002,-3.073984e+003, 0.000000e+000, 0.000000e+000, 0.000000e+000
 5.432500e-001,-2.479088e+003,-1.685276e+002, 3.067589e+003,-2.997259e+003,-4.652513e+001, 1.480871e+002,-3.114879e+003, 0.000000e+000, 0.000000e+000, 0.000000e+000
 5.433000e-001,-2.415651e+003,-4.014915e+002, 3.060919e+003,-3.039467e+003,-4.587801e+001, 1.488906e+002,-3.154418e+003, 0.000000e+000, 0.000000e+000, 0.000000e+000
 5.433500e-001,-2.416150e+003,-2.989283e+002, 3.128490e+003,-3.080877e+003,-4.503654e+001, 1.491981e+002,-3.193062e+003, 0.000000e+000, 0.000000e+000, 0.000000e+000
 5.434000e-001,-2.359579e+003,-5.253468e+002, 3.107143e+003,-3.120897e+003,-4.442487e+001, 1.498495e+002,-3.230347e+003, 0.000000e+000, 0.000000e+000, 0.000000e+000
 5.434500e-001,-2.349200e+003,-4.303894e+002, 3.183808e+003,-3.160130e+003,-4.351149e+001, 1.500834e+002,-3.266688e+003, 0.000000e+000, 0.000000e+000, 0.000000e+000
 5.435000e-001,-2.300712e+003,-6.469512e+002, 3.150224e+003,-3.197906e+003,-4.293738e+001, 1.505730e+002,-3.301661e+003, 0.000000e+000, 0.000000e+000, 0.000000e+000
 5.435500e-001,-2.278368e+003,-5.626982e+002, 3.233241e+003,-3.234906e+003,-4.195637e+001, 1.507389e+002,-3.335650e+003, 0.000000e+000, 0.000000e+000, 0.000000e+000
 5.436000e-001,-2.239090e+003,-7.661819e+002, 3.190286e+003,-3.270386e+003,-4.142027e+001, 1.510593e+002,-3.368256e+003, 0.000000e+000, 0.000000e+000, 0.000000e+000
 5.436500e-001,-2.203812e+003,-6.955992e+002, 3.276568e+003,-3.305098e+003,-4.037720e+001, 1.511607e+002,-3.399850e+003, 0.000000e+000, 0.000000e+000, 0.000000e+000
 5.437000e-001,-2.174733e+003,-8.829614e+002, 3.227382e+003,-3.338235e+003,-3.987782e+001, 1.513078e+002,-3.430038e+003, 0.000000e+000, 0.000000e+000, 0.000000e+000
 5.437500e-001,-2.125715e+003,-8.287946e+002, 3.313658e+003,-3.370607e+003,-3.877948e+001, 1.513453e+002,-3.459194e+003, 0.000000e+000, 0.000000e+000, 0.000000e+000
 5.438000e-001,-2.107648e+003,-9.972568e+002, 3.261486e+003,-3.401357e+003,-3.831391e+001, 1.513180e+002,-3.486916e+003, 0.000000e+000, 0.000000e+000, 0.000000e+000
 5.438500e-001,-2.044283e+003,-9.619466e+002, 3.344469e+003,-3.431339e+003,-3.716819e+001, 1.512902e+002,-3.513599e+003, 0.000000e+000, 0.000000e+000, 0.000000e+000
 5.439000e-001,-2.037829e+003,-1.109076e+003, 3.292497e+003,-3.459662e+003,-3.673192e+001, 1.510904e+002,-3.538810e+003, 0.000000e+000, 0.000000e+000, 0.000000e+000
 5.439500e-001,-1.959742e+003,-1.094682e+003, 3.369045e+003,-3.487208e+003,-3.554770e+001, 1.509931e+002,-3.562985e+003, 0.000000e+000, 0.000000e+000, 0.000000e+000
 5.440000e-001,-1.965259e+003,-1.218466e+003, 3.320243e+003,-3.513067e+003,-3.513482e+001, 1.506258e+002,-3.585646e+003, 0.000000e+000, 0.000000e+000, 0.000000e+000
 5.440500e-001,-1.872338e+003,-1.226596e+003, 3.387515e+003,-3.538135e+003,-3.392173e+001, 1.504529e+002,-3.607281e+003, 0.000000e+000, 0.000000e+000, 0.000000e+000
 5.441000e-001,-1.889911e+003,-1.325502e+003, 3.344489e+003,-3.561498e+003,-3.352516e+001, 1.499254e+002,-3.627357e+003, 0.000000e+000, 0.000000e+000, 0.000000e+000
 5.441500e-001,-1.782330e+003,-1.357264e+003, 3.400076e+003,-3.584045e+003,-3.229335e+001, 1.496689e+002,-3.646427e+003, 0.000000e+000, 0.000000e+000, 0.000000e+000
 5.442000e-001,-1.811754e+003,-1.430286e+003, 3.364946e+003,-3.604883e+003,-3.190505e+001, 1.489908e+002,-3.663885e+003, 0.000000e+000, 0.000000e+000, 0.000000e+000
 5.442500e-001,-1.689988e+003,-1.486242e+003, 3.406982e+003,-3.624873e+003,-3.066491e+001, 1.486416e+002,-3.680365e+003, 0.000000e+000, 0.000000e+000, 0.000000e+000
 5.443000e-001,-1.730759e+003,-1.532934e+003, 3.381292e+003,-3.643161e+003,-3.027620e+001, 1.478242e+002,-3.695181e+003, 0.000000e+000, 0.000000e+000, 0.000000e+000
 5.443500e-001,-1.595587e+003,-1.613084e+003, 3.408532e+003,-3.660561e+003,-2.903811e+001, 1.473723e+002,-3.709047e+003, 0.000000e+000, 0.000000e+000, 0.000000e+000
 5.444000e-001,-1.646896e+003,-1.633569e+003, 3.393183e+003,-3.676277e+003,-2.863997e+001, 1.464278e+002,-3.721199e+003, 0.000000e+000, 0.000000e+000, 0.000000e+000
 5.444500e-001,-1.499406e+003,-1.737343e+003, 3.405047e+003,-3.691056e+003,-2.741393e+001, 1.458632e+002,-3.732435e+003, 0.000000e+000, 0.000000e+000, 0.000000e+000
 5.445000e-001,-1.560145e+003,-1.732316e+003, 3.400275e+003,-3.704182e+003,-2.699733e+001, 1.448043e+002,-3.741906e+003, 0.000000e+000, 0.000000e+000, 0.000000e+000
 5.445500e-001,-1.401719e+003,-1.858587e+003, 3.396857e+003,-3.716314e+003,-2.579276e+001, 1.441174e+002,-3.750497e+003, 0.000000e+000, 0.000000e+000, 0.000000e+000
 5.446000e-001,-1.470495e+003,-1.829285e+003, 3.402236e+003,-3.726835e+003,-2.534892e+001, 1.429568e+002,-3.757275e+003, 0.000000e+000, 0.000000e+000, 0.000000e+000
 5.446500e-001,-1.302794e+003,-1.976402e+003, 3.384281e+003,-3.736298e+003,-2.417435e+001, 1.421390e+002,-3.763207e+003, 0.000000e+000, 0.000000e+000, 0.000000e+000
 5.447000e-001,-1.377955e+003,-1.924572e+003, 3.398770e+003,-3.744203e+003,-2.369506e+001, 1.408887e+002,-3.767286e+003, 0.000000e+000, 0.000000e+000, 0.000000e+000
 5.447500e-001,-1.202885e+003,-2.090406e+003, 3.367611e+003,-3.750979e+003,-2.255790e+001, 1.399329e+002,-3.770551e+003, 0.000000e+000, 0.000000e+000, 0.000000e+000
 5.448000e-001,-1.282550e+003,-2.018247e+003, 3.389624e+003,-3.756258e+003,-2.203579e+001, 1.386036e+002,-3.771927e+003, 0.000000e+000, 0.000000e+000, 0.000000e+000
 5.448500e-001,-1.102232e+003,-2.200249e+003, 3.347100e+003,-3.760333e+003,-2.094215e+001, 1.375047e+002,-3.772520e+003, 0.000000e+000, 0.000000e+000, 0.000000e+000
 5.449000e-001,-1.184330e+003,-2.110349e+003, 3.374609e+003,-3.762981e+003,-2.037086e+001, 1.361056e+002,-3.771195e+003, 0.000000e+000, 0.000000e+000, 0.000000e+000
 5.449500e-001,-1.001053e+003,-2.305624e+003, 3.322950e+003,-3.764347e+003,-1.932540e+001, 1.348609e+002,-3.769113e+003, 0.000000e+000, 0.000000e+000, 0.000000e+000
 5.450000e-001,-1.083373e+003,-2.200881e+003, 3.353602e+003,-3.764362e+003,-1.869979e+001, 1.333994e+002,-3.765094e+003, 0.000000e+000, 0.000000e+000, 0.000000e+000
 5.450500e-001,-8.995426e+002,-2.406269e+003, 3.295306e+003,-3.763013e+003,-1.770561e+001, 1.320086e+002,-3.760339e+003, 0.000000e+000, 0.000000e+000, 0.000000e+000
 5.451000e-001,-9.797830e+002,-2.289808e+003, 3.326555e+003,-3.760394e+003,-1.702187e+001, 1.304898e+002,-3.753635e+003, 0.000000e+000, 0.000000e+000, 0.000000e+000
 5.451500e-001,-7.978702e+002,-2.501970e+003, 3.264246e+003,-3.756332e+003,-1.608048e+001, 1.289553e+002,-3.746213e+003, 0.000000e+000, 0.000000e+000, 0.000000e+000
 5.452000e-001,-8.736973e+002,-2.377057e+003, 3.293501e+003,-3.751082e+003,-1.533620e+001, 1.273824e+002,-3.736838e+003, 0.000000e+000, 0.000000e+000, 0.000000e+000
 5.452500e-001,-6.961774e+002,-2.592561e+003, 3.229787e+003,-3.744311e+003,-1.444755e+001, 1.257092e+002,-3.726758e+003, 0.000000e+000, 0.000000e+000, 0.000000e+000
 5.453000e-001,-7.652833e+002,-2.462512e+003, 3.254545e+003,-3.736436e+003,-1.364171e+001, 1.240830e+002,-3.714730e+003, 0.000000e+000, 0.000000e+000, 0.000000e+000
 5.453500e-001,-5.945775e+002,-2.677924e+003, 3.191885e+003,-3.726966e+003,-1.280421e+001, 1.222785e+002,-3.702006e+003, 0.000000e+000, 0.000000e+000, 0.000000e+000
 5.454000e-001,-6.547405e+002,-2.546022e+003, 3.209864e+003,-3.716475e+003,-1.193718e+001, 1.205984e+002,-3.687346e+003, 0.000000e+000, 0.000000e+000, 0.000000e+000
 5.454500e-001,-4.931558e+002,-2.757990e+003, 3.150443e+003,-3.704321e+003,-1.114787e+001, 1.186721e+002,-3.671994e+003, 0.000000e+000, 0.000000e+000, 0.000000e+000
 5.455000e-001,-5.422982e+002,-2.627401e+003, 3.159700e+003,-3.691224e+003,-1.022130e+001, 1.169354e+002,-3.654727e+003, 0.000000e+000, 0.000000e+000, 0.000000e+000
 5.455500e-001,-3.919701e+002,-2.832728e+003, 3.105318e+003,-3.676406e+003,-9.475972e+000, 1.148988e+002,-3.636770e+003, 0.000000e+000, 0.000000e+000, 0.000000e+000
 5.456000e-001,-4.282146e+002,-2.706432e+003, 3.104345e+003,-3.660718e+003,-8.492656e+000, 1.131018e+002,-3.616924e+003, 0.000000e+000, 0.000000e+000, 0.000000e+000
 5.456500e-001,-2.910534e+002,-2.902150e+003, 3.056335e+003,-3.643259e+003,-7.786071e+000, 1.109675e+002,-3.596386e+003, 0.000000e+000, 0.000000e+000, 0.000000e+000
 5.457000e-001,-3.127731e+002,-2.782872e+003, 3.044130e+003,-3.624997e+003,-6.749825e+000, 1.091055e+002,-3.573992e+003, 0.000000e+000, 0.000000e+000, 0.000000e+000
 5.457500e-001,-1.904162e+002,-2.966296e+003, 3.003301e+003,-3.604926e+003,-6.075907e+000, 1.068871e+002,-3.550904e+003, 0.000000e+000, 0.000000e+000, 0.000000e+000
 5.458000e-001,-1.962793e+002,-2.856462e+003, 2.979410e+003,-3.584110e+003,-4.991374e+000, 1.049552e+002,-3.525996e+003, 0.000000e+000, 0.000000e+000, 0.000000e+000
 5.458500e-001,-9.005049e+001,-3.025238e+003, 2.946018e+003,-3.561461e+003,-4.343455e+000, 1.026666e+002,-3.500391e+003, 0.000000e+000, 0.000000e+000, 0.000000e+000
 5.459000e-001,-7.905595e+001,-2.926927e+003, 2.910551e+003,-3.538114e+003,-3.215916e+000, 1.006599e+002,-3.473006e+003, 0.000000e+000, 0.000000e+000, 0.000000e+000
 5.459500e-001, 1.006645e+001,-3.079063e+003, 2.884299e+003,-3.512923e+003,-2.586972e+000, 9.831481e+001,-3.444921e+003, 0.000000e+000, 0.000000e+000, 0.000000e+000
 5.460000e-001, 3.856109e+001,-2.993989e+003, 2.837910e+003,-3.487073e+003,-1.422153e+000, 9.622891e+001,-3.415101e+003, 0.000000e+000, 0.000000e+000, 0.000000e+000
 5.460500e-001, 1.099669e+002,-3.127877e+003, 2.817983e+003,-3.459381e+003,-8.050420e-001, 9.384030e+001,-3.384576e+003, 0.000000e+000, 0.000000e+000, 0.000000e+000
 5.461000e-001, 1.562289e+002,-3.057368e+003, 2.761828e+003,-3.431057e+003, 3.910787e-001, 9.167199e+001,-3.352364e+003, 0.000000e+000, 0.000000e+000, 0.000000e+000
 5.461500e-001, 2.096879e+002,-3.171792e+003, 2.746947e+003,-3.400910e+003, 1.003397e+000, 8.925159e+001,-3.319445e+003, 0.000000e+000, 0.000000e+000, 0.000000e+000
 5.462000e-001, 2.736030e+002,-3.116792e+003, 2.682611e+003,-3.370147e+003, 2.224761e+000, 8.699898e+001,-3.284887e+003, 0.000000e+000, 0.000000e+000, 0.000000e+000
 5.462500e-001, 3.092655e+002,-3.210923e+003, 2.671118e+003,-3.337592e+003, 2.839023e+000, 8.455697e+001,-3.249622e+003, 0.000000e+000, 0.000000e+000, 0.000000e+000
 5.463000e-001, 3.903430e+002,-3.172002e+003, 2.600521e+003,-3.304427e+003, 4.079651e+000, 8.221985e+001,-3.212767e+003, 0.000000e+000, 0.000000e+000, 0.000000e+000
 5.463500e-001, 4.087301e+002,-3.245384e+003, 2.590480e+003,-3.269517e+003, 4.702110e+000, 7.976456e+001,-3.175208e+003, 0.000000e+000, 0.000000e+000, 0.000000e+000
 5.464000e-001, 5.061181e+002,-3.222752e+003, 2.515771e+003,-3.233992e+003, 5.956230e+000, 7.734461e+001,-3.136108e+003, 0.000000e+000, 0.000000e+000, 0.000000e+000
 5.464500e-001, 5.081007e+002,-3.275282e+003, 2.505084e+003,-3.196781e+003, 6.592517e+000, 7.488226e+001,-3.096310e+003, 0.000000e+000, 0.000000e+000, 0.000000e+000
 5.465000e-001, 6.206129e+002,-3.268819e+003, 2.428521e+003,-3.158941e+003, 7.854663e+000, 7.238316e+001,-3.055021e+003, 0.000000e+000, 0.000000e+000, 0.000000e+000
 5.465500e-001, 6.073803e+002,-3.300716e+003, 2.415046e+003,-3.119487e+003, 8.509672e+000, 6.991782e+001,-3.013041e+003, 0.000000e+000, 0.000000e+000, 0.000000e+000
 5.466000e-001, 7.335320e+002,-3.310003e+003, 2.338869e+003,-3.079382e+003, 9.774753e+000, 6.734522e+001,-2.969619e+003, 0.000000e+000, 0.000000e+000, 0.000000e+000
 5.466500e-001, 7.065516e+002,-3.321772e+003, 2.320549e+003,-3.037745e+003, 1.045257e+001, 6.487879e+001,-2.925521e+003, 0.000000e+000, 0.000000e+000, 0.000000e+000
 5.467000e-001, 8.446048e+002,-3.346128e+003, 2.246864e+003,-2.995428e+003, 1.171590e+001, 6.224021e+001,-2.880027e+003, 0.000000e+000, 0.000000e+000, 0.000000e+000
 5.467500e-001, 8.055735e+002,-3.338527e+003, 2.221837e+003,-2.951671e+003, 1.241975e+001, 5.977260e+001,-2.833873e+003, 0.000000e+000, 0.000000e+000, 0.000000e+000
 5.468000e-001, 9.535887e+002,-3.377043e+003, 2.152501e+003,-2.907200e+003, 1.367707e+001, 5.707718e+001,-2.786369e+003, 0.000000e+000, 0.000000e+000, 0.000000e+000
 5.468500e-001, 9.043779e+002,-3.351042e+003, 2.119212e+003,-2.861388e+003, 1.440935e+001, 5.460650e+001,-2.738229e+003, 0.000000e+000, 0.000000e+000, 0.000000e+000
 5.469000e-001, 1.060272e+003,-3.402624e+003, 2.055737e+003,-2.814825e+003, 1.565677e+001, 5.186473e+001,-2.688780e+003, 0.000000e+000, 0.000000e+000, 0.000000e+000
 5.469500e-001, 1.002868e+003,-3.359371e+003, 2.013020e+003,-2.767024e+003, 1.641901e+001, 4.938763e+001,-2.638723e+003, 0.000000e+000, 0.000000e+000, 0.000000e+000
 5.470000e-001, 1.164476e+003,-3.422768e+003, 1.956494e+003,-2.718436e+003, 1.765300e+001, 4.661097e+001,-2.587397e+003, 0.000000e+000, 0.000000e+000, 0.000000e+000
 5.470500e-001, 1.100917e+003,-3.363555e+003, 1.903642e+003,-2.668716e+003, 1.844597e+001, 4.412302e+001,-2.535496e+003, 0.000000e+000, 0.000000e+000, 0.000000e+000
 5.471000e-001, 1.266056e+003,-3.437399e+003, 1.854676e+003,-2.618172e+003, 1.966327e+001, 4.132342e+001,-2.482363e+003, 0.000000e+000, 0.000000e+000, 0.000000e+000
 5.471500e-001, 1.198371e+003,-3.363627e+003, 1.791481e+003,-2.566602e+003, 2.048702e+001, 3.881955e+001,-2.428694e+003, 0.000000e+000, 0.000000e+000, 0.000000e+000
 5.472000e-001, 1.364899e+003,-3.446458e+003, 1.750180e+003,-2.514177e+003, 2.168458e+001, 3.600906e+001,-2.373825e+003, 0.000000e+000, 0.000000e+000, 0.000000e+000
 5.472500e-001, 1.295044e+003,-3.359616e+003, 1.676946e+003,-2.460830e+003, 2.253853e+001, 3.348403e+001,-2.318466e+003, 0.000000e+000, 0.000000e+000, 0.000000e+000
 5.473000e-001, 1.460925e+003,-3.449904e+003, 1.642910e+003,-2.406600e+003, 2.371340e+001, 3.067428e+001,-2.261936e+003, 0.000000e+000, 0.000000e+000, 0.000000e+000
 5.473500e-001, 1.390729e+003,-3.351548e+003, 1.560442e+003,-2.351550e+003, 2.459642e+001, 2.812311e+001,-2.204969e+003, 0.000000e+000, 0.000000e+000, 0.000000e+000
 5.474000e-001, 1.554081e+003,-3.447714e+003, 1.532791e+003,-2.295597e+003, 2.574571e+001, 2.532489e+001,-2.146853e+003, 0.000000e+000, 0.000000e+000, 0.000000e+000
 5.474500e-001, 1.485193e+003,-3.339446e+003, 1.442351e+003,-2.238920e+003, 2.665621e+001, 2.274332e+001,-2.088359e+003, 0.000000e+000, 0.000000e+000, 0.000000e+000
 5.475000e-001, 1.644342e+003,-3.439876e+003, 1.419780e+003,-2.181329e+003, 2.777699e+001, 1.996617e+001,-2.028737e+003, 0.000000e+000, 0.000000e+000, 0.000000e+000
 5.475500e-001, 1.578189e+003,-3.323338e+003, 1.323026e+003,-2.123102e+003, 2.871301e+001, 1.735104e+001,-1.968802e+003, 0.000000e+000, 0.000000e+000, 0.000000e+000
 5.476000e-001, 1.731702e+003,-3.426391e+003, 1.303876e+003,-2.063959e+003, 2.980226e+001, 1.460292e+001,-1.907753e+003, 0.000000e+000, 0.000000e+000, 0.000000e+000
 5.476500e-001, 1.669455e+003,-3.303253e+003, 1.202776e+003,-2.004262e+003, 3.076151e+001, 1.195249e+001,-1.846463e+003, 0.000000e+000, 0.000000e+000, 0.000000e+000
 5.477000e-001, 1.816171e+003,-3.407268e+003, 1.185130e+003,-1.943656e+003, 3.181610e+001, 9.239496e+000,-1.784072e+003, 0.000000e+000, 0.000000e+000, 0.000000e+000
 5.477500e-001, 1.758723e+003,-3.279227e+003, 1.081864e+003,-1.882570e+003, 3.279607e+001, 6.553681e+000,-1.721515e+003, 0.000000e+000, 0.000000e+000, 0.000000e+000
 5.478000e-001, 1.897768e+003,-3.382523e+003, 1.063650e+003,-1.820594e+003, 3.381269e+001, 3.879925e+000,-1.657866e+003, 0.000000e+000, 0.000000e+000, 0.000000e+000
 5.478500e-001, 1.845727e+003,-3.251301e+003, 9.604946e+002,-1.758201e+003, 3.481065e+001, 1.160429e+000,-1.594130e+003, 0.000000e+000, 0.000000e+000, 0.000000e+000
 5.479000e-001, 1.976516e+003,-3.352184e+003, 9.396038e+002,-1.694948e+003, 3.578586e+001,-1.472043e+000,-1.529311e+003, 0.000000e+000, 0.000000e+000, 0.000000e+000
 5.479500e-001, 1.930206e+003,-3.219520e+003, 8.388203e+002,-1.631334e+003, 3.679889e+001,-4.221686e+000,-1.464488e+003, 0.000000e+000, 0.000000e+000, 0.000000e+000
 5.480000e-001, 2.052437e+003,-3.316283e+003, 8.132169e+002,-1.566900e+003, 3.772917e+001,-6.812830e+000,-1.398588e+003, 0.000000e+000, 0.000000e+000, 0.000000e+000
 5.480500e-001, 2.011911e+003,-3.183938e+003, 7.169383e+002,-1.502152e+003, 3.875414e+001,-9.587321e+000,-1.332768e+003, 0.000000e+000, 0.000000e+000, 0.000000e+000
 5.481000e-001, 2.125543e+003,-3.274863e+003, 6.847714e+002,-1.436632e+003, 3.963590e+001,-1.213894e+001,-1.265880e+003, 0.000000e+000, 0.000000e+000, 0.000000e+000
 5.481500e-001, 2.090615e+003,-3.144610e+003, 5.948962e+002,-1.370839e+003, 4.066949e+001,-1.493138e+001,-1.199155e+003, 0.000000e+000, 0.000000e+000, 0.000000e+000
 5.482000e-001, 2.195833e+003,-3.227976e+003, 5.545984e+002,-1.304331e+003, 4.149920e+001,-1.744689e+001,-1.131371e+003, 0.000000e+000, 0.000000e+000, 0.000000e+000
 5.482500e-001, 2.166111e+003,-3.101596e+003, 4.726996e+002,-1.237585e+003, 4.253783e+001,-2.024902e+001,-1.063835e+003, 0.000000e+000, 0.000000e+000, 0.000000e+000
 5.483000e-001, 2.263286e+003,-3.175687e+003, 4.230690e+002,-1.170186e+003, 4.331207e+001,-2.273307e+001,-9.952521e+002, 0.000000e+000, 0.000000e+000, 0.000000e+000
 5.483500e-001, 2.238225e+003,-3.054954e+003, 3.503207e+002,-1.102580e+003, 4.435189e+001,-2.553561e+001,-9.269965e+002, 0.000000e+000, 0.000000e+000, 0.000000e+000
 5.484000e-001, 2.327861e+003,-3.118075e+003, 2.905836e+002,-1.034389e+003, 4.506749e+001,-2.799376e+001,-8.577125e+002, 0.000000e+000, 0.000000e+000, 0.000000e+000
 5.484500e-001, 2.306812e+003,-3.004740e+003, 2.277103e+002,-9.660181e+002, 4.610429e+001,-3.078676e+001,-7.888313e+002, 0.000000e+000, 0.000000e+000, 0.000000e+000
 5.485000e-001, 2.389493e+003,-3.055236e+003, 1.575598e+002,-8.971334e+002, 4.675848e+001,-3.322498e+001,-7.189453e+002, 0.000000e+000, 0.000000e+000, 0.000000e+000
 5.485500e-001, 2.371762e+003,-2.951006e+003, 1.048095e+002,-8.280952e+002, 4.778764e+001,-3.599824e+001,-6.495324e+002, 0.000000e+000, 0.000000e+000, 0.000000e+000
 5.486000e-001, 2.448091e+003,-2.987286e+003, 2.441883e+001,-7.586144e+002, 4.837812e+001,-3.842248e+001,-5.791452e+002, 0.000000e+000, 0.000000e+000, 0.000000e+000
 5.486500e-001, 2.433000e+003,-2.893794e+003,-1.843736e+001,-6.890086e+002, 4.939458e+001,-4.116598e+001,-5.092950e+002, 0.000000e+000, 0.000000e+000, 0.000000e+000
 5.487000e-001, 2.503538e+003,-2.914363e+003,-1.084266e+002,-6.190295e+002, 4.991968e+001,-4.358173e+001,-4.385086e+002, 0.000000e+000, 0.000000e+000, 0.000000e+000
 5.487500e-001, 2.490483e+003,-2.833137e+003,-1.420710e+002,-5.489570e+002, 5.091790e+001,-4.628598e+001,-3.683157e+002, 0.000000e+000, 0.000000e+000, 0.000000e+000
 5.488000e-001, 2.555698e+003,-2.836627e+003,-2.405853e+002,-4.785772e+002, 5.137666e+001,-4.869785e+001,-2.972331e+002, 0.000000e+000, 0.000000e+000, 0.000000e+000
 5.488500e-001, 2.544199e+003,-2.769055e+003,-2.661054e+002,-4.081405e+002, 5.235057e+001,-5.135426e+001,-2.267927e+002, 0.000000e+000, 0.000000e+000, 0.000000e+000
 5.489000e-001, 2.604413e+003,-2.754266e+003,-3.716981e+002,-3.374572e+002, 5.274285e+001,-5.376562e+001,-1.555173e+002, 0.000000e+000, 0.000000e+000, 0.000000e+000
 5.489500e-001, 2.594163e+003,-2.701554e+003,-3.905190e+002,-2.667598e+002, 5.368586e+001,-5.636681e+001,-8.492505e+001, 0.000000e+000, 0.000000e+000, 0.000000e+000
 5.490000e-001, 2.649513e+003,-2.667494e+003,-5.014464e+002,-1.958701e+002, 5.401239e+001,-5.877951e+001,-1.356073e+001, 0.000000e+000, 0.000000e+000, 0.000000e+000
 5.490500e-001, 2.640411e+003,-2.630627e+003,-5.152473e+002,-1.250162e+002, 5.491745e+001,-6.131951e+001, 5.708717e+001, 0.000000e+000, 0.000000e+000, 0.000000e+000
 5.491000e-001, 2.690821e+003,-2.576549e+003,-6.295593e+002,-5.401711e+001, 5.517982e+001,-6.373369e+001, 1.284367e+002, 0.000000e+000, 0.000000e+000, 0.000000e+000
 5.491500e-001, 2.682995e+003,-2.556251e+003,-6.401779e+002, 1.688859e+001, 5.603944e+001,-6.620806e+001, 1.990434e+002, 0.000000e+000, 0.000000e+000, 0.000000e+000
 5.492000e-001, 2.728157e+003,-2.481694e+003,-7.558167e+002, 8.790039e+001, 5.624017e+001,-6.862203e+001, 2.702746e+002, 0.000000e+000, 0.000000e+000, 0.000000e+000
 5.492500e-001, 2.721972e+003,-2.478392e+003,-7.651495e+002, 1.587532e+002, 5.704654e+001,-7.102792e+001, 3.407428e+002, 0.000000e+000, 0.000000e+000, 0.000000e+000
 5.493000e-001, 2.761351e+003,-2.383218e+003,-8.800498e+002, 2.296808e+002, 5.718895e+001,-7.343818e+001, 4.117528e+002, 0.000000e+000, 0.000000e+000, 0.000000e+000
 5.493500e-001, 2.757402e+003,-2.397004e+003,-8.899525e+002, 3.003764e+002, 5.793403e+001,-7.577425e+001, 4.819844e+002, 0.000000e+000, 0.000000e+000, 0.000000e+000
 5.494000e-001, 2.790243e+003,-2.281425e+003,-1.002140e+003, 3.711229e+002, 5.802224e+001,-7.817558e+001, 5.526713e+002, 0.000000e+000, 0.000000e+000, 0.000000e+000
 5.494500e-001, 2.789335e+003,-2.312033e+003,-1.014333e+003, 4.415577e+002, 5.869794e+001,-8.044185e+001, 6.225678e+002, 0.000000e+000, 0.000000e+000, 0.000000e+000
 5.495000e-001, 2.814700e+003,-2.176637e+003,-1.122012e+003, 5.120258e+002, 5.873668e+001,-8.282751e+001, 6.928303e+002, 0.000000e+000, 0.000000e+000, 0.000000e+000
 5.495500e-001, 2.817810e+003,-2.223425e+003,-1.138000e+003, 5.820975e+002, 5.933502e+001,-8.502515e+001, 7.622928e+002, 0.000000e+000, 0.000000e+000, 0.000000e+000
 5.496000e-001, 2.834616e+003,-2.069187e+003,-1.239629e+003, 6.521894e+002, 5.932956e+001,-8.738716e+001, 8.320313e+002, 0.000000e+000, 0.000000e+000, 0.000000e+000
 5.496500e-001, 2.842841e+003,-2.131125e+003,-1.260634e+003, 7.217971e+002, 5.984287e+001,-8.951817e+001, 9.009604e+002, 0.000000e+000, 0.000000e+000, 0.000000e+000
 5.497000e-001, 2.849918e+003,-1.959410e+003,-1.354984e+003, 7.914150e+002, 5.979878e+001,-9.184762e+001, 9.700762e+002, 0.000000e+000, 0.000000e+000, 0.000000e+000
 5.497500e-001, 2.864421e+003,-2.035085e+003,-1.381895e+003, 8.604595e+002, 6.021993e+001,-9.391450e+001, 1.038373e+003, 0.000000e+000, 0.000000e+000, 0.000000e+000
 5.498000e-001, 2.860576e+003,-1.847643e+003,-1.468085e+003, 9.295049e+002, 6.014293e+001,-9.620193e+001, 1.106769e+003, 0.000000e+000, 0.000000e+000, 0.000000e+000
 5.498500e-001, 2.882509e+003,-1.935273e+003,-1.501437e+003, 9.978893e+002, 6.046552e+001,-9.820734e+001, 1.174333e+003, 0.000000e+000, 0.000000e+000, 0.000000e+000
 5.499000e-001, 2.866599e+003,-1.734212e+003,-1.578949e+003, 1.066263e+003, 6.036126e+001,-1.004431e+002, 1.241914e+003, 0.000000e+000, 0.000000e+000, 0.000000e+000
 5.499500e-001, 2.897037e+003,-1.831673e+003,-1.618915e+003, 1.133893e+003, 6.057982e+001,-1.023895e+002, 1.308647e+003, 0.000000e+000, 0.000000e+000, 0.000000e+000
 5.500000e-001, 2.868040e+003,-1.619432e+003,-1.687592e+003, 1.201496e+003, 6.045373e+001,-1.045642e+002, 1.375318e+003, 0.000000e+000, 0.000000e+000, 0.000000e+000
 5.500500e-001, 2.907904e+003,-1.724296e+003,-1.734001e+003, 1.268278e+003, 6.056395e+001,-1.064536e+002, 1.441123e+003, 0.000000e+000, 0.000000e+000, 0.000000e+000
 5.501000e-001, 2.864994e+003,-1.503596e+003,-1.794013e+003, 1.335013e+003, 6.042097e+001,-1.085583e+002, 1.506792e+003, 0.000000e+000, 0.000000e+000, 0.000000e+000
 5.501500e-001, 2.914979e+003,-1.613180e+003,-1.846390e+003, 1.400857e+003, 6.041985e+001,-1.103917e+002, 1.571569e+003, 0.000000e+000, 0.000000e+000, 0.000000e+000
 5.502000e-001, 2.857595e+003,-1.386971e+003,-1.898193e+003, 1.466623e+003, 6.026431e+001,-1.124185e+002, 1.636145e+003, 0.000000e+000, 0.000000e+000, 0.000000e+000
 5.502500e-001, 2.918109e+003,-1.498399e+003,-1.955807e+003, 1.531442e+003, 6.015031e+001,-1.141959e+002, 1.699800e+003, 0.000000e+000, 0.000000e+000, 0.000000e+000
 5.503000e-001, 2.846010e+003,-1.269797e+003,-2.000083e+003, 1.596141e+003, 5.998575e+001,-1.161378e+002, 1.763191e+003, 0.000000e+000, 0.000000e+000, 0.000000e+000
 5.503500e-001, 2.917120e+003,-1.380065e+003,-2.062017e+003, 1.659849e+003, 5.975888e+001,-1.178581e+002, 1.825629e+003, 0.000000e+000, 0.000000e+000, 0.000000e+000
 5.504000e-001, 2.830436e+003,-1.152278e+003,-2.099602e+003, 1.723385e+003, 5.958799e+001,-1.197094e+002, 1.887749e+003, 0.000000e+000, 0.000000e+000, 0.000000e+000
 5.504500e-001, 2.911826e+003,-1.258329e+003,-2.164824e+003, 1.785897e+003, 5.924987e+001,-1.213701e+002, 1.948877e+003, 0.000000e+000, 0.000000e+000, 0.000000e+000
 5.505000e-001, 2.811083e+003,-1.034582e+003,-2.196635e+003, 1.848173e+003, 5.907431e+001,-1.231264e+002, 2.009638e+003, 0.000000e+000, 0.000000e+000, 0.000000e+000
 5.505500e-001, 2.902041e+003,-1.133383e+003,-2.264076e+003, 1.909410e+003, 5.862819e+001,-1.247239e+002, 2.069365e+003, 0.000000e+000, 0.000000e+000, 0.000000e+000
 5.506000e-001, 2.788178e+003,-9.168439e+002,-2.291035e+003, 1.970332e+003, 5.844866e+001,-1.263821e+002, 2.128682e+003, 0.000000e+000, 0.000000e+000, 0.000000e+000
 5.506500e-001, 2.887583e+003,-1.005462e+003,-2.359660e+003, 2.030212e+003, 5.789935e+001,-1.279116e+002, 2.186920e+003, 0.000000e+000, 0.000000e+000, 0.000000e+000
 5.507000e-001, 2.761943e+003,-7.991588e+002,-2.382624e+003, 2.089688e+003, 5.771552e+001,-1.294696e+002, 2.244708e+003, 0.000000e+000, 0.000000e+000, 0.000000e+000
 5.507500e-001, 2.868287e+003,-8.748373e+002,-2.451500e+003, 2.148134e+003, 5.706934e+001,-1.309253e+002, 2.301373e+003, 0.000000e+000, 0.000000e+000, 0.000000e+000
 5.508000e-001, 2.732594e+003,-6.815892e+002,-2.471199e+003, 2.206073e+003, 5.687991e+001,-1.323823e+002, 2.357549e+003, 0.000000e+000, 0.000000e+000, 0.000000e+000
 5.508500e-001, 2.844014e+003,-7.418181e+002,-2.539550e+003, 2.263009e+003, 5.614450e+001,-1.337577e+002, 2.412557e+003, 0.000000e+000, 0.000000e+000, 0.000000e+000
 5.509000e-001, 2.700324e+003,-5.641660e+002,-2.556540e+003, 2.319325e+003, 5.594733e+001,-1.351134e+002, 2.467041e+003, 0.000000e+000, 0.000000e+000, 0.000000e+000
 5.509500e-001, 2.814659e+003,-6.067450e+002,-2.623787e+003, 2.374674e+003, 5.513152e+001,-1.364016e+002, 2.520311e+003, 0.000000e+000, 0.000000e+000, 0.000000e+000
 5.510000e-001, 2.665303e+003,-4.468928e+002,-2.638419e+003, 2.429284e+003, 5.492366e+001,-1.376565e+002, 2.573025e+003, 0.000000e+000, 0.000000e+000, 0.000000e+000
 5.510500e-001, 2.780161e+003,-4.699857e+002,-2.704203e+003, 2.482971e+003, 5.403722e+001,-1.388504e+002, 2.624481e+003, 0.000000e+000, 0.000000e+000, 0.000000e+000
 5.511000e-001, 2.627666e+003,-3.297514e+002,-2.716606e+003, 2.535796e+003, 5.381513e+001,-1.400050e+002, 2.675346e+003, 0.000000e+000, 0.000000e+000, 0.000000e+000
 5.511500e-001, 2.740505e+003,-3.319288e+002,-2.780793e+003, 2.587748e+003, 5.286857e+001,-1.410978e+002, 2.724915e+003, 0.000000e+000, 0.000000e+000, 0.000000e+000
 5.512000e-001, 2.587506e+003,-2.127073e+002,-2.790882e+003, 2.638713e+003, 5.262826e+001,-1.421526e+002, 2.773857e+003, 0.000000e+000, 0.000000e+000, 0.000000e+000
 5.512500e-001, 2.695729e+003,-1.929771e+002,-2.853553e+003, 2.688856e+003, 5.163250e+001,-1.431381e+002, 2.821468e+003, 0.000000e+000, 0.000000e+000, 0.000000e+000
 5.513000e-001, 2.544876e+003,-9.571563e+001,-2.861046e+003, 2.737888e+003, 5.136971e+001,-1.440934e+002, 2.868414e+003, 0.000000e+000, 0.000000e+000, 0.000000e+000
 5.513500e-001, 2.645926e+003,-5.354084e+001,-2.922464e+003, 2.786151e+003, 5.033590e+001,-1.449660e+002, 2.913999e+003, 0.000000e+000, 0.000000e+000, 0.000000e+000
 5.514000e-001, 2.499786e+003, 2.127182e+001,-2.926923e+003, 2.833185e+003, 5.004626e+001,-1.458215e+002, 2.958880e+003, 0.000000e+000, 0.000000e+000, 0.000000e+000
 5.514500e-001, 2.591242e+003, 8.596893e+001,-2.987492e+003, 2.879497e+003, 4.898545e+001,-1.465769e+002, 3.002374e+003, 0.000000e+000, 0.000000e+000, 0.000000e+000
 5.515000e-001, 2.452202e+003, 1.383008e+002,-2.988368e+003, 2.924469e+003, 4.866470e+001,-1.473316e+002, 3.045123e+003, 0.000000e+000, 0.000000e+000, 0.000000e+000
 5.515500e-001, 2.531874e+003, 2.251472e+002,-3.048579e+003, 2.968760e+003, 4.758765e+001,-1.479664e+002, 3.086466e+003, 0.000000e+000, 0.000000e+000, 0.000000e+000
 5.516000e-001, 2.402053e+003, 2.554086e+002,-3.045272e+003, 3.011612e+003, 4.723177e+001,-1.486185e+002, 3.127018e+003, 0.000000e+000, 0.000000e+000, 0.000000e+000
 5.516500e-001, 2.468064e+003, 3.636013e+002,-3.105643e+003, 3.053814e+003, 4.614865e+001,-1.491309e+002, 3.166153e+003, 0.000000e+000, 0.000000e+000, 0.000000e+000
 5.517000e-001, 2.349235e+003, 3.726187e+002,-3.097565e+003, 3.094492e+003, 4.575401e+001,-1.496777e+002, 3.204447e+003, 0.000000e+000, 0.000000e+000, 0.000000e+000
 5.517500e-001, 2.400095e+003, 5.009557e+002,-3.158577e+003, 3.134539e+003, 4.467425e+001,-1.500671e+002, 3.241318e+003, 0.000000e+000, 0.000000e+000, 0.000000e+000
 5.518000e-001, 2.293621e+003, 4.899360e+002,-3.145212e+003, 3.172993e+003, 4.423776e+001,-1.505052e+002, 3.277298e+003, 0.000000e+000, 0.000000e+000, 0.000000e+000
 5.518500e-001, 2.328280e+003, 6.368574e+002,-3.207250e+003, 3.210819e+003, 4.316987e+001,-1.507722e+002, 3.311853e+003, 0.000000e+000, 0.000000e+000, 0.000000e+000
 5.519000e-001, 2.235065e+003, 6.073435e+002,-3.188214e+003, 3.247002e+003, 4.268903e+001,-1.510976e+002, 3.345465e+003, 0.000000e+000, 0.000000e+000, 0.000000e+000
 5.519500e-001, 2.252949e+003, 7.709789e+002,-3.251509e+003, 3.282549e+003, 4.164045e+001,-1.512439e+002, 3.377657e+003, 0.000000e+000, 0.000000e+000, 0.000000e+000
 5.520000e-001, 2.173418e+003, 7.247994e+002,-3.226601e+003, 3.316417e+003, 4.111345e+001,-1.514522e+002, 3.408851e+003, 0.000000e+000, 0.000000e+000, 0.000000e+000
 5.520500e-001, 2.174447e+003, 9.030214e+002,-3.291189e+003, 3.349624e+003, 4.009046e+001,-1.514804e+002, 3.438633e+003, 0.000000e+000, 0.000000e+000, 0.000000e+000
 5.521000e-001, 2.108534e+003, 8.422356e+002,-3.260428e+003, 3.381138e+003, 3.951620e+001,-1.515668e+002, 3.467365e+003, 0.000000e+000, 0.000000e+000, 0.000000e+000
 5.521500e-001, 2.093115e+003, 1.032716e+003,-3.326117e+003, 3.411952e+003, 3.852388e+001,-1.514804e+002, 3.494695e+003, 0.000000e+000, 0.000000e+000, 0.000000e+000
 5.522000e-001, 2.040284e+003, 9.595571e+002,-3.289766e+003, 3.441073e+003, 3.790196e+001,-1.514401e+002, 3.520923e+003, 0.000000e+000, 0.000000e+000, 0.000000e+000
 5.522500e-001, 2.009284e+003, 1.159823e+003,-3.356120e+003, 3.469442e+003, 3.694418e+001,-1.512429e+002, 3.545761e+003, 0.000000e+000, 0.000000e+000, 0.000000e+000
 5.523000e-001, 1.968562e+003, 1.076642e+003,-3.314694e+003, 3.496137e+003, 3.627489e+001,-1.510715e+002, 3.569448e+003, 0.000000e+000, 0.000000e+000, 0.000000e+000
 5.523500e-001, 1.923263e+003, 1.284135e+003,-3.381035e+003, 3.522015e+003, 3.535431e+001,-1.507674e+002, 3.591760e+003, 0.000000e+000, 0.000000e+000, 0.000000e+000
 5.524000e-001, 1.893296e+003, 1.193345e+003,-3.335292e+003, 3.546250e+003, 3.463857e+001,-1.504612e+002, 3.612872e+003, 0.000000e+000, 0.000000e+000, 0.000000e+000
 5.524500e-001, 1.835332e+003, 1.405471e+003,-3.400714e+003, 3.569595e+003, 3.375669e+001,-1.500541e+002, 3.632625e+003, 0.000000e+000, 0.000000e+000, 0.000000e+000
 5.525000e-001, 1.814456e+003, 1.309494e+003,-3.351631e+003, 3.591341e+003, 3.299599e+001,-1.496100e+002, 3.651135e+003, 0.000000e+000, 0.000000e+000, 0.000000e+000
 5.525500e-001, 1.745735e+003, 1.523678e+003,-3.415036e+003, 3.612115e+003, 3.215323e+001,-1.491034e+002, 3.668297e+003, 0.000000e+000, 0.000000e+000, 0.000000e+000
 5.526000e-001, 1.732057e+003, 1.424900e+003,-3.363771e+003, 3.631343e+003, 3.134955e+001,-1.485196e+002, 3.684181e+003, 0.000000e+000, 0.000000e+000, 0.000000e+000
 5.526500e-001, 1.654676e+003, 1.638628e+003,-3.423909e+003, 3.649515e+003, 3.054538e+001,-1.479165e+002, 3.698729e+003, 0.000000e+000, 0.000000e+000, 0.000000e+000
 5.527000e-001, 1.646166e+003, 1.539355e+003,-3.371749e+003, 3.666198e+003, 2.970108e+001,-1.471924e+002, 3.711967e+003, 0.000000e+000, 0.000000e+000, 0.000000e+000
 5.527500e-001, 1.562313e+003, 1.750213e+003,-3.427279e+003, 3.681741e+003, 2.893406e+001,-1.464950e+002, 3.723876e+003, 0.000000e+000, 0.000000e+000, 0.000000e+000
 5.528000e-001, 1.556897e+003, 1.652635e+003,-3.375577e+003, 3.695854e+003, 2.805181e+001,-1.456313e+002, 3.734453e+003, 0.000000e+000, 0.000000e+000, 0.000000e+000
 5.528500e-001, 1.468763e+003, 1.858345e+003,-3.425128e+003, 3.708747e+003, 2.731979e+001,-1.448412e+002, 3.743706e+003, 0.000000e+000, 0.000000e+000, 0.000000e+000
 5.529000e-001, 1.464418e+003, 1.764508e+003,-3.375244e+003, 3.720269e+003, 2.640245e+001,-1.438400e+002, 3.751611e+003, 0.000000e+000, 0.000000e+000, 0.000000e+000
 5.529500e-001, 1.374099e+003, 1.962951e+003,-3.417483e+003, 3.730493e+003, 2.570263e+001,-1.429578e+002, 3.758191e+003, 0.000000e+000, 0.000000e+000, 0.000000e+000
 5.530000e-001, 1.368939e+003, 1.874734e+003,-3.370711e+003, 3.739404e+003, 2.475318e+001,-1.418229e+002, 3.763417e+003, 0.000000e+000, 0.000000e+000, 0.000000e+000
 5.530500e-001, 1.278357e+003, 2.063971e+003,-3.404406e+003, 3.746949e+003, 2.408228e+001,-1.408485e+002, 3.767313e+003, 0.000000e+000, 0.000000e+000, 0.000000e+000
 5.531000e-001, 1.270716e+003, 1.983066e+003,-3.361913e+003, 3.753230e+003, 2.310374e+001,-1.395847e+002, 3.769857e+003, 0.000000e+000, 0.000000e+000, 0.000000e+000
 5.531500e-001, 1.181541e+003, 2.161356e+003,-3.385999e+003, 3.758089e+003, 2.245804e+001,-1.385172e+002, 3.771061e+003, 0.000000e+000, 0.000000e+000, 0.000000e+000
 5.532000e-001, 1.170034e+003, 2.089258e+003,-3.348767e+003, 3.761726e+003, 2.145341e+001,-1.371308e+002, 3.770925e+003, 0.000000e+000, 0.000000e+000, 0.000000e+000
 5.532500e-001, 1.083629e+003, 2.255064e+003,-3.362393e+003, 3.763897e+003, 2.082895e+001,-1.359690e+002, 3.769434e+003, 0.000000e+000, 0.000000e+000, 0.000000e+000
 5.533000e-001, 1.067207e+003, 2.193063e+003,-3.331172e+003, 3.764878e+003, 1.980116e+001,-1.344670e+002, 3.766621e+003, 0.000000e+000, 0.000000e+000, 0.000000e+000
 5.533500e-001, 9.845834e+002, 2.345059e+003,-3.333748e+003, 3.764362e+003, 1.919375e+001,-1.332092e+002, 3.762435e+003, 0.000000e+000, 0.000000e+000, 0.000000e+000
 5.534000e-001, 9.625637e+002, 2.294241e+003,-3.309020e+003, 3.762678e+003, 1.814560e+001,-1.315994e+002, 3.756956e+003, 0.000000e+000, 0.000000e+000, 0.000000e+000
 5.534500e-001, 8.843590e+002, 2.431309e+003,-3.300241e+003, 3.759482e+003, 1.755095e+001,-1.302439e+002, 3.750080e+003, 0.000000e+000, 0.000000e+000, 0.000000e+000
 5.535000e-001, 8.564403e+002, 2.392552e+003,-3.282200e+003, 3.755128e+003, 1.648512e+001,-1.285347e+002, 3.741945e+003, 0.000000e+000, 0.000000e+000, 0.000000e+000
 5.535500e-001, 7.829128e+002, 2.513788e+003,-3.262064e+003, 3.749262e+003, 1.589888e+001,-1.270798e+002, 3.732387e+003, 0.000000e+000, 0.000000e+000, 0.000000e+000
 5.536000e-001, 7.491698e+002, 2.487763e+003,-3.250607e+003, 3.742237e+003, 1.481792e+001,-1.252799e+002, 3.721614e+003, 0.000000e+000, 0.000000e+000, 0.000000e+000
 5.536500e-001, 6.802126e+002, 2.592470e+003,-3.219408e+003, 3.733713e+003, 1.423575e+001,-1.237244e+002, 3.709387e+003, 0.000000e+000, 0.000000e+000, 0.000000e+000
 5.537000e-001, 6.410727e+002, 2.579651e+003,-3.214150e+003, 3.724022e+003, 1.314206e+001,-1.218420e+002, 3.695992e+003, 0.000000e+000, 0.000000e+000, 0.000000e+000
 5.537500e-001, 5.762460e+002, 2.667333e+003,-3.172465e+003, 3.712857e+003, 1.255967e+001,-1.201854e+002, 3.681115e+003, 0.000000e+000, 0.000000e+000, 0.000000e+000
 5.538000e-001, 5.324492e+002, 2.667997e+003,-3.172758e+003, 3.700507e+003, 1.145556e+001,-1.182287e+002, 3.665122e+003, 0.000000e+000, 0.000000e+000, 0.000000e+000
 5.538500e-001, 4.710270e+002, 2.738355e+003,-3.121412e+003, 3.686720e+003, 1.086874e+001,-1.164712e+002, 3.647615e+003, 0.000000e+000, 0.000000e+000, 0.000000e+000
 5.539000e-001, 4.235717e+002, 2.752593e+003,-3.126387e+003, 3.671723e+003, 9.756386e+000,-1.144477e+002, 3.629048e+003, 0.000000e+000, 0.000000e+000, 0.000000e+000
 5.539500e-001, 3.646027e+002, 2.805519e+003,-3.066414e+003, 3.655336e+003, 9.161040e+000,-1.125904e+002, 3.608938e+003, 0.000000e+000, 0.000000e+000, 0.000000e+000
 5.540000e-001, 3.146798e+002, 2.833236e+003,-3.075024e+003, 3.637712e+003, 8.042573e+000,-1.105070e+002, 3.587825e+003, 0.000000e+000, 0.000000e+000, 0.000000e+000
 5.540500e-001, 2.570563e+002, 2.868809e+003,-3.007613e+003, 3.618749e+003, 7.434750e+000,-1.085522e+002, 3.565144e+003, 0.000000e+000, 0.000000e+000, 0.000000e+000
 5.541000e-001, 2.059765e+002, 2.909733e+003,-3.018692e+003, 3.598519e+003, 6.312240e+000,-1.064149e+002, 3.541514e+003, 0.000000e+000, 0.000000e+000, 0.000000e+000
 5.541500e-001, 1.485105e+002, 2.928210e+003,-2.945129e+003, 3.577008e+003, 5.688144e+000,-1.043658e+002, 3.516296e+003, 0.000000e+000, 0.000000e+000, 0.000000e+000
 5.542000e-001, 9.762643e+001, 2.981900e+003,-2.957449e+003, 3.554200e+003, 4.563641e+000,-1.021796e+002, 3.490185e+003, 0.000000e+000, 0.000000e+000, 0.000000e+000
 5.542500e-001, 3.912685e+001, 2.983712e+003,-2.879059e+003, 3.530169e+003, 3.919662e+000,-1.000407e+002, 3.462469e+003, 0.000000e+000, 0.000000e+000, 0.000000e+000
 5.543000e-001,-1.024377e+001, 3.049562e+003,-2.891389e+003, 3.504817e+003, 2.795214e+000,-9.780973e+001, 3.433911e+003, 0.000000e+000, 0.000000e+000, 0.000000e+000
 5.543500e-001,-7.089546e+001, 3.035308e+003,-2.809476e+003, 3.478299e+003, 2.127950e+000,-9.558653e+001, 3.403741e+003, 0.000000e+000, 0.000000e+000, 0.000000e+000
 5.544000e-001,-1.175432e+002, 3.112549e+003,-2.820642e+003, 3.450440e+003, 1.005623e+000,-9.331396e+001, 3.372775e+003, 0.000000e+000, 0.000000e+000, 0.000000e+000
 5.544500e-001,-1.813233e+002, 3.082991e+003,-2.736432e+003, 3.421468e+003, 3.119005e-001,-9.101273e+001, 3.340198e+003, 0.000000e+000, 0.000000e+000, 0.000000e+000
 5.545000e-001,-2.242127e+002, 3.170706e+003,-2.745365e+003, 3.391146e+003,-8.062133e-001,-8.870102e+001, 3.306867e+003, 0.000000e+000, 0.000000e+000, 0.000000e+000
 5.545500e-001,-2.918945e+002, 3.126760e+003,-2.659963e+003, 3.359757e+003,-1.529304e+000,-8.632881e+001, 3.271932e+003, 0.000000e+000, 0.000000e+000, 0.000000e+000
 5.546000e-001,-3.302195e+002, 3.223883e+003,-2.665746e+003, 3.327018e+003,-2.641080e+000,-8.397974e+001, 3.236281e+003, 0.000000e+000, 0.000000e+000, 0.000000e+000
 5.546500e-001,-4.023250e+002, 3.166615e+003,-2.580094e+003, 3.293253e+003,-3.396157e+000,-8.154411e+001, 3.199044e+003, 0.000000e+000, 0.000000e+000, 0.000000e+000
 5.547000e-001,-4.355504e+002, 3.271941e+003,-2.581989e+003, 3.258148e+003,-4.499439e+000,-7.915897e+001, 3.161119e+003, 0.000000e+000, 0.000000e+000, 0.000000e+000
 5.547500e-001,-5.123155e+002, 3.202556e+003,-2.496841e+003, 3.222049e+003,-5.288788e+000,-7.666776e+001, 3.121636e+003, 0.000000e+000, 0.000000e+000, 0.000000e+000
 5.548000e-001,-5.402046e+002, 3.314755e+003,-2.494315e+003, 3.184633e+003,-6.381401e+000,-7.424754e+001, 3.081490e+003, 0.000000e+000, 0.000000e+000, 0.000000e+000
 5.548500e-001,-6.215604e+002, 3.234588e+003,-2.410224e+003, 3.146247e+003,-7.206941e+000,-7.170861e+001, 3.039822e+003, 0.000000e+000, 0.000000e+000, 0.000000e+000
 5.549000e-001,-6.441851e+002, 3.352208e+003,-2.402950e+003, 3.106578e+003,-8.286699e+000,-6.925420e+001, 2.997507e+003, 0.000000e+000, 0.000000e+000, 0.000000e+000
 5.549500e-001,-7.297560e+002, 3.262714e+003,-2.320268e+003, 3.065955e+003,-9.149939e+000,-6.667525e+001, 2.953716e+003, 0.000000e+000, 0.000000e+000, 0.000000e+000
 5.550000e-001,-7.474912e+002, 3.384198e+003,-2.308122e+003, 3.024094e+003,-1.021467e+001,-6.418762e+001, 2.909290e+003, 0.000000e+000, 0.000000e+000, 0.000000e+000
 5.550500e-001,-8.366085e+002, 3.286938e+003,-2.227008e+003, 2.981287e+003,-1.111666e+001,-6.157591e+001, 2.863441e+003, 0.000000e+000, 0.000000e+000, 0.000000e+000
 5.551000e-001,-8.501108e+002, 3.410635e+003,-2.210053e+003, 2.937300e+003,-1.216423e+001,-5.905630e+001, 2.816966e+003, 0.000000e+000, 0.000000e+000, 0.000000e+000
 5.551500e-001,-9.418422e+002, 3.307262e+003,-2.130500e+003, 2.892365e+003,-1.310554e+001,-5.641846e+001, 2.769126e+003, 0.000000e+000, 0.000000e+000, 0.000000e+000
 5.552000e-001,-9.520135e+002, 3.431448e+003,-2.108956e+003, 2.846317e+003,-1.413387e+001,-5.386852e+001, 2.720665e+003, 0.000000e+000, 0.000000e+000, 0.000000e+000
 5.552500e-001,-1.045206e+003, 3.323686e+003,-2.030821e+003, 2.799317e+003,-1.511453e+001,-5.121044e+001, 2.670904e+003, 0.000000e+000, 0.000000e+000, 0.000000e+000
 5.553000e-001,-1.053145e+003, 3.446577e+003,-2.005026e+003, 2.751277e+003,-1.612162e+001,-4.863231e+001, 2.620524e+003, 0.000000e+000, 0.000000e+000, 0.000000e+000
 5.553500e-001,-1.146478e+003, 3.336206e+003,-1.928073e+003, 2.702276e+003,-1.714108e+001,-4.595898e+001, 2.568913e+003, 0.000000e+000, 0.000000e+000, 0.000000e+000
 5.554000e-001,-1.153421e+003, 3.455983e+003,-1.898443e+003, 2.652316e+003,-1.812508e+001,-4.335542e+001, 2.516685e+003, 0.000000e+000, 0.000000e+000, 0.000000e+000
 5.554500e-001,-1.245471e+003, 3.344817e+003,-1.822383e+003, 2.601383e+003,-1.918218e+001,-4.067090e+001, 2.463296e+003, 0.000000e+000, 0.000000e+000, 0.000000e+000
 5.555000e-001,-1.252728e+003, 3.459643e+003,-1.789369e+003, 2.549574e+003,-2.014137e+001,-3.804523e+001, 2.409294e+003, 0.000000e+000, 0.000000e+000, 0.000000e+000
 5.555500e-001,-1.342035e+003, 3.349506e+003,-1.713908e+003, 2.496783e+003,-2.123433e+001,-3.535264e+001, 2.354201e+003, 0.000000e+000, 0.000000e+000, 0.000000e+000
 5.556000e-001,-1.350920e+003, 3.457552e+003,-1.677945e+003, 2.443200e+003,-2.216716e+001,-3.270878e+001, 2.298503e+003, 0.000000e+000, 0.000000e+000, 0.000000e+000
 5.556500e-001,-1.436055e+003, 3.350256e+003,-1.602827e+003, 2.388627e+003,-2.329352e+001,-3.001034e+001, 2.241781e+003, 0.000000e+000, 0.000000e+000, 0.000000e+000
 5.557000e-001,-1.447818e+003, 3.449728e+003,-1.564296e+003, 2.333344e+003,-2.419865e+001,-2.735269e+001, 2.184467e+003, 0.000000e+000, 0.000000e+000, 0.000000e+000
 5.557500e-001,-1.527453e+003, 3.347044e+003,-1.489344e+003, 2.277071e+003,-2.535530e+001,-2.464984e+001, 2.126195e+003, 0.000000e+000, 0.000000e+000, 0.000000e+000
 5.558000e-001,-1.543214e+003, 3.436207e+003,-1.448533e+003, 2.220166e+003,-2.623160e+001,-2.198319e+001, 2.067346e+003, 0.000000e+000, 0.000000e+000, 0.000000e+000
 5.558500e-001,-1.616185e+003, 3.339840e+003,-1.373681e+003, 2.162275e+003,-2.741474e+001,-1.927672e+001, 2.007603e+003, 0.000000e+000, 0.000000e+000, 0.000000e+000
 5.559000e-001,-1.636876e+003, 3.417044e+003,-1.330757e+003, 2.103826e+003,-2.826134e+001,-1.660610e+001, 1.947306e+003, 0.000000e+000, 0.000000e+000, 0.000000e+000
 5.559500e-001,-1.702232e+003, 3.328606e+003,-1.256073e+003, 2.044405e+003,-2.946649e+001,-1.389632e+001, 1.886171e+003, 0.000000e+000, 0.000000e+000, 0.000000e+000
 5.560000e-001,-1.728552e+003, 3.392318e+003,-1.211063e+003, 1.984493e+003,-3.028276e+001,-1.122683e+001, 1.824512e+003, 0.000000e+000, 0.000000e+000, 0.000000e+000
 5.560500e-001,-1.785602e+003, 3.313301e+003,-1.136762e+003, 1.923632e+003,-3.150480e+001,-8.513789e+000, 1.762068e+003, 0.000000e+000, 0.000000e+000, 0.000000e+000
 5.561000e-001,-1.817975e+003, 3.362125e+003,-1.089548e+003, 1.862336e+003,-3.229037e+001,-5.850404e+000, 1.699139e+003, 0.000000e+000, 0.000000e+000, 0.000000e+000
 5.561500e-001,-1.866315e+003, 3.293873e+003,-1.015993e+003, 1.800128e+003,-3.352354e+001,-3.134105e+000, 1.635469e+003, 0.000000e+000, 0.000000e+000, 0.000000e+000
 5.562000e-001,-1.904875e+003, 3.326583e+003,-9.663132e+002, 1.737533e+003,-3.427829e+001,-4.814981e-001, 1.571360e+003, 0.000000e+000, 0.000000e+000, 0.000000e+000
 5.562500e-001,-1.944403e+003, 3.270269e+003,-8.940059e+002, 1.674071e+003,-3.551628e+001, 2.237892e+000, 1.506551e+003, 0.000000e+000, 0.000000e+000, 0.000000e+000
 5.563000e-001,-1.988981e+003, 3.285829e+003,-8.414730e+002, 1.610261e+003,-3.624033e+001, 4.875527e+000, 1.441354e+003, 0.000000e+000, 0.000000e+000, 0.000000e+000
 5.563500e-001,-2.019900e+003, 3.242427e+003,-7.710299e+002, 1.545641e+003,-3.747627e+001, 7.597468e+000, 1.375492e+003, 0.000000e+000, 0.000000e+000, 0.000000e+000
 5.564000e-001,-2.070034e+003, 3.240017e+003,-7.151584e+002, 1.480704e+003,-3.817001e+001, 1.021657e+001, 1.309302e+003, 0.000000e+000, 0.000000e+000, 0.000000e+000
 5.564500e-001,-2.092832e+003, 3.210284e+003,-6.472779e+002, 1.415024e+003,-3.939657e+001, 1.293997e+001, 1.242478e+003, 0.000000e+000, 0.000000e+000, 0.000000e+000
 5.565000e-001,-2.147790e+003, 3.189317e+003,-5.875215e+002, 1.349048e+003,-4.006057e+001, 1.553774e+001, 1.175389e+003, 0.000000e+000, 0.000000e+000, 0.000000e+000
 5.565500e-001,-2.163213e+003, 3.173774e+003,-5.229429e+002, 1.282405e+003,-4.127006e+001, 1.826079e+001, 1.107694e+003, 0.000000e+000, 0.000000e+000, 0.000000e+000
 5.566000e-001,-2.222029e+003, 3.133916e+003,-4.587386e+002, 1.215481e+003,-4.190508e+001, 2.083528e+001, 1.039802e+003, 0.000000e+000, 0.000000e+000, 0.000000e+000
 5.566500e-001,-2.231042e+003, 3.132830e+003,-3.981943e+002, 1.147974e+003,-4.308952e+001, 2.355536e+001, 9.713288e+002, 0.000000e+000, 0.000000e+000, 0.000000e+000
 5.567000e-001,-2.292562e+003, 3.074012e+003,-3.290125e+002, 1.080196e+003,-4.369648e+001, 2.610549e+001, 9.027298e+002, 0.000000e+000, 0.000000e+000, 0.000000e+000
 5.567500e-001,-2.296290e+003, 3.087387e+003,-2.731771e+002, 1.011924e+003,-4.484769e+001, 2.881914e+001, 8.335736e+002, 0.000000e+000, 0.000000e+000, 0.000000e+000
 5.568000e-001,-2.359230e+003, 3.009815e+003,-1.985725e+002, 9.433863e+002,-4.542760e+001, 3.134469e+001, 7.643644e+002, 0.000000e+000, 0.000000e+000, 0.000000e+000
 5.568500e-001,-2.358907e+003, 3.037383e+003,-1.480108e+002, 8.744470e+002,-4.653734e+001, 3.404755e+001, 6.946217e+002, 0.000000e+000, 0.000000e+000, 0.000000e+000
 5.569000e-001,-2.421914e+003, 2.941543e+003,-6.767324e+001, 8.052477e+002,-4.709130e+001, 3.654911e+001, 6.248992e+002, 0.000000e+000, 0.000000e+000, 0.000000e+000
 5.569500e-001,-2.418812e+003, 2.982763e+003,-2.279167e+001, 7.357402e+002,-4.815136e+001, 3.923602e+001, 5.546681e+002, 0.000000e+000, 0.000000e+000, 0.000000e+000
 5.570000e-001,-2.480528e+003, 2.869419e+003, 6.340796e+001, 6.659781e+002,-4.868048e+001, 4.171485e+001, 4.845296e+002, 0.000000e+000, 0.000000e+000, 0.000000e+000
 5.570500e-001,-2.475898e+003, 2.923478e+003, 1.024044e+002, 5.960005e+002,-4.968281e+001, 4.437992e+001, 4.139094e+002, 0.000000e+000, 0.000000e+000, 0.000000e+000
 5.571000e-001,-2.535027e+003, 2.793669e+003, 1.943755e+002, 5.257767e+002,-5.018816e+001, 4.683779e+001, 3.434523e+002, 0.000000e+000, 0.000000e+000, 0.000000e+000
 5.571500e-001,-2.530032e+003, 2.859492e+003, 2.275177e+002, 4.554268e+002,-5.112503e+001, 4.947458e+001, 2.725437e+002, 0.000000e+000, 0.000000e+000, 0.000000e+000
 5.572000e-001,-2.585396e+003, 2.714522e+003, 3.249211e+002, 3.848436e+002,-5.160757e+001, 5.191356e+001, 2.018656e+002, 0.000000e+000, 0.000000e+000, 0.000000e+000
 5.572500e-001,-2.581060e+003, 2.790782e+003, 3.524989e+002, 3.142187e+002,-5.247165e+001, 5.451525e+001, 1.307698e+002, 0.000000e+000, 0.000000e+000, 0.000000e+000
 5.573000e-001,-2.631653e+003, 2.632200e+003, 4.547300e+002, 2.433798e+002,-5.293225e+001, 5.693749e+001, 5.996842e+001, 0.000000e+000, 0.000000e+000, 0.000000e+000
 5.573500e-001,-2.628806e+003, 2.717340e+003, 4.773023e+002, 1.725769e+002,-5.371674e+001, 5.949709e+001,-1.121249e+001, 0.000000e+000, 0.000000e+000, 0.000000e+000
 5.574000e-001,-2.673840e+003, 2.546922e+003, 5.834888e+002, 1.015868e+002,-5.415605e+001, 6.190456e+001,-8.203913e+001, 0.000000e+000, 0.000000e+000, 0.000000e+000
 5.574500e-001,-2.673089e+003, 2.639176e+003, 6.018795e+002, 3.070245e+001,-5.485482e+001, 6.441517e+001,-1.532029e+002, 0.000000e+000, 0.000000e+000, 0.000000e+000
 5.575000e-001,-2.712019e+003, 2.458901e+003, 7.108925e+002,-4.033383e+001,-5.527327e+001, 6.680937e+001,-2.239566e+002, 0.000000e+000, 0.000000e+000, 0.000000e+000
 5.575500e-001,-2.713716e+003, 2.556320e+003, 7.261716e+002,-1.112032e+002,-5.588094e+001, 6.926441e+001,-2.950008e+002, 0.000000e+000, 0.000000e+000, 0.000000e+000
 5.576000e-001,-2.746262e+003, 2.368338e+003, 8.366526e+002,-1.821804e+002,-5.627871e+001, 7.164619e+001,-3.655835e+002, 0.000000e+000, 0.000000e+000, 0.000000e+000
 5.576500e-001,-2.750502e+003, 2.468824e+003, 8.501025e+002,-2.529386e+002,-5.679076e+001, 7.403963e+001,-4.364058e+002, 0.000000e+000, 0.000000e+000, 0.000000e+000
 5.577000e-001,-2.776650e+003, 2.275422e+003, 9.605035e+002,-3.237519e+002,-5.716772e+001, 7.640888e+001,-5.067190e+002, 0.000000e+000, 0.000000e+000, 0.000000e+000
 5.577500e-001,-2.783269e+003, 2.376764e+003, 9.735729e+002,-3.943027e+002,-5.758057e+001, 7.873544e+001,-5.772177e+002, 0.000000e+000, 0.000000e+000, 0.000000e+000
 5.578000e-001,-2.803257e+003, 2.180329e+003, 1.082209e+003,-4.648477e+002,-5.793626e+001, 8.109097e+001,-6.471628e+002, 0.000000e+000, 0.000000e+000, 0.000000e+000
 5.578500e-001,-2.811855e+003, 2.280240e+003, 1.096455e+003,-5.350949e+002,-5.824736e+001, 8.334628e+001,-7.172368e+002, 0.000000e+000, 0.000000e+000, 0.000000e+000
 5.579000e-001,-2.826154e+003, 2.083220e+003, 1.201568e+003,-6.052682e+002,-5.858100e+001, 8.568562e+001,-7.867153e+002, 0.000000e+000, 0.000000e+000, 0.000000e+000
 5.579500e-001,-2.836121e+003, 2.179377e+003, 1.218589e+003,-6.751155e+002,-5.878881e+001, 8.786641e+001,-8.562642e+002, 0.000000e+000, 0.000000e+000, 0.000000e+000
 5.580000e-001,-2.845393e+003, 1.984237e+003, 1.318416e+003,-7.448150e+002,-5.909928e+001, 9.018578e+001,-9.251777e+002, 0.000000e+000, 0.000000e+000, 0.000000e+000
 5.580500e-001,-2.855958e+003, 2.074327e+003, 1.339780e+003,-8.141659e+002,-5.920340e+001, 9.228984e+001,-9.941022e+002, 0.000000e+000, 0.000000e+000, 0.000000e+000
 5.581000e-001,-2.861010e+003, 1.883510e+003, 1.432629e+003,-8.832911e+002,-5.948924e+001, 9.458407e+001,-1.062352e+003, 0.000000e+000, 0.000000e+000, 0.000000e+000
 5.581500e-001,-2.871287e+003, 1.965266e+003, 1.459800e+003,-9.520490e+002,-5.949035e+001, 9.661038e+001,-1.130555e+003, 0.000000e+000, 0.000000e+000, 0.000000e+000
 5.582000e-001,-2.873017e+003, 1.781148e+003, 1.544120e+003,-1.020501e+003,-5.974976e+001, 9.887299e+001,-1.198044e+003, 0.000000e+000, 0.000000e+000, 0.000000e+000
 5.582500e-001,-2.882064e+003, 1.852396e+003, 1.578387e+003,-1.088569e+003,-5.964965e+001, 1.008216e+002,-1.265426e+003, 0.000000e+000, 0.000000e+000, 0.000000e+000
 5.583000e-001,-2.881405e+003, 1.677244e+003, 1.652842e+003,-1.156252e+003,-5.988056e+001, 1.030449e+002,-1.332057e+003, 0.000000e+000, 0.000000e+000, 0.000000e+000
 5.583500e-001,-2.888282e+003, 1.735943e+003, 1.695250e+003,-1.223534e+003,-5.968209e+001, 1.049167e+002,-1.398525e+003, 0.000000e+000, 0.000000e+000, 0.000000e+000
 5.584000e-001,-2.886138e+003, 1.571876e+003, 1.758777e+003,-1.290352e+003,-5.988212e+001, 1.070920e+002,-1.464200e+003, 0.000000e+000, 0.000000e+000, 0.000000e+000
 5.584500e-001,-2.889969e+003, 1.616158e+003, 1.810075e+003,-1.356751e+003,-5.958919e+001, 1.088889e+002,-1.529659e+003, 0.000000e+000, 0.000000e+000, 0.000000e+000
 5.585000e-001,-2.887160e+003, 1.465105e+003, 1.861938e+003,-1.422613e+003,-5.975576e+001, 1.110067e+002,-1.594283e+003, 0.000000e+000, 0.000000e+000, 0.000000e+000
 5.585500e-001,-2.887183e+003, 1.493310e+003, 1.922529e+003,-1.488032e+003,-5.937323e+001, 1.127310e+002,-1.658641e+003, 0.000000e+000, 0.000000e+000, 0.000000e+000
 5.586000e-001,-2.884395e+003, 1.356979e+003, 1.962355e+003,-1.552847e+003,-5.950356e+001, 1.147812e+002,-1.722120e+003, 0.000000e+000, 0.000000e+000, 0.000000e+000
 5.586500e-001,-2.880015e+003, 1.367690e+003, 2.032272e+003,-1.617193e+003,-5.903719e+001, 1.164357e+002,-1.785286e+003, 0.000000e+000, 0.000000e+000, 0.000000e+000
 5.587000e-001,-2.877751e+003, 1.247534e+003, 2.060072e+003,-1.680872e+003,-5.912835e+001, 1.184080e+002,-1.847526e+003, 0.000000e+000, 0.000000e+000, 0.000000e+000
 5.587500e-001,-2.868577e+003, 1.239604e+003, 2.138963e+003,-1.744049e+003,-5.858471e+001, 1.199954e+002,-1.909412e+003, 0.000000e+000, 0.000000e+000, 0.000000e+000
 5.588000e-001,-2.867127e+003, 1.136794e+003, 2.155134e+003,-1.806508e+003,-5.863369e+001, 1.218797e+002,-1.970320e+003, 0.000000e+000, 0.000000e+000, 0.000000e+000
 5.588500e-001,-2.853001e+003, 1.109374e+003, 2.242269e+003,-1.868423e+003,-5.802003e+001, 1.234025e+002,-2.030838e+003, 0.000000e+000, 0.000000e+000, 0.000000e+000
 5.589000e-001,-2.852420e+003, 1.024778e+003, 2.247584e+003,-1.929578e+003,-5.802384e+001, 1.251890e+002,-2.090326e+003, 0.000000e+000, 0.000000e+000, 0.000000e+000
 5.589500e-001,-2.833431e+003, 9.773311e+002, 2.341877e+003,-1.990140e+003,-5.734796e+001, 1.266493e+002,-2.149391e+003, 0.000000e+000, 0.000000e+000, 0.000000e+000
 5.590000e-001,-2.833528e+003, 9.114974e+002, 2.337448e+003,-2.049906e+003,-5.730362e+001, 1.283290e+002,-2.207369e+003, 0.000000e+000, 0.000000e+000, 0.000000e+000
 5.590500e-001,-2.810014e+003, 8.438153e+002, 2.437499e+003,-2.109026e+003,-5.657379e+001, 1.297280e+002,-2.264898e+003, 0.000000e+000, 0.000000e+000, 0.000000e+000
 5.591000e-001,-2.810361e+003, 7.969616e+002, 2.424731e+003,-2.167326e+003,-5.647845e+001, 1.312930e+002,-2.321281e+003, 0.000000e+000, 0.000000e+000, 0.000000e+000
 5.591500e-001,-2.782897e+003, 7.091714e+002, 2.528881e+003,-2.224917e+003,-5.570322e+001, 1.326311e+002,-2.377192e+003, 0.000000e+000, 0.000000e+000, 0.000000e+000
 5.592000e-001,-2.782843e+003, 6.811803e+002, 2.509412e+003,-2.281670e+003,-5.555422e+001, 1.340745e+002,-2.431897e+003, 0.000000e+000, 0.000000e+000, 0.000000e+000
 5.592500e-001,-2.752220e+003, 5.737454e+002, 2.615810e+003,-2.337647e+003,-5.474228e+001, 1.353508e+002,-2.486111e+003, 0.000000e+000, 0.000000e+000, 0.000000e+000
 5.593000e-001,-2.750922e+003, 5.641663e+002, 2.591435e+003,-2.392778e+003,-5.453720e+001, 1.366673e+002,-2.539057e+003, 0.000000e+000, 0.000000e+000, 0.000000e+000
 5.593500e-001,-2.718109e+003, 4.378807e+002, 2.698116e+003,-2.447059e+003,-5.369726e+001, 1.378798e+002,-2.591497e+003, 0.000000e+000, 0.000000e+000, 0.000000e+000
 5.594000e-001,-2.714573e+003, 4.459383e+002, 2.670711e+003,-2.500491e+003,-5.343403e+001, 1.390656e+002,-2.642605e+003, 0.000000e+000, 0.000000e+000, 0.000000e+000
 5.594500e-001,-2.680670e+003, 3.019153e+002, 2.775676e+003,-2.553000e+003,-5.257464e+001, 1.402111e+002,-2.693197e+003, 0.000000e+000, 0.000000e+000, 0.000000e+000
 5.595000e-001,-2.673799e+003, 3.265242e+002, 2.747112e+003,-2.604660e+003,-5.225153e+001, 1.412638e+002,-2.742391e+003, 0.000000e+000, 0.000000e+000, 0.000000e+000
 5.595500e-001,-2.639993e+003, 1.661778e+002, 2.848413e+003,-2.655319e+003,-5.138096e+001, 1.423379e+002,-2.791062e+003, 0.000000e+000, 0.000000e+000, 0.000000e+000
 5.596000e-001,-2.628638e+003, 2.059635e+002, 2.820477e+003,-2.705135e+003,-5.099672e+001, 1.432568e+002,-2.838271e+003, 0.000000e+000, 0.000000e+000, 0.000000e+000
 5.596500e-001,-2.596143e+003, 3.098493e+001, 2.916295e+003,-2.753875e+003,-5.012280e+001, 1.442538e+002,-2.884951e+003, 0.000000e+000, 0.000000e+000, 0.000000e+000
 5.597000e-001,-2.579161e+003, 8.430995e+001, 2.890614e+003,-2.801776e+003,-4.967665e+001, 1.450395e+002,-2.930106e+003, 0.000000e+000, 0.000000e+000, 0.000000e+000
 5.597500e-001,-2.549161e+003,-1.033621e+002, 2.979327e+003,-2.848528e+003,-4.880665e+001, 1.459530e+002,-2.974729e+003, 0.000000e+000, 0.000000e+000, 0.000000e+000
 5.598000e-001,-2.525473e+003,-3.836591e+001, 2.957304e+003,-2.894445e+003,-4.829836e+001, 1.466074e+002,-3.017762e+003, 0.000000e+000, 0.000000e+000, 0.000000e+000
 5.598500e-001,-2.499068e+003,-2.365800e+002, 3.037554e+003,-2.939145e+003,-4.743886e+001, 1.474302e+002,-3.060263e+003, 0.000000e+000, 0.000000e+000, 0.000000e+000
 5.599000e-001,-2.467709e+003,-1.619749e+002, 3.020307e+003,-2.983011e+003,-4.686876e+001, 1.479562e+002,-3.101113e+003, 0.000000e+000, 0.000000e+000, 0.000000e+000
 5.599500e-001,-2.445866e+003,-3.684057e+002, 3.091043e+003,-3.025600e+003,-4.602556e+001, 1.486807e+002,-3.141430e+003, 0.000000e+000, 0.000000e+000, 0.000000e+000
 5.600000e-001,-2.406032e+003,-2.864075e+002, 3.079374e+003,-3.067349e+003,-4.539460e+001, 1.490818e+002,-3.180037e+003, 0.000000e+000, 0.000000e+000, 0.000000e+000
 5.600500e-001,-2.389540e+003,-4.985983e+002, 3.139883e+003,-3.107769e+003,-4.457262e+001, 1.497003e+002,-3.218113e+003, 0.000000e+000, 0.000000e+000, 0.000000e+000
 5.601000e-001,-2.340631e+003,-4.115327e+002, 3.134252e+003,-3.147341e+003,-4.388231e+001, 1.499808e+002,-3.254421e+003, 0.000000e+000, 0.000000e+000, 0.000000e+000
 5.601500e-001,-2.330064e+003,-6.269405e+002, 3.184174e+003,-3.185538e+003,-4.308554e+001, 1.504857e+002,-3.290199e+003, 0.000000e+000, 0.000000e+000, 0.000000e+000
 5.602000e-001,-2.271711e+003,-5.371970e+002, 3.184695e+003,-3.222872e+003,-4.233804e+001, 1.506498e+002,-3.324158e+003, 0.000000e+000, 0.000000e+000, 0.000000e+000
 5.602500e-001,-2.267405e+003,-7.532396e+002, 3.224015e+003,-3.258797e+003,-4.156945e+001, 1.510342e+002,-3.357586e+003, 0.000000e+000, 0.000000e+000, 0.000000e+000
 5.603000e-001,-2.199492e+003,-6.632249e+002, 3.230471e+003,-3.293835e+003,-4.076748e+001, 1.510861e+002,-3.389146e+003, 0.000000e+000, 0.000000e+000, 0.000000e+000
 5.603500e-001,-2.201530e+003,-8.773276e+002, 3.259502e+003,-3.327441e+003,-4.002906e+001, 1.513437e+002,-3.420176e+003, 0.000000e+000, 0.000000e+000, 0.000000e+000
 5.604000e-001,-2.124200e+003,-7.894183e+002, 3.271371e+003,-3.360131e+003,-3.917589e+001, 1.512873e+002,-3.449293e+003, 0.000000e+000, 0.000000e+000, 0.000000e+000
 5.604500e-001,-2.132410e+003,-9.990616e+002, 3.290714e+003,-3.391374e+003,-3.846859e+001, 1.514128e+002,-3.477878e+003, 0.000000e+000, 0.000000e+000, 0.000000e+000
 5.605000e-001,-2.046066e+003,-9.155583e+002, 3.307216e+003,-3.421665e+003,-3.756802e+001, 1.512514e+002,-3.504513e+003, 0.000000e+000, 0.000000e+000, 0.000000e+000
 5.605500e-001,-2.060027e+003,-1.118322e+003, 3.317714e+003,-3.450505e+003,-3.689179e+001, 1.512410e+002,-3.530610e+003, 0.000000e+000, 0.000000e+000, 0.000000e+000
 5.606000e-001,-1.965313e+003,-1.041406e+003, 3.337863e+003,-3.478350e+003,-3.594807e+001, 1.509773e+002,-3.554725e+003, 0.000000e+000, 0.000000e+000, 0.000000e+000
 5.606500e-001,-1.984375e+003,-1.235013e+003, 3.340536e+003,-3.504749e+003,-3.530193e+001, 1.508281e+002,-3.578297e+003, 0.000000e+000, 0.000000e+000, 0.000000e+000
 5.607000e-001,-1.882159e+003,-1.166705e+003, 3.363208e+003,-3.530105e+003,-3.431966e+001, 1.504640e+002,-3.599860e+003, 0.000000e+000, 0.000000e+000, 0.000000e+000
 5.607500e-001,-1.905470e+003,-1.349058e+003, 3.359193e+003,-3.554029e+003,-3.370172e+001, 1.501750e+002,-3.620871e+003, 0.000000e+000, 0.000000e+000, 0.000000e+000
 5.608000e-001,-1.796807e+003,-1.291183e+003, 3.383185e+003,-3.576856e+003,-3.268584e+001, 1.497114e+002,-3.639852e+003, 0.000000e+000, 0.000000e+000, 0.000000e+000
 5.608500e-001,-1.823349e+003,-1.460402e+003, 3.373667e+003,-3.598273e+003,-3.209342e+001, 1.492827e+002,-3.658271e+003, 0.000000e+000, 0.000000e+000, 0.000000e+000
 5.609000e-001,-1.709447e+003,-1.414556e+003, 3.397771e+003,-3.618537e+003,-3.104904e+001, 1.487200e+002,-3.674647e+003, 0.000000e+000, 0.000000e+000, 0.000000e+000
 5.609500e-001,-1.738072e+003,-1.569002e+003, 3.383915e+003,-3.637418e+003,-3.047876e+001, 1.481533e+002,-3.690445e+003, 0.000000e+000, 0.000000e+000, 0.000000e+000
 5.610000e-001,-1.620248e+003,-1.536530e+003, 3.406979e+003,-3.655089e+003,-2.941111e+001, 1.474909e+002,-3.704195e+003, 0.000000e+000, 0.000000e+000, 0.000000e+000
 5.610500e-001,-1.649725e+003,-1.674832e+003, 3.389873e+003,-3.671406e+003,-2.885899e+001, 1.467892e+002,-3.717350e+003, 0.000000e+000, 0.000000e+000, 0.000000e+000
 5.611000e-001,-1.529365e+003,-1.656805e+003, 3.410857e+003,-3.686458e+003,-2.777333e+001, 1.460259e+002,-3.728455e+003, 0.000000e+000, 0.000000e+000, 0.000000e+000
 5.611500e-001,-1.558422e+003,-1.777874e+003, 3.391458e+003,-3.700189e+003,-2.723491e+001, 1.451931e+002,-3.738947e+003, 0.000000e+000, 0.000000e+000, 0.000000e+000
 5.612000e-001,-1.436929e+003,-1.775078e+003, 3.409481e+003,-3.712598e+003,-2.613640e+001, 1.443278e+002,-3.747396e+003, 0.000000e+000, 0.000000e+000, 0.000000e+000
 5.612500e-001,-1.464297e+003,-1.878119e+003, 3.388577e+003,-3.723723e+003,-2.560689e+001, 1.433688e+002,-3.755208e+003, 0.000000e+000, 0.000000e+000, 0.000000e+000
 5.613000e-001,-1.343057e+003,-1.891049e+003, 3.402949e+003,-3.733473e+003,-2.450052e+001, 1.423997e+002,-3.760991e+003, 0.000000e+000, 0.000000e+000, 0.000000e+000
 5.613500e-001,-1.367512e+003,-1.975561e+003, 3.381130e+003,-3.741973e+003,-2.397489e+001, 1.413201e+002,-3.766112e+003, 0.000000e+000, 0.000000e+000, 0.000000e+000
 5.614000e-001,-1.247849e+003,-2.004418e+003, 3.391375e+003,-3.749050e+003,-2.286540e+001, 1.402459e+002,-3.769224e+003, 0.000000e+000, 0.000000e+000, 0.000000e+000
 5.614500e-001,-1.268247e+003,-2.070195e+003, 3.369021e+003,-3.754912e+003,-2.233851e+001, 1.390515e+002,-3.771647e+003, 0.000000e+000, 0.000000e+000, 0.000000e+000
 5.615000e-001,-1.151392e+003,-2.114897e+003, 3.374878e+003,-3.759307e+003,-2.123029e+001, 1.378709e+002,-3.772085e+003, 0.000000e+000, 0.000000e+000, 0.000000e+000
 5.615500e-001,-1.166697e+003,-2.162016e+003, 3.352162e+003,-3.762518e+003,-2.069703e+001, 1.365678e+002,-3.771807e+003, 0.000000e+000, 0.000000e+000, 0.000000e+000
 5.616000e-001,-1.053762e+003,-2.222205e+003, 3.353581e+003,-3.764226e+003,-1.959409e+001, 1.352804e+002,-3.769573e+003, 0.000000e+000, 0.000000e+000, 0.000000e+000
 5.616500e-001,-1.063074e+003,-2.251016e+003, 3.330484e+003,-3.764780e+003,-1.904945e+001, 1.338745e+002,-3.766595e+003, 0.000000e+000, 0.000000e+000, 0.000000e+000
 5.617000e-001,-9.550278e+002,-2.326074e+003, 3.327600e+003,-3.763800e+003,-1.795534e+001, 1.324803e+002,-3.761695e+003, 0.000000e+000, 0.000000e+000, 0.000000e+000
 5.617500e-001,-9.575987e+002,-2.337181e+003, 3.303938e+003,-3.761692e+003,-1.739452e+001, 1.309772e+002,-3.756021e+003, 0.000000e+000, 0.000000e+000, 0.000000e+000
 5.618000e-001,-8.552554e+002,-2.426251e+003, 3.297039e+003,-3.758027e+003,-1.631232e+001, 1.294774e+002,-3.748464e+003, 0.000000e+000, 0.000000e+000, 0.000000e+000
 5.618500e-001,-8.504961e+002,-2.420490e+003, 3.272503e+003,-3.753257e+003,-1.573080e+001, 1.278823e+002,-3.740105e+003, 0.000000e+000, 0.000000e+000, 0.000000e+000
 5.619000e-001,-7.545103e+002,-2.522498e+003, 3.261989e+003,-3.746913e+003,-1.466312e+001, 1.262789e+002,-3.729902e+003, 0.000000e+000, 0.000000e+000, 0.000000e+000
 5.619500e-001,-7.419950e+002,-2.500914e+003, 3.236188e+003,-3.739483e+003,-1.405669e+001, 1.245964e+002,-3.718871e+003, 0.000000e+000, 0.000000e+000, 0.000000e+000
 5.620000e-001,-6.528605e+002,-2.614597e+003, 3.222521e+003,-3.730473e+003,-1.300566e+001, 1.228924e+002,-3.706039e+003, 0.000000e+000, 0.000000e+000, 0.000000e+000
 5.620500e-001,-6.323225e+002,-2.578418e+003, 3.195031e+003,-3.720391e+003,-1.237052e+001, 1.211266e+002,-3.692353e+003, 0.000000e+000, 0.000000e+000, 0.000000e+000
 5.621000e-001,-5.503801e+002,-2.702343e+003, 3.178692e+003,-3.708726e+003,-1.133777e+001, 1.193261e+002,-3.676911e+003, 0.000000e+000, 0.000000e+000, 0.000000e+000
 5.621500e-001,-5.217017e+002,-2.652959e+003, 3.149103e+003,-3.696003e+003,-1.067053e+001, 1.174803e+002,-3.660593e+003, 0.000000e+000, 0.000000e+000, 0.000000e+000
 5.622000e-001,-4.471504e+002,-2.785553e+003, 3.130540e+003,-3.681703e+003,-9.657290e+000, 1.155884e+002,-3.642564e+003, 0.000000e+000, 0.000000e+000, 0.000000e+000
 5.622500e-001,-4.103493e+002,-2.724484e+003, 3.098504e+003,-3.666354e+003,-8.954967e+000, 1.136654e+002,-3.623639e+003, 0.000000e+000, 0.000000e+000, 0.000000e+000
 5.623000e-001,-3.432621e+002,-2.864059e+003, 3.078087e+003,-3.649439e+003,-7.962057e+000, 1.116880e+002,-3.603050e+003, 0.000000e+000, 0.000000e+000, 0.000000e+000
 5.623500e-001,-2.984742e+002,-2.792935e+003, 3.043360e+003,-3.631484e+003,-7.222129e+000, 1.096901e+002,-3.581547e+003, 0.000000e+000, 0.000000e+000, 0.000000e+000
 5.624000e-001,-2.388165e+002,-2.937711e+003, 3.021347e+003,-3.611979e+003,-6.250012e+000, 1.076337e+002,-3.558427e+003, 0.000000e+000, 0.000000e+000, 0.000000e+000
 5.624500e-001,-1.862757e+002,-2.858249e+003, 2.983816e+003,-3.591441e+003,-5.470384e+000, 1.055630e+002,-3.534379e+003, 0.000000e+000, 0.000000e+000, 0.000000e+000
 5.625000e-001,-1.339250e+002,-3.006376e+003, 2.960328e+003,-3.569374e+003,-4.519228e+000, 1.034345e+002,-3.508761e+003, 0.000000e+000, 0.000000e+000, 0.000000e+000
 5.625500e-001,-7.394402e+001,-2.920354e+003, 2.920035e+003,-3.546280e+003,-3.698239e+000, 1.012927e+002,-3.482207e+003, 0.000000e+000, 0.000000e+000, 0.000000e+000
 5.626000e-001,-2.871001e+001,-3.069937e+003, 2.895037e+003,-3.521683e+003,-2.767960e+000, 9.909947e+001,-3.454127e+003, 0.000000e+000, 0.000000e+000, 0.000000e+000
 5.626500e-001, 3.834049e+001,-2.979177e+003, 2.852188e+003,-3.496065e+003,-1.904377e+000, 9.688847e+001,-3.425105e+003, 0.000000e+000, 0.000000e+000, 0.000000e+000
 5.627000e-001, 7.669704e+001,-3.128291e+003, 2.825487e+003,-3.468973e+003,-9.946887e-001, 9.463766e+001,-3.394604e+003, 0.000000e+000, 0.000000e+000, 0.000000e+000
 5.627500e-001, 1.504062e+002,-3.034642e+003, 2.780448e+003,-3.440867e+003,-8.770506e-002, 9.235943e+001,-3.363158e+003, 0.000000e+000, 0.000000e+000, 0.000000e+000
 5.628000e-001, 1.821561e+002,-3.181352e+003, 2.751705e+003,-3.411317e+003, 8.018425e-001, 9.005802e+001,-3.330278e+003, 0.000000e+000, 0.000000e+000, 0.000000e+000
 5.628500e-001, 2.620891e+002,-3.086667e+003, 2.704987e+003,-3.380762e+003, 1.752610e+000, 8.771494e+001,-3.296457e+003, 0.000000e+000, 0.000000e+000, 0.000000e+000
 5.629000e-001, 2.875206e+002,-3.229045e+003, 2.673733e+003,-3.348797e+003, 2.622595e+000, 8.536945e+001,-3.261245e+003, 0.000000e+000, 0.000000e+000, 0.000000e+000
 5.629500e-001, 3.732321e+002,-3.135172e+003, 2.625967e+003,-3.315836e+003, 3.617096e+000, 8.296437e+001,-3.225097e+003, 0.000000e+000, 0.000000e+000, 0.000000e+000
 5.630000e-001, 3.926389e+002,-3.271314e+003, 2.591639e+003,-3.281501e+003, 4.468205e+000, 8.058071e+001,-3.187602e+003, 0.000000e+000, 0.000000e+000, 0.000000e+000
 5.630500e-001, 4.836827e+002,-3.180072e+003, 2.543538e+003,-3.246181e+003, 5.505942e+000, 7.811711e+001,-3.149182e+003, 0.000000e+000, 0.000000e+000, 0.000000e+000
 5.631000e-001, 4.973566e+002,-3.308114e+003, 2.505514e+003,-3.209524e+003, 6.338953e+000, 7.570038e+001,-3.109456e+003, 0.000000e+000, 0.000000e+000, 0.000000e+000
 5.631500e-001, 5.932917e+002,-3.221281e+003, 2.457832e+003,-3.171896e+003, 7.418964e+000, 7.318243e+001,-3.068821e+003, 0.000000e+000, 0.000000e+000, 0.000000e+000
 5.632000e-001, 6.015186e+002,-3.339416e+003, 2.415479e+003,-3.132969e+003, 8.234748e+000, 7.073686e+001,-3.026919e+003, 0.000000e+000, 0.000000e+000, 0.000000e+000
 5.632500e-001, 7.019121e+002,-3.258712e+003, 2.368963e+003,-3.093086e+003, 9.355573e+000, 6.816945e+001,-2.984128e+003, 0.000000e+000, 0.000000e+000, 0.000000e+000
 5.633000e-001, 7.049703e+002,-3.365204e+003, 2.321683e+003,-3.051944e+003, 1.015510e+001, 6.569834e+001,-2.940110e+003, 0.000000e+000, 0.000000e+000, 0.000000e+000
 5.633500e-001, 8.093968e+002,-3.292275e+003, 2.277026e+003,-3.009864e+003, 1.131475e+001, 6.308705e+001,-2.895224e+003, 0.000000e+000, 0.000000e+000, 0.000000e+000
 5.634000e-001, 8.075604e+002,-3.385483e+003, 2.224305e+003,-2.966566e+003, 1.209909e+001, 6.059280e+001,-2.849150e+003, 0.000000e+000, 0.000000e+000, 0.000000e+000
 5.634500e-001, 9.155981e+002,-3.321874e+003, 2.182099e+003,-2.922349e+003, 1.329503e+001, 5.794382e+001,-2.802236e+003, 0.000000e+000, 0.000000e+000, 0.000000e+000
 5.635000e-001, 9.091413e+002,-3.400270e+003, 2.123550e+003,-2.876957e+003, 1.406540e+001, 5.542798e+001,-2.754171e+003, 0.000000e+000, 0.000000e+000, 0.000000e+000
 5.635500e-001, 1.020367e+003,-3.347413e+003, 2.084243e+003,-2.830666e+003, 1.529449e+001, 5.274803e+001,-2.705295e+003, 0.000000e+000, 0.000000e+000, 0.000000e+000
 5.636000e-001, 1.009571e+003,-3.409602e+003, 2.019646e+003,-2.783245e+003, 1.605223e+001, 5.021139e+001,-2.655305e+003, 0.000000e+000, 0.000000e+000, 0.000000e+000
 5.636500e-001, 1.123551e+003,-3.368789e+003, 1.983508e+003,-2.734946e+003, 1.731070e+001, 4.750753e+001,-2.604538e+003, 0.000000e+000, 0.000000e+000, 0.000000e+000
 5.637000e-001, 1.108713e+003,-3.413535e+003, 1.912840e+003,-2.685565e+003, 1.805735e+001, 4.495029e+001,-2.552694e+003, 0.000000e+000, 0.000000e+000, 0.000000e+000
 5.637500e-001, 1.224996e+003,-3.385893e+003, 1.879935e+003,-2.635327e+003, 1.934078e+001, 4.222974e+001,-2.500108e+003, 0.000000e+000, 0.000000e+000, 0.000000e+000
 5.638000e-001, 1.206439e+003,-3.412143e+003, 1.803391e+003,-2.584056e+003, 2.007804e+001, 3.965170e+001,-2.446480e+003, 0.000000e+000, 0.000000e+000, 0.000000e+000
 5.638500e-001, 1.324547e+003,-3.398612e+003, 1.773565e+003,-2.531951e+003, 2.138136e+001, 3.692168e+001,-2.392151e+003, 0.000000e+000, 0.000000e+000, 0.000000e+000
 5.639000e-001, 1.302624e+003,-3.405521e+003, 1.691565e+003,-2.478865e+003, 2.211111e+001, 3.432240e+001,-2.336814e+003, 0.000000e+000, 0.000000e+000, 0.000000e+000
 5.639500e-001, 1.422044e+003,-3.406826e+003, 1.664443e+003,-2.424968e+003, 2.342861e+001, 3.158986e+001,-2.280818e+003, 0.000000e+000, 0.000000e+000, 0.000000e+000
 5.640000e-001, 1.397151e+003,-3.393780e+003, 1.577628e+003,-2.370144e+003, 2.415292e+001, 2.896890e+001,-2.223850e+003, 0.000000e+000, 0.000000e+000, 0.000000e+000
 5.640500e-001, 1.517329e+003,-3.410413e+003, 1.552622e+003,-2.314531e+003, 2.547823e+001, 2.624037e+001,-2.166267e+003, 0.000000e+000, 0.000000e+000, 0.000000e+000
 5.641000e-001, 1.489910e+003,-3.377053e+003, 1.461840e+003,-2.258048e+003, 2.619932e+001, 2.359749e+001,-2.107746e+003, 0.000000e+000, 0.000000e+000, 0.000000e+000
 5.641500e-001, 1.610243e+003,-3.409242e+003, 1.438174e+003,-2.200798e+003, 2.752551e+001, 2.087886e+001,-2.048658e+003, 0.000000e+000, 0.000000e+000, 0.000000e+000
 5.642000e-001, 1.580792e+003,-3.355488e+003, 1.344450e+003,-2.142739e+003, 2.824570e+001, 1.821419e+001,-1.988665e+003, 0.000000e+000, 0.000000e+000, 0.000000e+000
 5.642500e-001, 1.700629e+003,-3.403183e+003, 1.321189e+003,-2.083933e+003, 2.956529e+001, 1.551057e+001,-1.928154e+003, 0.000000e+000, 0.000000e+000, 0.000000e+000
 5.643000e-001, 1.669695e+003,-3.329250e+003, 1.225688e+003,-2.024382e+003, 3.028699e+001, 1.282480e+001,-1.866773e+003, 0.000000e+000, 0.000000e+000, 0.000000e+000
 5.643500e-001, 1.788333e+003,-3.392103e+003, 1.201782e+003,-1.964105e+003, 3.159207e+001, 1.014036e+001,-1.804925e+003, 0.000000e+000, 0.000000e+000, 0.000000e+000
 5.644000e-001, 1.756518e+003,-3.298516e+003, 1.105765e+003,-1.903147e+003, 3.231768e+001, 7.434864e+000,-1.742241e+003, 0.000000e+000, 0.000000e+000, 0.000000e+000
 5.644500e-001, 1.873206e+003,-3.375874e+003, 1.080095e+003,-1.841485e+003, 3.360001e+001, 4.772780e+000,-1.679143e+003, 0.000000e+000, 0.000000e+000, 0.000000e+000
 5.645000e-001, 1.841160e+003,-3.263475e+003, 9.848666e+002,-1.779210e+003, 3.433183e+001, 2.049699e+000,-1.615243e+003, 0.000000e+000, 0.000000e+000, 0.000000e+000
 5.645500e-001, 1.955105e+003,-3.354369e+003, 9.563015e+002,-1.716249e+003, 3.558297e+001,-5.878859e-001,-1.550984e+003, 0.000000e+000, 0.000000e+000, 0.000000e+000
 5.646000e-001, 1.923521e+003,-3.224322e+003, 8.631546e+002,-1.652747e+003, 3.632312e+001,-3.325597e+000,-1.485957e+003, 0.000000e+000, 0.000000e+000, 0.000000e+000
 5.646500e-001, 2.033894e+003,-3.327473e+003, 8.306020e+002,-1.588578e+003, 3.753454e+001,-5.937562e+000,-1.420625e+003, 0.000000e+000, 0.000000e+000, 0.000000e+000
 5.647000e-001, 2.003501e+003,-3.181255e+003, 7.407644e+002,-1.523940e+003, 3.828487e+001,-8.686134e+000,-1.354562e+003, 0.000000e+000, 0.000000e+000, 0.000000e+000
 5.647500e-001, 2.109447e+003,-3.295080e+003, 7.032264e+002,-1.458655e+003, 3.944815e+001,-1.127231e+001,-1.288251e+003, 0.000000e+000, 0.000000e+000, 0.000000e+000
 5.648000e-001, 2.080996e+003,-3.134473e+003, 6.178080e+002,-1.392974e+003, 4.021010e+001,-1.402721e+001,-1.221244e+003, 0.000000e+000, 0.000000e+000, 0.000000e+000
 5.648500e-001, 2.181649e+003,-3.257103e+003, 5.744294e+002,-1.326665e+003, 4.131705e+001,-1.658828e+001,-1.154045e+003, 0.000000e+000, 0.000000e+000, 0.000000e+000
 5.649000e-001, 2.155901e+003,-3.084168e+003, 4.943762e+002,-1.260036e+003, 4.209156e+001,-1.934430e+001,-1.086188e+003, 0.000000e+000, 0.000000e+000, 0.000000e+000
 5.649500e-001, 2.250395e+003,-3.213474e+003, 4.444879e+002,-1.192799e+003, 4.313445e+001,-2.188161e+001,-1.018196e+003, 0.000000e+000, 0.000000e+000, 0.000000e+000
 5.650000e-001, 2.228107e+003,-3.030526e+003, 3.705430e+002,-1.125316e+003, 4.392184e+001,-2.463299e+001,-9.495829e+002, 0.000000e+000, 0.000000e+000, 0.000000e+000
 5.650500e-001, 2.315593e+003,-3.164149e+003, 3.136947e+002,-1.057248e+003, 4.489349e+001,-2.714841e+001,-8.808930e+002, 0.000000e+000, 0.000000e+000, 0.000000e+000
 5.651000e-001, 2.297500e+003,-2.973717e+003, 2.463701e+002,-9.890080e+002, 4.569338e+001,-2.988901e+001,-8.116203e+002, 0.000000e+000, 0.000000e+000, 0.000000e+000
 5.651500e-001, 2.377163e+003,-3.109113e+003, 1.823539e+002,-9.202053e+002, 4.658735e+001,-3.238467e+001,-7.423286e+002, 0.000000e+000, 0.000000e+000, 0.000000e+000
 5.652000e-001, 2.363965e+003,-2.913898e+003, 1.219125e+002,-8.513053e+002, 4.739859e+001,-3.510813e+001,-6.724932e+002, 0.000000e+000, 0.000000e+000, 0.000000e+000
 5.652500e-001, 2.435036e+003,-3.048379e+003, 5.077393e+001,-7.818676e+002, 4.820933e+001,-3.758622e+001,-6.026971e+002, 0.000000e+000, 0.000000e+000, 0.000000e+000
 5.653000e-001, 2.427383e+003,-2.851203e+003,-2.775375e+000,-7.124048e+002, 4.902989e+001,-4.028617e+001,-5.323966e+002, 0.000000e+000, 0.000000e+000, 0.000000e+000
 5.653500e-001, 2.489158e+003,-2.981997e+003,-8.073875e+001,-6.424322e+002, 4.975286e+001,-4.274871e+001,-4.621943e+002, 0.000000e+000, 0.000000e+000, 0.000000e+000
 5.654000e-001, 2.487631e+003,-2.785748e+003,-1.276337e+002,-5.725046e+002, 5.057985e+001,-4.541893e+001,-3.915272e+002, 0.000000e+000, 0.000000e+000, 0.000000e+000
 5.654500e-001, 2.539485e+003,-2.910050e+003,-2.118860e+002,-5.020980e+002, 5.121159e+001,-4.786753e+001,-3.210176e+002, 0.000000e+000, 0.000000e+000, 0.000000e+000
 5.655000e-001, 2.544586e+003,-2.717622e+003,-2.525919e+002,-4.318039e+002, 5.204122e+001,-5.050216e+001,-2.500827e+002, 0.000000e+000, 0.000000e+000, 0.000000e+000
 5.655500e-001, 2.585986e+003,-2.832660e+003,-3.423838e+002,-3.610650e+002, 5.257945e+001,-5.293784e+001,-1.793656e+002, 0.000000e+000, 0.000000e+000, 0.000000e+000
 5.656000e-001, 2.598124e+003,-2.646890e+003,-3.775631e+002,-2.905029e+002, 5.340705e+001,-5.553151e+001,-1.082622e+002, 0.000000e+000, 0.000000e+000, 0.000000e+000
 5.656500e-001, 2.628639e+003,-2.749983e+003,-4.719677e+002,-2.195340e+002, 5.385072e+001,-5.795451e+001,-3.743776e+001, 0.000000e+000, 0.000000e+000, 0.000000e+000
 5.657000e-001, 2.648119e+003,-2.573592e+003,-5.024405e+002,-1.488027e+002, 5.467078e+001,-6.050249e+001, 3.373452e+001, 0.000000e+000, 0.000000e+000, 0.000000e+000
 5.657500e-001, 2.667433e+003,-2.662214e+003,-6.003966e+002,-7.770625e+001, 5.502005e+001,-6.291212e+001, 1.045659e+002, 0.000000e+000, 0.000000e+000, 0.000000e+000
 5.658000e-001, 2.694449e+003,-2.497746e+003,-6.270934e+002,-6.904439e+000, 5.582629e+001,-6.541039e+001, 1.757073e+002, 0.000000e+000, 0.000000e+000, 0.000000e+000
 5.658500e-001, 2.702365e+003,-2.569580e+003,-7.274562e+002, 6.421666e+001, 5.608253e+001,-6.780502e+001, 2.464447e+002, 0.000000e+000, 0.000000e+000, 0.000000e+000
 5.659000e-001, 2.736993e+003,-2.419345e+003,-7.513665e+002, 1.349903e+002, 5.686802e+001,-7.025032e+001, 3.174554e+002, 0.000000e+000, 0.000000e+000, 0.000000e+000
 5.659500e-001, 2.733441e+003,-2.472343e+003,-8.529598e+002, 2.060332e+002, 5.703378e+001,-7.262721e+001, 3.879981e+002, 0.000000e+000, 0.000000e+000, 0.000000e+000
 5.660000e-001, 2.775634e+003,-2.338363e+003,-8.750784e+002, 2.766802e+002, 5.779106e+001,-7.501710e+001, 4.587784e+002, 0.000000e+000, 0.000000e+000, 0.000000e+000
 5.660500e-001, 2.760671e+003,-2.370791e+003,-9.767496e+002, 3.475424e+002, 5.786993e+001,-7.737253e+001, 5.290256e+002, 0.000000e+000, 0.000000e+000, 0.000000e+000
 5.661000e-001, 2.810260e+003,-2.254758e+003,-9.980233e+002, 4.179643e+002, 5.859114e+001,-7.970526e+001, 5.994759e+002, 0.000000e+000, 0.000000e+000, 0.000000e+000
 5.661500e-001, 2.784073e+003,-2.265240e+003,-1.098694e+003, 4.885434e+002, 5.858769e+001,-8.203452e+001, 6.693273e+002, 0.000000e+000, 0.000000e+000, 0.000000e+000
 5.662000e-001, 2.840765e+003,-2.168474e+003,-1.119973e+003, 5.586426e+002, 5.926479e+001,-8.430904e+001, 7.393481e+002, 0.000000e+000, 0.000000e+000, 0.000000e+000
 5.662500e-001, 2.803669e+003,-2.156022e+003,-1.218688e+003, 6.288367e+002, 5.918440e+001,-8.660658e+001, 8.087038e+002, 0.000000e+000, 0.000000e+000, 0.000000e+000
 5.663000e-001, 2.867050e+003,-2.079449e+003,-1.240680e+003, 6.985156e+002, 5.980930e+001,-8.882233e+001, 8.781959e+002, 0.000000e+000, 0.000000e+000, 0.000000e+000
 5.663500e-001, 2.819485e+003,-2.043489e+003,-1.336645e+003, 7.682237e+002, 5.965805e+001,-9.108186e+001, 9.469568e+002, 0.000000e+000, 0.000000e+000, 0.000000e+000
 5.664000e-001, 2.889024e+003,-1.987615e+003,-1.359884e+003, 8.373856e+002, 6.022282e+001,-9.323874e+001, 1.015822e+003, 0.000000e+000, 0.000000e+000, 0.000000e+000
 5.664500e-001, 2.831550e+003,-1.927999e+003,-1.452495e+003, 9.065073e+002, 6.000729e+001,-9.545345e+001, 1.083890e+003, 0.000000e+000, 0.000000e+000, 0.000000e+000
 5.665000e-001, 2.906605e+003,-1.892909e+003,-1.477315e+003, 9.750560e+002, 6.050436e+001,-9.755153e+001, 1.152029e+003, 0.000000e+000, 0.000000e+000, 0.000000e+000
 5.665500e-001, 2.839896e+003,-1.809915e+003,-1.566181e+003, 1.043492e+003, 6.023148e+001,-9.971427e+001, 1.219306e+003, 0.000000e+000, 0.000000e+000, 0.000000e+000
 5.666000e-001, 2.919720e+003,-1.795271e+003,-1.592700e+003, 1.111332e+003, 6.065378e+001,-1.017537e+002, 1.286622e+003, 0.000000e+000, 0.000000e+000, 0.000000e+000
 5.666500e-001, 2.844555e+003,-1.689599e+003,-1.677649e+003, 1.178984e+003, 6.033065e+001,-1.038572e+002, 1.353014e+003, 0.000000e+000, 0.000000e+000, 0.000000e+000
 5.667000e-001, 2.928307e+003,-1.694656e+003,-1.705772e+003, 1.246022e+003, 6.067185e+001,-1.058379e+002, 1.419409e+003, 0.000000e+000, 0.000000e+000, 0.000000e+000
 5.667500e-001, 2.845563e+003,-1.567406e+003,-1.786844e+003, 1.312793e+003, 6.030556e+001,-1.078751e+002, 1.484820e+003, 0.000000e+000, 0.000000e+000, 0.000000e+000
 5.668000e-001, 2.932313e+003,-1.591034e+003,-1.816272e+003, 1.378934e+003, 6.056018e+001,-1.097967e+002, 1.550200e+003, 0.000000e+000, 0.000000e+000, 0.000000e+000
 5.668500e-001, 2.842954e+003,-1.443679e+003,-1.893705e+003, 1.444729e+003, 6.015765e+001,-1.117607e+002, 1.614537e+003, 0.000000e+000, 0.000000e+000, 0.000000e+000
 5.669000e-001, 2.931700e+003,-1.484396e+003,-1.923958e+003, 1.509882e+003, 6.032120e+001,-1.136223e+002, 1.678806e+003, 0.000000e+000, 0.000000e+000, 0.000000e+000
 5.669500e-001, 2.836764e+003,-1.318744e+003,-1.998161e+003, 1.574607e+003, 5.988905e+001,-1.155069e+002, 1.741977e+003, 0.000000e+000, 0.000000e+000, 0.000000e+000
 5.670000e-001, 2.926437e+003,-1.374757e+003,-2.028607e+003, 1.638680e+003, 5.995815e+001,-1.173069e+002, 1.805041e+003, 0.000000e+000, 0.000000e+000, 0.000000e+000
 5.670500e-001, 2.827029e+003,-1.192908e+003,-2.100122e+003, 1.702243e+003, 5.950253e+001,-1.191065e+002, 1.866959e+003, 0.000000e+000, 0.000000e+000, 0.000000e+000
 5.671000e-001, 2.916510e+003,-1.262159e+003,-2.130023e+003, 1.765147e+003, 5.947500e+001,-1.208427e+002, 1.928725e+003, 0.000000e+000, 0.000000e+000, 0.000000e+000
 5.671500e-001, 2.813781e+003,-1.066455e+003,-2.199483e+003, 1.827457e+003, 5.900152e+001,-1.225524e+002, 1.989300e+003, 0.000000e+000, 0.000000e+000, 0.000000e+000
 5.672000e-001, 2.901913e+003,-1.146675e+003,-2.228038e+003, 1.889104e+003, 5.887641e+001,-1.242218e+002, 2.049679e+003, 0.000000e+000, 0.000000e+000, 0.000000e+000
 5.672500e-001, 2.797055e+003,-9.396428e+002,-2.296115e+003, 1.950074e+003, 5.839002e+001,-1.258376e+002, 2.108826e+003, 0.000000e+000, 0.000000e+000, 0.000000e+000
 5.673000e-001, 2.882658e+003,-1.028407e+003,-2.322512e+003, 2.010377e+003, 5.816763e+001,-1.274362e+002, 2.167728e+003, 0.000000e+000, 0.000000e+000, 0.000000e+000
 5.673500e-001, 2.776880e+003,-8.127025e+002,-2.389869e+003, 2.069919e+003, 5.767258e+001,-1.289552e+002, 2.225363e+003, 0.000000e+000, 0.000000e+000, 0.000000e+000
 5.674000e-001, 2.858769e+003,-9.074870e+002,-2.413335e+003, 2.128794e+003, 5.735444e+001,-1.304784e+002, 2.282701e+003, 0.000000e+000, 0.000000e+000, 0.000000e+000
 5.674500e-001, 2.753286e+003,-6.858385e+002,-2.480577e+003, 2.186826e+003, 5.685426e+001,-1.318983e+002, 2.338743e+003, 0.000000e+000, 0.000000e+000, 0.000000e+000
 5.675000e-001, 2.830282e+003,-7.840797e+002,-2.500426e+003, 2.244189e+003, 5.644308e+001,-1.333409e+002, 2.394432e+003, 0.000000e+000, 0.000000e+000, 0.000000e+000
 5.675500e-001, 2.726298e+003,-5.592281e+002,-2.568051e+003, 2.300629e+003, 5.594053e+001,-1.346605e+002, 2.448801e+003, 0.000000e+000, 0.000000e+000, 0.000000e+000
 5.676000e-001, 2.797251e+003,-6.583776e+002,-2.583730e+003, 2.356399e+003, 5.544012e+001,-1.360163e+002, 2.502759e+003, 0.000000e+000, 0.000000e+000, 0.000000e+000
 5.676500e-001, 2.695938e+003,-4.330229e+002,-2.652091e+003, 2.411167e+003, 5.493724e+001,-1.372351e+002, 2.555379e+003, 0.000000e+000, 0.000000e+000, 0.000000e+000
 5.677000e-001, 2.759744e+003,-5.306006e+002,-2.663213e+003, 2.465265e+003, 5.435239e+001,-1.384979e+002, 2.607525e+003, 0.000000e+000, 0.000000e+000, 0.000000e+000
 5.677500e-001, 2.662225e+003,-3.073507e+002,-2.732486e+003, 2.518287e+003, 5.385051e+001,-1.396158e+002, 2.658320e+003, 0.000000e+000, 0.000000e+000, 0.000000e+000
 5.678000e-001, 2.717842e+003,-4.009931e+002,-2.738857e+003, 2.570635e+003, 5.318692e+001,-1.407791e+002, 2.708579e+003, 0.000000e+000, 0.000000e+000, 0.000000e+000
 5.678500e-001, 2.625174e+003,-1.823180e+002,-2.809021e+003, 2.621835e+003, 5.268673e+001,-1.417966e+002, 2.757477e+003, 0.000000e+000, 0.000000e+000, 0.000000e+000
 5.679000e-001, 2.671643e+003,-2.698206e+002,-2.810659e+003, 2.672359e+003, 5.195076e+001,-1.428539e+002, 2.805774e+003, 0.000000e+000, 0.000000e+000, 0.000000e+000
 5.679500e-001, 2.584796e+003,-5.801257e+001,-2.881484e+003, 2.721668e+003, 5.145237e+001,-1.437717e+002, 2.852704e+003, 0.000000e+000, 0.000000e+000, 0.000000e+000
 5.680000e-001, 2.621258e+003,-1.373660e+002,-2.878617e+003, 2.770294e+003, 5.065099e+001,-1.447167e+002, 2.898969e+003, 0.000000e+000, 0.000000e+000, 0.000000e+000
 5.680500e-001, 2.541099e+003, 6.549276e+001,-2.949671e+003, 2.817645e+003, 5.015401e+001,-1.455354e+002, 2.943864e+003, 0.000000e+000, 0.000000e+000, 0.000000e+000
 5.681000e-001, 2.566814e+003,-3.926111e+000,-2.942733e+003, 2.864303e+003, 4.929457e+001,-1.463623e+002, 2.988029e+003, 0.000000e+000, 0.000000e+000, 0.000000e+000
 5.681500e-001, 2.494087e+003, 1.881371e+002,-3.013393e+003, 2.909629e+003, 4.879820e+001,-1.470827e+002, 3.030824e+003, 0.000000e+000, 0.000000e+000, 0.000000e+000
 5.682000e-001, 2.508448e+003, 1.301924e+002,-3.003001e+003, 2.954251e+003, 4.788826e+001,-1.477863e+002, 3.072825e+003, 0.000000e+000, 0.000000e+000, 0.000000e+000
 5.682500e-001, 2.443766e+003, 3.098679e+002,-3.072479e+003, 2.997493e+003, 4.739138e+001,-1.484085e+002, 3.113458e+003, 0.000000e+000, 0.000000e+000, 0.000000e+000
 5.683000e-001, 2.446310e+003, 2.646773e+002,-3.059404e+003, 3.040014e+003, 4.643860e+001,-1.489845e+002, 3.153234e+003, 0.000000e+000, 0.000000e+000, 0.000000e+000
 5.683500e-001, 2.390136e+003, 4.306375e+002,-3.126786e+003, 3.081111e+003, 4.593982e+001,-1.495085e+002, 3.191645e+003, 0.000000e+000, 0.000000e+000, 0.000000e+000
 5.684000e-001, 2.380561e+003, 3.992140e+002,-3.111909e+003, 3.121469e+003, 4.495177e+001,-1.499536e+002, 3.229141e+003, 0.000000e+000, 0.000000e+000, 0.000000e+000
 5.684500e-001, 2.333203e+003, 5.504003e+002,-3.176198e+003, 3.160366e+003, 4.444953e+001,-1.503787e+002, 3.265274e+003, 0.000000e+000, 0.000000e+000, 0.000000e+000
 5.685000e-001, 2.311369e+003, 5.334890e+002,-3.160469e+003, 3.198500e+003, 4.343359e+001,-1.506906e+002, 3.300434e+003, 0.000000e+000, 0.000000e+000, 0.000000e+000
 5.685500e-001, 2.272973e+003, 6.691099e+002,-3.220631e+003, 3.235145e+003, 4.292624e+001,-1.510156e+002, 3.334236e+003, 0.000000e+000, 0.000000e+000, 0.000000e+000
 5.686000e-001, 2.238907e+003, 6.671935e+002,-3.205012e+003, 3.271001e+003, 4.188943e+001,-1.511933e+002, 3.367013e+003, 0.000000e+000, 0.000000e+000, 0.000000e+000
 5.686500e-001, 2.209457e+003, 7.867164e+002,-3.260033e+003, 3.305344e+003, 4.137526e+001,-1.514162e+002, 3.398433e+003, 0.000000e+000, 0.000000e+000, 0.000000e+000
 5.687000e-001, 2.163354e+003, 8.000249e+002,-3.245451e+003, 3.338867e+003, 4.032420e+001,-1.514597e+002, 3.428780e+003, 0.000000e+000, 0.000000e+000, 0.000000e+000
 5.687500e-001, 2.142673e+003, 9.031653e+002,-3.294384e+003, 3.370862e+003, 3.980151e+001,-1.515782e+002, 3.457772e+003, 0.000000e+000, 0.000000e+000, 0.000000e+000
 5.688000e-001, 2.084889e+003, 9.316897e+002,-3.281678e+003, 3.402002e+003, 3.874229e+001,-1.514888e+002, 3.485646e+003, 0.000000e+000, 0.000000e+000, 0.000000e+000
 5.688500e-001, 2.072647e+003, 1.018396e+003,-3.323695e+003, 3.431606e+003, 3.820939e+001,-1.514998e+002, 3.512168e+003, 0.000000e+000, 0.000000e+000, 0.000000e+000
 5.689000e-001, 2.003690e+003, 1.061904e+003,-3.313570e+003, 3.460317e+003, 3.714759e+001,-1.512797e+002, 3.537532e+003, 0.000000e+000, 0.000000e+000, 0.000000e+000
 5.689500e-001, 1.999418e+003, 1.132340e+003,-3.348003e+003, 3.487490e+003, 3.660282e+001,-1.511802e+002, 3.561544e+003, 0.000000e+000, 0.000000e+000, 0.000000e+000
 5.690000e-001, 1.919931e+003, 1.190397e+003,-3.340990e+003, 3.513729e+003, 3.554341e+001,-1.508324e+002, 3.584363e+003, 0.000000e+000, 0.000000e+000, 0.000000e+000
 5.690500e-001, 1.923036e+003, 1.244924e+003,-3.367370e+003, 3.538434e+003, 3.498517e+001,-1.506188e+002, 3.605828e+003, 0.000000e+000, 0.000000e+000, 0.000000e+000
 5.691000e-001, 1.833783e+003, 1.316906e+003,-3.363799e+003, 3.562162e+003, 3.393254e+001,-1.501472e+002, 3.626071e+003, 0.000000e+000, 0.000000e+000, 0.000000e+000
 5.691500e-001, 1.843565e+003, 1.356064e+003,-3.381872e+003, 3.584365e+003, 3.335926e+001,-1.498160e+002, 3.644959e+003, 0.000000e+000, 0.000000e+000, 0.000000e+000
 5.692000e-001, 1.745408e+003, 1.441182e+003,-3.381852e+003, 3.605546e+003, 3.231722e+001,-1.492250e+002, 3.662599e+003, 0.000000e+000, 0.000000e+000, 0.000000e+000
 5.692500e-001, 1.761085e+003, 1.465672e+003,-3.391600e+003, 3.625216e+003, 3.172735e+001,-1.487730e+002, 3.678881e+003, 0.000000e+000, 0.000000e+000, 0.000000e+000
 5.693000e-001, 1.654960e+003, 1.562988e+003,-3.395011e+003, 3.643820e+003, 3.069915e+001,-1.480673e+002, 3.693896e+003, 0.000000e+000, 0.000000e+000, 0.000000e+000
 5.693500e-001, 1.675692e+003, 1.573655e+003,-3.396649e+003, 3.660929e+003, 3.009116e+001,-1.474916e+002, 3.707548e+003, 0.000000e+000, 0.000000e+000, 0.000000e+000
 5.694000e-001, 1.562584e+003, 1.682097e+003,-3.403148e+003, 3.676928e+003, 2.907952e+001,-1.466759e+002, 3.719917e+003, 0.000000e+000, 0.000000e+000, 0.000000e+000
 5.694500e-001, 1.587498e+003, 1.679912e+003,-3.397115e+003, 3.691451e+003, 2.845185e+001,-1.459744e+002, 3.730920e+003, 0.000000e+000, 0.000000e+000, 0.000000e+000
 5.695000e-001, 1.468417e+003, 1.798291e+003,-3.406154e+003, 3.704822e+003, 2.745901e+001,-1.450535e+002, 3.740628e+003, 0.000000e+000, 0.000000e+000, 0.000000e+000
 5.695500e-001, 1.496631e+003, 1.784342e+003,-3.393085e+003, 3.716738e+003, 2.681010e+001,-1.442245e+002, 3.748965e+003, 0.000000e+000, 0.000000e+000, 0.000000e+000
 5.696000e-001, 1.372586e+003, 1.911364e+003,-3.403940e+003, 3.727461e+003, 2.583785e+001,-1.432029e+002, 3.756002e+003, 0.000000e+000, 0.000000e+000, 0.000000e+000
 5.696500e-001, 1.403234e+003, 1.886840e+003,-3.384638e+003, 3.736752e+003, 2.516610e+001,-1.422461e+002, 3.761660e+003, 0.000000e+000, 0.000000e+000, 0.000000e+000
 5.697000e-001, 1.275208e+003, 2.021116e+003,-3.396445e+003, 3.744812e+003, 2.421582e+001,-1.411279e+002, 3.766017e+003, 0.000000e+000, 0.000000e+000, 0.000000e+000
 5.697500e-001, 1.307463e+003, 1.987297e+003,-3.371839e+003, 3.751463e+003, 2.351959e+001,-1.400437e+002, 3.768990e+003, 0.000000e+000, 0.000000e+000, 0.000000e+000
 5.698000e-001, 1.176397e+003, 2.127359e+003,-3.383638e+003, 3.756848e+003, 2.259231e+001,-1.388324e+002, 3.770663e+003, 0.000000e+000, 0.000000e+000, 0.000000e+000
 5.698500e-001, 1.209484e+003, 2.085607e+003,-3.354732e+003, 3.760849e+003, 2.186995e+001,-1.376225e+002, 3.770946e+003, 0.000000e+000, 0.000000e+000, 0.000000e+000
 5.699000e-001, 1.076259e+003, 2.229912e+003,-3.365520e+003, 3.763552e+003, 2.096635e+001,-1.363212e+002, 3.769936e+003, 0.000000e+000, 0.000000e+000, 0.000000e+000
 5.699500e-001, 1.109473e+003, 2.181660e+003,-3.333345e+003, 3.764893e+003, 2.021621e+001,-1.349884e+002, 3.767528e+003, 0.000000e+000, 0.000000e+000, 0.000000e+000
 5.700000e-001, 9.748976e+002, 2.328602e+003,-3.342123e+003, 3.764911e+003, 1.933666e+001,-1.335995e+002, 3.763838e+003, 0.000000e+000, 0.000000e+000, 0.000000e+000
 5.700500e-001, 1.007614e+003, 2.275345e+003,-3.307687e+003, 3.763588e+003, 1.855710e+001,-1.321478e+002, 3.758745e+003, 0.000000e+000, 0.000000e+000, 0.000000e+000
 5.701000e-001, 8.724178e+002, 2.423267e+003,-3.313514e+003, 3.760921e+003, 1.770167e+001,-1.306731e+002, 3.752383e+003, 0.000000e+000, 0.000000e+000, 0.000000e+000
 5.701500e-001, 9.040909e+002, 2.366552e+003,-3.277749e+003, 3.756935e+003, 1.689117e+001,-1.291073e+002, 3.744612e+003, 0.000000e+000, 0.000000e+000, 0.000000e+000
 5.702000e-001, 7.689246e+002, 2.513756e+003,-3.279787e+003, 3.751587e+003, 1.605961e+001,-1.275483e+002, 3.735590e+003, 0.000000e+000, 0.000000e+000, 0.000000e+000
 5.702500e-001, 7.990909e+002, 2.455166e+003,-3.243508e+003, 3.744941e+003, 1.521677e+001,-1.258744e+002, 3.725152e+003, 0.000000e+000, 0.000000e+000, 0.000000e+000
 5.703000e-001, 6.645276e+002, 2.599927e+003,-3.241063e+003, 3.736920e+003, 1.440854e+001,-1.242319e+002, 3.713485e+003, 0.000000e+000, 0.000000e+000, 0.000000e+000
 5.703500e-001, 6.927982e+002, 2.541072e+003,-3.204930e+003, 3.727620e+003, 1.353216e+001,-1.224566e+002, 3.700396e+003, 0.000000e+000, 0.000000e+000, 0.000000e+000
 5.704000e-001, 5.593426e+002, 2.681653e+003,-3.197486e+003, 3.716938e+003, 1.274636e+001,-1.207314e+002, 3.686104e+003, 0.000000e+000, 0.000000e+000, 0.000000e+000
 5.704500e-001, 5.853927e+002, 2.624148e+003,-3.161976e+003, 3.704996e+003, 1.183556e+001,-1.188618e+002, 3.670383e+003, 0.000000e+000, 0.000000e+000, 0.000000e+000
 5.705000e-001, 4.534934e+002, 2.758821e+003,-3.149215e+003, 3.691667e+003, 1.107096e+001,-1.170544e+002, 3.653488e+003, 0.000000e+000, 0.000000e+000, 0.000000e+000
 5.705500e-001, 4.770485e+002, 2.704271e+003,-3.114606e+003, 3.677099e+003, 1.012518e+001,-1.150981e+002, 3.635159e+003, 0.000000e+000, 0.000000e+000, 0.000000e+000
 5.706000e-001, 3.471126e+002, 2.831333e+003,-3.096420e+003, 3.661142e+003, 9.380177e+000,-1.132092e+002, 3.615687e+003, 0.000000e+000, 0.000000e+000, 0.000000e+000
 5.706500e-001, 3.679319e+002, 2.781308e+003,-3.062784e+003, 3.643967e+003, 8.399282e+000,-1.111741e+002, 3.594776e+003, 0.000000e+000, 0.000000e+000, 0.000000e+000
 5.707000e-001, 2.403426e+002, 2.899111e+003,-3.039277e+003, 3.625405e+003, 7.671884e+000,-1.092044e+002, 3.572758e+003, 0.000000e+000, 0.000000e+000, 0.000000e+000
 5.707500e-001, 2.582014e+002, 2.855119e+003,-3.006485e+003, 3.605646e+003, 6.656250e+000,-1.070982e+002, 3.549295e+003, 0.000000e+000, 0.000000e+000, 0.000000e+000
 5.708000e-001, 1.333353e+002, 2.962094e+003,-2.977963e+003, 3.584503e+003, 5.944056e+000,-1.050491e+002, 3.524765e+003, 0.000000e+000, 0.000000e+000, 0.000000e+000
 5.708500e-001, 1.480072e+002, 2.925555e+003,-2.945701e+003, 3.562189e+003, 4.894607e+000,-1.028791e+002, 3.498785e+003, 0.000000e+000, 0.000000e+000, 0.000000e+000
 5.709000e-001, 2.625129e+001, 3.020240e+003,-2.912648e+003, 3.538495e+003, 4.194807e+000,-1.007522e+002, 3.471779e+003, 0.000000e+000, 0.000000e+000, 0.000000e+000
 5.709500e-001, 3.749199e+001, 2.992461e+003,-2.880440e+003, 3.513656e+003, 3.113059e+000,-9.852547e+001, 3.443318e+003, 0.000000e+000, 0.000000e+000, 0.000000e+000
 5.710000e-001,-8.074112e+001, 3.073531e+003,-2.843494e+003, 3.487443e+003, 2.422444e+000,-9.632323e+001, 3.413878e+003, 0.000000e+000, 0.000000e+000, 0.000000e+000
 5.710500e-001,-7.320786e+001, 3.055669e+003,-2.810738e+003, 3.460115e+003, 1.310537e+000,-9.404622e+001, 3.382978e+003, 0.000000e+000, 0.000000e+000, 0.000000e+000
 5.711000e-001,-1.874684e+002, 3.121969e+003,-2.770649e+003, 3.431420e+003, 6.255167e-001,-9.177159e+001, 3.351146e+003, 0.000000e+000, 0.000000e+000, 0.000000e+000
 5.711500e-001,-1.839603e+002, 3.115004e+003,-2.736654e+003, 3.401643e+003,-5.137807e-001,-8.945009e+001, 3.317850e+003, 0.000000e+000, 0.000000e+000, 0.000000e+000
 5.712000e-001,-2.937538e+002, 3.165573e+003,-2.694248e+003, 3.370503e+003,-1.197132e+000,-8.710680e+001, 3.283675e+003, 0.000000e+000, 0.000000e+000, 0.000000e+000
 5.712500e-001,-2.946354e+002, 3.170283e+003,-2.658274e+003, 3.338320e+003,-2.360434e+000,-8.474583e+001, 3.248031e+003, 0.000000e+000, 0.000000e+000, 0.000000e+000
 5.713000e-001,-3.994207e+002, 3.204386e+003,-2.614407e+003, 3.304780e+003,-3.046323e+000,-8.233830e+001, 3.211562e+003, 0.000000e+000, 0.000000e+000, 0.000000e+000
 5.713500e-001,-4.051028e+002, 3.221317e+003,-2.575712e+003, 3.270236e+003,-4.229661e+000,-7.994215e+001, 3.173621e+003, 0.000000e+000, 0.000000e+000, 0.000000e+000
 5.714000e-001,-5.042951e+002, 3.238467e+003,-2.531231e+003, 3.234343e+003,-4.922502e+000,-7.747544e+001, 3.134911e+003, 0.000000e+000, 0.000000e+000, 0.000000e+000
 5.714500e-001,-5.152292e+002, 3.267909e+003,-2.489108e+003, 3.197489e+003,-6.121378e+000,-7.504766e+001, 3.094727e+003, 0.000000e+000, 0.000000e+000, 0.000000e+000
 5.715000e-001,-6.082094e+002, 3.267891e+003,-2.444809e+003, 3.159293e+003,-6.825694e+000,-7.252738e+001, 3.053832e+003, 0.000000e+000, 0.000000e+000, 0.000000e+000
 5.715500e-001,-6.248751e+002, 3.309865e+003,-2.398625e+003, 3.120181e+003,-8.035160e+000,-7.007084e+001, 3.011461e+003, 0.000000e+000, 0.000000e+000, 0.000000e+000
 5.716000e-001,-7.110045e+002, 3.292747e+003,-2.355217e+003, 3.079736e+003,-8.755478e+000,-6.750305e+001, 2.968440e+003, 0.000000e+000, 0.000000e+000, 0.000000e+000
 5.716500e-001,-7.338932e+002, 3.346989e+003,-2.304445e+003, 3.038423e+003,-9.970222e+000,-6.502003e+001, 2.923944e+003, 0.000000e+000, 0.000000e+000, 0.000000e+000
 5.717000e-001,-8.125334e+002, 3.313133e+003,-2.262524e+003, 2.995787e+003,-1.071095e+001,-6.241108e+001, 2.878857e+003, 0.000000e+000, 0.000000e+000, 0.000000e+000
 5.717500e-001,-8.421255e+002, 3.379091e+003,-2.206769e+003, 2.952331e+003,-1.192541e+001,-5.990339e+001, 2.832298e+003, 0.000000e+000, 0.000000e+000, 0.000000e+000
 5.718000e-001,-9.126628e+002, 3.329155e+003,-2.166797e+003, 2.907565e+003,-1.269072e+001,-5.725976e+001, 2.785212e+003, 0.000000e+000, 0.000000e+000, 0.000000e+000
 5.718500e-001,-9.494025e+002, 3.405989e+003,-2.105808e+003, 2.862028e+003,-1.389917e+001,-5.472886e+001, 2.736656e+003, 0.000000e+000, 0.000000e+000, 0.000000e+000
 5.719000e-001,-1.011275e+003, 3.340923e+003,-2.068099e+003, 2.815197e+003,-1.469286e+001,-5.205701e+001, 2.687635e+003, 0.000000e+000, 0.000000e+000, 0.000000e+000
 5.719500e-001,-1.055542e+003, 3.427511e+003,-2.001780e+003, 2.767643e+003,-1.588957e+001,-4.950417e+001, 2.637151e+003, 0.000000e+000, 0.000000e+000, 0.000000e+000
 5.720000e-001,-1.108268e+003, 3.348544e+003,-1.966500e+003, 2.718816e+003,-1.671491e+001,-4.681036e+001, 2.586264e+003, 0.000000e+000, 0.000000e+000, 0.000000e+000
 5.720500e-001,-1.160348e+003, 3.443504e+003,-1.894905e+003, 2.669312e+003,-1.789427e+001,-4.423679e+001, 2.533924e+003, 0.000000e+000, 0.000000e+000, 0.000000e+000
 5.721000e-001,-1.203557e+003, 3.352122e+003,-1.862077e+003, 2.618561e+003,-1.875391e+001,-4.152694e+001, 2.481244e+003, 0.000000e+000, 0.000000e+000, 0.000000e+000
 5.721500e-001,-1.263615e+003, 3.453833e+003,-1.785401e+003, 2.567175e+003,-1.991049e+001,-3.893390e+001, 2.427122e+003, 0.000000e+000, 0.000000e+000, 0.000000e+000
 5.722000e-001,-1.297072e+003, 3.351756e+003,-1.754918e+003, 2.514575e+003,-2.080634e+001,-3.621346e+001, 2.372720e+003, 0.000000e+000, 0.000000e+000, 0.000000e+000
 5.722500e-001,-1.365125e+003, 3.458385e+003,-1.673482e+003, 2.461379e+003,-2.193506e+001,-3.360239e+001, 2.316893e+003, 0.000000e+000, 0.000000e+000, 0.000000e+000
 5.723000e-001,-1.388757e+003, 3.347530e+003,-1.645129e+003, 2.407008e+003,-2.286815e+001,-3.087623e+001, 2.260847e+003, 0.000000e+000, 0.000000e+000, 0.000000e+000
 5.723500e-001,-1.464652e+003, 3.457074e+003,-1.559352e+003, 2.352076e+003,-2.396436e+001,-2.824884e+001, 2.203393e+003, 0.000000e+000, 0.000000e+000, 0.000000e+000
 5.724000e-001,-1.478569e+003, 3.339517e+003,-1.532830e+003, 2.296016e+003,-2.493483e+001,-2.552118e+001, 2.145779e+003, 0.000000e+000, 0.000000e+000, 0.000000e+000
 5.724500e-001,-1.561966e+003, 3.449843e+003,-1.443202e+003, 2.239423e+003,-2.599437e+001,-2.287952e+001, 2.086781e+003, 0.000000e+000, 0.000000e+000, 0.000000e+000
 5.725000e-001,-1.566471e+003, 3.327775e+003,-1.418161e+003, 2.181757e+003,-2.700133e+001,-2.015391e+001, 2.027680e+003, 0.000000e+000, 0.000000e+000, 0.000000e+000
 5.725500e-001,-1.656836e+003, 3.436662e+003,-1.325213e+003, 2.123582e+003,-2.802063e+001,-1.750035e+001, 1.967221e+003, 0.000000e+000, 0.000000e+000, 0.000000e+000
 5.726000e-001,-1.652434e+003, 3.312345e+003,-1.301279e+003, 2.064396e+003,-2.906219e+001,-1.477965e+001, 1.906713e+003, 0.000000e+000, 0.000000e+000, 0.000000e+000
 5.726500e-001,-1.749032e+003, 3.417535e+003,-1.205553e+003, 2.004719e+003,-3.003829e+001,-1.211694e+001, 1.844879e+003, 0.000000e+000, 0.000000e+000, 0.000000e+000
 5.727000e-001,-1.736428e+003, 3.293248e+003,-1.182359e+003, 1.944102e+003,-3.111152e+001,-9.403387e+000, 1.783047e+003, 0.000000e+000, 0.000000e+000, 0.000000e+000
 5.727500e-001,-1.838333e+003, 3.392498e+003,-1.084379e+003, 1.883006e+003,-3.204209e+001,-6.734608e+000, 1.719927e+003, 0.000000e+000, 0.000000e+000, 0.000000e+000
 5.728000e-001,-1.818422e+003, 3.270491e+003,-1.061593e+003, 1.821047e+003,-3.314305e+001,-4.029843e+000, 1.656857e+003, 0.000000e+000, 0.000000e+000, 0.000000e+000
 5.728500e-001,-1.924528e+003, 3.361616e+003,-9.618358e+002, 1.758617e+003,-3.402641e+001,-1.358346e+000, 1.592539e+003, 0.000000e+000, 0.000000e+000, 0.000000e+000
 5.729000e-001,-1.898376e+003, 3.244062e+003,-9.391850e+002, 1.695408e+003,-3.515018e+001, 1.336447e+000, 1.528317e+003, 0.000000e+000, 0.000000e+000, 0.000000e+000
 5.729500e-001,-2.007422e+003, 3.324985e+003,-8.380624e+002, 1.631731e+003,-3.598527e+001, 4.007109e+000, 1.462894e+003, 0.000000e+000, 0.000000e+000, 0.000000e+000
 5.730000e-001,-1.976242e+003, 3.213931e+003,-8.153506e+002, 1.567365e+003,-3.712606e+001, 6.691098e+000, 1.397609e+003, 0.000000e+000, 0.000000e+000, 0.000000e+000
 5.730500e-001,-2.086842e+003, 3.282731e+003,-7.131920e+002, 1.502531e+003,-3.791240e+001, 9.357259e+000, 1.331172e+003, 0.000000e+000, 0.000000e+000, 0.000000e+000
 5.731000e-001,-2.051957e+003, 3.180058e+003,-6.903110e+002, 1.437101e+003,-3.906358e+001, 1.202983e+001, 1.264913e+003, 0.000000e+000, 0.000000e+000, 0.000000e+000
 5.731500e-001,-2.162633e+003, 3.235005e+003,-5.873559e+002, 1.371202e+003,-3.980123e+001, 1.468781e+001, 1.197558e+003, 0.000000e+000, 0.000000e+000, 0.000000e+000
 5.732000e-001,-2.125442e+003, 3.142388e+003,-5.642908e+002, 1.304803e+003,-4.095551e+001, 1.734842e+001, 1.130416e+003, 0.000000e+000, 0.000000e+000, 0.000000e+000
 5.732500e-001,-2.234669e+003, 3.181983e+003,-4.606876e+002, 1.237933e+003,-4.164500e+001, 1.999462e+001, 1.062239e+003, 0.000000e+000, 0.000000e+000, 0.000000e+000
 5.733000e-001,-2.196601e+003, 3.100861e+003,-4.375132e+002, 1.170660e+003,-4.279453e+001, 2.264265e+001, 9.943062e+002, 0.000000e+000, 0.000000e+000, 0.000000e+000
 5.733500e-001,-2.302850e+003, 3.123860e+003,-3.333251e+002, 1.102914e+003,-4.343676e+001, 2.527367e+001, 9.254033e+002, 0.000000e+000, 0.000000e+000, 0.000000e+000
 5.734000e-001,-2.265318e+003, 3.055407e+003,-3.101974e+002, 1.034864e+003,-4.457325e+001, 2.790830e+001, 8.567738e+002, 0.000000e+000, 0.000000e+000, 0.000000e+000
 5.734500e-001,-2.367103e+003, 3.060849e+003,-2.054143e+002, 9.663403e+002,-4.516946e+001, 3.052097e+001, 7.872426e+002, 0.000000e+000, 0.000000e+000, 0.000000e+000
 5.735000e-001,-2.331459e+003, 3.005957e+003,-1.825542e+002, 8.976071e+002,-4.628438e+001, 3.314107e+001, 7.180115e+002, 0.000000e+000, 0.000000e+000, 0.000000e+000
 5.735500e-001,-2.427383e+003, 2.993177e+003,-7.711115e+001, 8.284059e+002,-4.683601e+001, 3.573254e+001, 6.479505e+002, 0.000000e+000, 0.000000e+000, 0.000000e+000
 5.736000e-001,-2.394873e+003, 2.952443e+003,-5.478431e+001, 7.590864e+002,-4.792072e+001, 3.833657e+001, 5.782140e+002, 0.000000e+000, 0.000000e+000, 0.000000e+000
 5.736500e-001,-2.483670e+003, 2.921079e+003, 5.141611e+001, 6.893087e+002,-4.842936e+001, 4.090438e+001, 5.077221e+002, 0.000000e+000, 0.000000e+000, 0.000000e+000
 5.737000e-001,-2.455392e+003, 2.894799e+003, 7.292397e+001, 6.194990e+002,-4.947525e+001, 4.349027e+001, 4.375775e+002, 0.000000e+000, 0.000000e+000, 0.000000e+000
 5.737500e-001,-2.535970e+003, 2.844799e+003, 1.799864e+002, 5.492470e+002,-4.994255e+001, 4.603232e+001, 3.667543e+002, 0.000000e+000, 0.000000e+000, 0.000000e+000
 5.738000e-001,-2.512835e+003, 2.832970e+003, 2.003959e+002, 4.790434e+002,-5.094122e+001, 4.859752e+001, 2.962997e+002, 0.000000e+000, 0.000000e+000, 0.000000e+000
 5.738500e-001,-2.584307e+003, 2.764582e+003, 3.084052e+002, 4.084208e+002,-5.136882e+001, 5.111209e+001, 2.252449e+002, 0.000000e+000, 0.000000e+000, 0.000000e+000
 5.739000e-001,-2.567015e+003, 2.766911e+003, 3.274703e+002, 3.379196e+002,-5.231221e+001, 5.365348e+001, 1.545794e+002, 0.000000e+000, 0.000000e+000, 0.000000e+000
 5.739500e-001,-2.628724e+003, 2.680673e+003, 4.364655e+002, 2.670307e+002,-5.270168e+001, 5.613920e+001, 8.339307e+001, 0.000000e+000, 0.000000e+000, 0.000000e+000
 5.740000e-001,-2.617739e+003, 2.696590e+003, 4.539995e+002, 1.963282e+002,-5.358218e+001, 5.865315e+001, 1.261639e+001, 0.000000e+000, 0.000000e+000, 0.000000e+000
 5.740500e-001,-2.669276e+003, 2.593313e+003, 5.639491e+002, 1.252779e+002,-5.393495e+001, 6.110889e+001,-5.860156e+001, 0.000000e+000, 0.000000e+000, 0.000000e+000
 5.741000e-001,-2.664812e+003, 2.621992e+003, 5.798475e+002, 5.447055e+001,-5.474554e+001, 6.359130e+001,-1.293891e+002, 0.000000e+000, 0.000000e+000, 0.000000e+000
 5.741500e-001,-2.706024e+003, 2.502739e+003, 6.906285e+002,-1.663622e+001,-5.506290e+001, 6.601617e+001,-2.005387e+002, 0.000000e+000, 0.000000e+000, 0.000000e+000
 5.742000e-001,-2.708048e+003, 2.543120e+003, 7.048882e+002,-8.745190e+001,-5.579726e+001, 6.846254e+001,-2.712363e+002, 0.000000e+000, 0.000000e+000, 0.000000e+000
 5.742500e-001,-2.739035e+003, 2.409179e+003, 8.162703e+002,-1.585103e+002,-5.608028e+001, 7.085571e+001,-3.422179e+002, 0.000000e+000, 0.000000e+000, 0.000000e+000
 5.743000e-001,-2.747270e+003, 2.459995e+003, 8.290028e+002,-2.292376e+002,-5.673285e+001, 7.326123e+001,-4.127245e+002, 0.000000e+000, 0.000000e+000, 0.000000e+000
 5.743500e-001,-2.768371e+003, 2.312851e+003, 9.406376e+002,-3.001431e+002,-5.698240e+001, 7.562188e+001,-4.834386e+002, 0.000000e+000, 0.000000e+000, 0.000000e+000
 5.744000e-001,-2.782316e+003, 2.372661e+003, 9.520768e+002,-3.706852e+002,-5.754845e+001, 7.798154e+001,-5.536531e+002, 0.000000e+000, 0.000000e+000, 0.000000e+000
 5.744500e-001,-2.794090e+003, 2.213965e+003, 1.063495e+003,-4.413341e+002,-5.776519e+001, 8.030874e+001,-6.240007e+002, 0.000000e+000, 0.000000e+000, 0.000000e+000
 5.745000e-001,-2.813042e+003, 2.281181e+003, 1.073997e+003,-5.115941e+002,-5.824089e+001, 8.261745e+001,-6.938222e+002, 0.000000e+000, 0.000000e+000, 0.000000e+000
 5.745500e-001,-2.816239e+003, 2.112717e+003, 1.184609e+003,-5.818836e+002,-5.842526e+001, 8.491000e+001,-7.637048e+002, 0.000000e+000, 0.000000e+000, 0.000000e+000
 5.746000e-001,-2.839331e+003, 2.185641e+003, 1.194648e+003,-6.517643e+002,-5.880766e+001, 8.716272e+001,-8.330323e+002, 0.000000e+000, 0.000000e+000, 0.000000e+000
 5.746500e-001,-2.834851e+003, 2.009292e+003, 1.303756e+003,-7.215930e+002,-5.895994e+001, 8.941911e+001,-9.023521e+002, 0.000000e+000, 0.000000e+000, 0.000000e+000
 5.747000e-001,-2.861088e+003, 2.086147e+003, 1.313910e+003,-7.909972e+002,-5.924704e+001, 9.161091e+001,-9.710853e+002, 0.000000e+000, 0.000000e+000, 0.000000e+000
 5.747500e-001,-2.849943e+003, 1.903864e+003, 1.420723e+003,-8.602648e+002,-5.936733e+001, 9.382919e+001,-1.039745e+003, 0.000000e+000, 0.000000e+000, 0.000000e+000
 5.748000e-001,-2.878250e+003, 1.982826e+003, 1.431655e+003,-9.290954e+002,-5.955804e+001, 9.595541e+001,-1.107784e+003, 0.000000e+000, 0.000000e+000, 0.000000e+000
 5.748500e-001,-2.861517e+003, 1.796595e+003, 1.535310e+003,-9.977036e+002,-5.964630e+001, 9.813313e+001,-1.175688e+003, 0.000000e+000, 0.000000e+000, 0.000000e+000
 5.749000e-001,-2.890781e+003, 1.875823e+003, 1.547744e+003,-1.065863e+003,-5.974043e+001, 1.001895e+002,-1.242934e+003, 0.000000e+000, 0.000000e+000, 0.000000e+000
 5.749500e-001,-2.869554e+003, 1.687636e+003, 1.647335e+003,-1.133715e+003,-5.979654e+001, 1.023236e+002,-1.309986e+003, 0.000000e+000, 0.000000e+000, 0.000000e+000
 5.750000e-001,-2.898674e+003, 1.765302e+003, 1.662030e+003,-1.201107e+003,-5.979476e+001, 1.043061e+002,-1.376340e+003, 0.000000e+000, 0.000000e+000, 0.000000e+000
 5.750500e-001,-2.874020e+003, 1.577128e+003, 1.756631e+003,-1.268108e+003,-5.981852e+001, 1.063931e+002,-1.442447e+003, 0.000000e+000, 0.000000e+000, 0.000000e+000
 5.751000e-001,-2.901952e+003, 1.651444e+003, 1.774350e+003,-1.334636e+003,-5.972234e+001, 1.082983e+002,-1.507813e+003, 0.000000e+000, 0.000000e+000, 0.000000e+000
 5.751500e-001,-2.874865e+003, 1.465203e+003, 1.863052e+003,-1.400693e+003,-5.971354e+001, 1.103339e+002,-1.572881e+003, 0.000000e+000, 0.000000e+000, 0.000000e+000
 5.752000e-001,-2.900661e+003, 1.534447e+003, 1.884530e+003,-1.466261e+003,-5.952524e+001, 1.121590e+002,-1.637163e+003, 0.000000e+000, 0.000000e+000, 0.000000e+000
 5.752500e-001,-2.872028e+003, 1.351984e+003, 1.966472e+003,-1.531283e+003,-5.948364e+001, 1.141384e+002,-1.701101e+003, 0.000000e+000, 0.000000e+000, 0.000000e+000
 5.753000e-001,-2.894872e+003, 1.414520e+003, 1.992385e+003,-1.595796e+003,-5.920623e+001, 1.158807e+002,-1.764205e+003, 0.000000e+000, 0.000000e+000, 0.000000e+000
 5.753500e-001,-2.865435e+003, 1.237589e+003, 2.066780e+003,-1.659694e+003,-5.913164e+001, 1.177988e+002,-1.826922e+003, 0.000000e+000, 0.000000e+000, 0.000000e+000
 5.754000e-001,-2.884675e+003, 1.291887e+003, 2.097719e+003,-1.723058e+003,-5.876877e+001, 1.194564e+002,-1.888755e+003, 0.000000e+000, 0.000000e+000, 0.000000e+000
 5.754500e-001,-2.855011e+003, 1.122128e+003, 2.163884e+003,-1.785744e+003,-5.866105e+001, 1.213073e+002,-1.950163e+003, 0.000000e+000, 0.000000e+000, 0.000000e+000
 5.755000e-001,-2.870173e+003, 1.166780e+003, 2.200327e+003,-1.847868e+003,-5.821698e+001, 1.228786e+002,-2.010634e+003, 0.000000e+000, 0.000000e+000, 0.000000e+000
 5.755500e-001,-2.840678e+003, 1.005705e+003, 2.257709e+003,-1.909257e+003,-5.807605e+001, 1.246565e+002,-2.070646e+003, 0.000000e+000, 0.000000e+000, 0.000000e+000
 5.756000e-001,-2.851481e+003, 1.039443e+003, 2.299998e+003,-1.970049e+003,-5.755553e+001, 1.261401e+002,-2.129666e+003, 0.000000e+000, 0.000000e+000, 0.000000e+000
 5.756500e-001,-2.822363e+003, 8.884219e+002, 2.348189e+003,-2.030059e+003,-5.738138e+001, 1.278387e+002,-2.188197e+003, 0.000000e+000, 0.000000e+000, 0.000000e+000
 5.757000e-001,-2.828718e+003, 9.101257e+002, 2.396521e+003,-2.089430e+003,-5.678967e+001, 1.292336e+002,-2.245679e+003, 0.000000e+000, 0.000000e+000, 0.000000e+000
 5.757500e-001,-2.800000e+003, 7.703755e+002, 2.435270e+003,-2.147979e+003,-5.658236e+001, 1.308466e+002,-2.302646e+003, 0.000000e+000, 0.000000e+000, 0.000000e+000
 5.758000e-001,-2.802003e+003, 7.790867e+002, 2.489683e+003,-2.205842e+003,-5.592506e+001, 1.321521e+002,-2.358506e+003, 0.000000e+000, 0.000000e+000, 0.000000e+000
 5.758500e-001,-2.773538e+003, 6.516603e+002, 2.518906e+003,-2.262850e+003,-5.568472e+001, 1.336732e+002,-2.413827e+003, 0.000000e+000, 0.000000e+000, 0.000000e+000
 5.759000e-001,-2.771452e+003, 6.465886e+002, 2.579274e+003,-2.319122e+003,-5.496778e+001, 1.348885e+002,-2.467982e+003, 0.000000e+000, 0.000000e+000, 0.000000e+000
 5.759500e-001,-2.742945e+003, 5.323688e+002, 2.599052e+003,-2.374510e+003,-5.469461e+001, 1.363116e+002,-2.521580e+003, 0.000000e+000, 0.000000e+000, 0.000000e+000
 5.760000e-001,-2.737174e+003, 5.128984e+002, 2.665094e+003,-2.429111e+003,-5.392420e+001, 1.374361e+002,-2.573950e+003, 0.000000e+000, 0.000000e+000, 0.000000e+000
 5.760500e-001,-2.708207e+003, 4.125912e+002, 2.675668e+003,-2.482804e+003,-5.361843e+001, 1.387554e+002,-2.625748e+003, 0.000000e+000, 0.000000e+000, 0.000000e+000
 5.761000e-001,-2.699264e+003, 3.782871e+002, 2.746952e+003,-2.535653e+003,-5.280093e+001, 1.397883e+002,-2.676255e+003, 0.000000e+000, 0.000000e+000, 0.000000e+000
 5.761500e-001,-2.669335e+003, 2.924172e+002, 2.748708e+003,-2.587576e+003,-5.246282e+001, 1.409983e+002,-2.726179e+003, 0.000000e+000, 0.000000e+000, 0.000000e+000
 5.762000e-001,-2.657805e+003, 2.430277e+002, 2.824671e+003,-2.638599e+003,-5.160472e+001, 1.419387e+002,-2.774750e+003, 0.000000e+000, 0.000000e+000, 0.000000e+000
 5.762500e-001,-2.626366e+003, 1.719350e+002, 2.818126e+003,-2.688680e+003,-5.123454e+001, 1.430346e+002,-2.822729e+003, 0.000000e+000, 0.000000e+000, 0.000000e+000
 5.763000e-001,-2.612867e+003, 1.073946e+002, 2.898087e+003,-2.737805e+003,-5.034238e+001, 1.438815e+002,-2.869291e+003, 0.000000e+000, 0.000000e+000, 0.000000e+000
 5.763500e-001,-2.579362e+003, 5.123278e+001, 2.883870e+003,-2.785972e+003,-4.994037e+001, 1.448590e+002,-2.915256e+003, 0.000000e+000, 0.000000e+000, 0.000000e+000
 5.764000e-001,-2.564502e+003,-2.833694e+001, 2.967056e+003,-2.833131e+003,-4.902069e+001, 1.456111e+002,-2.959742e+003, 0.000000e+000, 0.000000e+000, 0.000000e+000
 5.764500e-001,-2.528409e+003,-6.960152e+001, 2.945878e+003,-2.879315e+003,-4.858707e+001, 1.464664e+002,-3.003627e+003, 0.000000e+000, 0.000000e+000, 0.000000e+000
 5.765000e-001,-2.512750e+003,-1.638920e+002, 3.031451e+003,-2.924442e+003,-4.764633e+001, 1.471223e+002,-3.045971e+003, 0.000000e+000, 0.000000e+000, 0.000000e+000
 5.765500e-001,-2.473621e+003,-1.904795e+002, 3.004086e+003,-2.968578e+003,-4.718127e+001, 1.478523e+002,-3.087713e+003, 0.000000e+000, 0.000000e+000, 0.000000e+000
 5.766000e-001,-2.457637e+003,-2.989969e+002, 3.091163e+003,-3.011611e+003,-4.622580e+001, 1.484104e+002,-3.127853e+003, 0.000000e+000, 0.000000e+000, 0.000000e+000
 5.766500e-001,-2.415130e+003,-3.113120e+002, 3.058420e+003,-3.053634e+003,-4.572939e+001, 1.490127e+002,-3.167393e+003, 0.000000e+000, 0.000000e+000, 0.000000e+000
 5.767000e-001,-2.399179e+003,-4.333803e+002, 3.146103e+003,-3.094514e+003,-4.476534e+001, 1.494712e+002,-3.205271e+003, 0.000000e+000, 0.000000e+000, 0.000000e+000
 5.767500e-001,-2.353088e+003,-4.320084e+002, 3.108802e+003,-3.134362e+003,-4.423760e+001, 1.499441e+002,-3.242550e+003, 0.000000e+000, 0.000000e+000, 0.000000e+000
 5.768000e-001,-2.337388e+003,-5.667740e+002, 3.196197e+003,-3.173035e+003,-4.327085e+001, 1.503010e+002,-3.278111e+003, 0.000000e+000, 0.000000e+000, 0.000000e+000
 5.768500e-001,-2.287663e+003,-5.524760e+002, 3.155148e+003,-3.210649e+003,-4.271174e+001, 1.506433e+002,-3.313076e+003, 0.000000e+000, 0.000000e+000, 0.000000e+000
 5.769000e-001,-2.272270e+003,-6.989142e+002, 3.241390e+003,-3.247062e+003,-4.174786e+001, 1.508967e+002,-3.346270e+003, 0.000000e+000, 0.000000e+000, 0.000000e+000
 5.769500e-001,-2.219030e+003,-6.726193e+002, 3.197371e+003,-3.282387e+003,-4.115726e+001, 1.511078e+002,-3.378870e+003, 0.000000e+000, 0.000000e+000, 0.000000e+000
 5.770000e-001,-2.203834e+003,-8.295430e+002, 3.281639e+003,-3.316491e+003,-4.020145e+001, 1.512557e+002,-3.409648e+003, 0.000000e+000, 0.000000e+000, 0.000000e+000
 5.770500e-001,-2.147371e+003,-7.923393e+002, 3.235385e+003,-3.349474e+003,-3.957920e+001, 1.513357e+002,-3.439835e+003, 0.000000e+000, 0.000000e+000, 0.000000e+000
 5.771000e-001,-2.132097e+003,-9.584091e+002, 3.316916e+003,-3.381224e+003,-3.863620e+001, 1.513763e+002,-3.468156e+003, 0.000000e+000, 0.000000e+000, 0.000000e+000
 5.771500e-001,-2.072869e+003,-9.115325e+002, 3.269105e+003,-3.411814e+003,-3.798209e+001, 1.513254e+002,-3.495885e+003, 0.000000e+000, 0.000000e+000, 0.000000e+000
 5.772000e-001,-2.057085e+003,-1.085270e+003, 3.347200e+003,-3.441168e+003,-3.705619e+001, 1.512570e+002,-3.521709e+003, 0.000000e+000, 0.000000e+000, 0.000000e+000
 5.772500e-001,-1.995702e+003,-1.030090e+003, 3.298448e+003,-3.469321e+003,-3.637001e+001, 1.510761e+002,-3.546940e+003, 0.000000e+000, 0.000000e+000, 0.000000e+000
 5.773000e-001,-1.978838e+003,-1.209892e+003, 3.372481e+003,-3.496238e+003,-3.546494e+001, 1.508973e+002,-3.570230e+003, 0.000000e+000, 0.000000e+000, 0.000000e+000
 5.773500e-001,-1.916041e+003,-1.147897e+003, 3.323337e+003,-3.521910e+003,-3.474651e+001, 1.505874e+002,-3.592926e+003, 0.000000e+000, 0.000000e+000, 0.000000e+000
 5.774000e-001,-1.897415e+003,-1.332053e+003, 3.392756e+003,-3.546354e+003,-3.386541e+001, 1.502971e+002,-3.613652e+003, 0.000000e+000, 0.000000e+000, 0.000000e+000
 5.774500e-001,-1.834044e+003,-1.264830e+003, 3.343706e+003,-3.569509e+003,-3.311459e+001, 1.498595e+002,-3.633777e+003, 0.000000e+000, 0.000000e+000, 0.000000e+000
 5.775000e-001,-1.812897e+003,-1.451543e+003, 3.408024e+003,-3.591446e+003,-3.226000e+001, 1.494571e+002,-3.651913e+003, 0.000000e+000, 0.000000e+000, 0.000000e+000
 5.775500e-001,-1.749856e+003,-1.380760e+003, 3.359495e+003,-3.612048e+003,-3.147674e+001, 1.488935e+002,-3.669438e+003, 0.000000e+000, 0.000000e+000, 0.000000e+000
 5.776000e-001,-1.725387e+003,-1.568167e+003, 3.418290e+003,-3.631447e+003,-3.065053e+001, 1.483787e+002,-3.684958e+003, 0.000000e+000, 0.000000e+000, 0.000000e+000
 5.776500e-001,-1.663605e+003,-1.495545e+003, 3.370656e+003,-3.649468e+003,-2.983492e+001, 1.476906e+002,-3.699857e+003, 0.000000e+000, 0.000000e+000, 0.000000e+000
 5.777000e-001,-1.635011e+003,-1.681744e+003, 3.423562e+003,-3.666300e+003,-2.903827e+001, 1.470637e+002,-3.712744e+003, 0.000000e+000, 0.000000e+000, 0.000000e+000
 5.777500e-001,-1.575402e+003,-1.609037e+003, 3.377150e+003,-3.681713e+003,-2.819056e+001, 1.462532e+002,-3.724994e+003, 0.000000e+000, 0.000000e+000, 0.000000e+000
 5.778000e-001,-1.541922e+003,-1.792107e+003, 3.423849e+003,-3.695953e+003,-2.742398e+001, 1.455147e+002,-3.735230e+003, 0.000000e+000, 0.000000e+000, 0.000000e+000
 5.778500e-001,-1.485344e+003,-1.721077e+003, 3.378951e+003,-3.708737e+003,-2.654462e+001, 1.445838e+002,-3.744813e+003, 0.000000e+000, 0.000000e+000, 0.000000e+000
 5.779000e-001,-1.446290e+003,-1.899108e+003, 3.419164e+003,-3.720363e+003,-2.580789e+001, 1.437349e+002,-3.752387e+003, 0.000000e+000, 0.000000e+000, 0.000000e+000
 5.779500e-001,-1.393508e+003,-1.831493e+003, 3.376043e+003,-3.730501e+003,-2.489757e+001, 1.426859e+002,-3.759289e+003, 0.000000e+000, 0.000000e+000, 0.000000e+000
 5.780000e-001,-1.348311e+003,-2.002616e+003, 3.409525e+003,-3.739494e+003,-2.418979e+001, 1.417280e+002,-3.764193e+003, 0.000000e+000, 0.000000e+000, 0.000000e+000
 5.780500e-001,-1.299962e+003,-1.940106e+003, 3.368419e+003,-3.746973e+003,-2.324945e+001, 1.405635e+002,-3.768403e+003, 0.000000e+000, 0.000000e+000, 0.000000e+000
 5.781000e-001,-1.248196e+003,-2.102517e+003, 3.394952e+003,-3.753316e+003,-2.256903e+001, 1.394985e+002,-3.770633e+003, 0.000000e+000, 0.000000e+000, 0.000000e+000
 5.781500e-001,-1.204761e+003,-2.046724e+003, 3.356080e+003,-3.758128e+003,-2.159990e+001, 1.382213e+002,-3.772146e+003, 0.000000e+000, 0.000000e+000, 0.000000e+000
 5.782000e-001,-1.146169e+003,-2.198715e+003, 3.375474e+003,-3.761808e+003,-2.094461e+001, 1.370513e+002,-3.771700e+003, 0.000000e+000, 0.000000e+000, 0.000000e+000
 5.782500e-001,-1.107955e+003,-2.151146e+003, 3.339034e+003,-3.763948e+003,-1.994820e+001, 1.356643e+002,-3.770514e+003, 0.000000e+000, 0.000000e+000, 0.000000e+000
 5.783000e-001,-1.042465e+003,-2.291131e+003, 3.351126e+003,-3.764956e+003,-1.931520e+001, 1.343918e+002,-3.767396e+003, 0.000000e+000, 0.000000e+000, 0.000000e+000
 5.783500e-001,-1.009592e+003,-2.253162e+003, 3.317296e+003,-3.764423e+003,-1.829333e+001, 1.328985e+002,-3.763513e+003, 0.000000e+000, 0.000000e+000, 0.000000e+000
 5.784000e-001,-9.373229e+002,-2.379704e+003, 3.321953e+003,-3.762754e+003,-1.767920e+001, 1.315259e+002,-3.757729e+003, 0.000000e+000, 0.000000e+000, 0.000000e+000
 5.784500e-001,-9.097202e+002,-2.352553e+003, 3.290881e+003,-3.759550e+003,-1.663396e+001, 1.299301e+002,-3.751157e+003, 0.000000e+000, 0.000000e+000, 0.000000e+000
 5.785000e-001,-8.309816e+002,-2.464389e+003, 3.288012e+003,-3.755203e+003,-1.603482e+001, 1.284601e+002,-3.742716e+003, 0.000000e+000, 0.000000e+000, 0.000000e+000
 5.785500e-001,-8.083945e+002,-2.449094e+003, 3.259809e+003,-3.749334e+003,-1.496860e+001, 1.267660e+002,-3.733466e+003, 0.000000e+000, 0.000000e+000, 0.000000e+000
 5.786000e-001,-7.236757e+002,-2.545155e+003, 3.249371e+003,-3.742311e+003,-1.438010e+001, 1.252013e+002,-3.722382e+003, 0.000000e+000, 0.000000e+000, 0.000000e+000
 5.786500e-001,-7.056804e+002,-2.542554e+003, 3.224100e+003,-3.733789e+003,-1.329554e+001, 1.234135e+002,-3.710469e+003, 0.000000e+000, 0.000000e+000, 0.000000e+000
 5.787000e-001,-6.156308e+002,-2.621987e+003, 3.206109e+003,-3.724095e+003,-1.271301e+001, 1.217569e+002,-3.696758e+003, 0.000000e+000, 0.000000e+000, 0.000000e+000
 5.787500e-001,-6.016568e+002,-2.632699e+003, 3.183775e+003,-3.712933e+003,-1.161298e+001, 1.198804e+002,-3.682201e+003, 0.000000e+000, 0.000000e+000, 0.000000e+000
 5.788000e-001,-5.070600e+002,-2.694881e+003, 3.158321e+003,-3.700581e+003,-1.103148e+001, 1.181344e+002,-3.665885e+003, 0.000000e+000, 0.000000e+000, 0.000000e+000
 5.788500e-001,-4.964195e+002,-2.719293e+003, 3.138856e+003,-3.686793e+003,-9.919045e+000, 1.161747e+002,-3.648707e+003, 0.000000e+000, 0.000000e+000, 0.000000e+000
 5.789000e-001,-3.981606e+002,-2.763844e+003, 3.106113e+003,-3.671798e+003,-9.333465e+000, 1.143421e+002,-3.629808e+003, 0.000000e+000, 0.000000e+000, 0.000000e+000
 5.789500e-001,-3.900830e+002,-2.802099e+003, 3.089364e+003,-3.655406e+003,-8.211846e+000, 1.123049e+002,-3.610037e+003, 0.000000e+000, 0.000000e+000, 0.000000e+000
 5.790000e-001,-2.891124e+002,-2.828891e+003, 3.049603e+003,-3.637787e+003,-7.616985e+000, 1.103882e+002,-3.588583e+003, 0.000000e+000, 0.000000e+000, 0.000000e+000
 5.790500e-001,-2.827823e+002,-2.880885e+003, 3.035322e+003,-3.618814e+003,-6.489523e+000, 1.082796e+002,-3.566249e+003, 0.000000e+000, 0.000000e+000, 0.000000e+000
 5.791000e-001,-1.800760e+002,-2.890047e+003, 2.988920e+003,-3.598596e+003,-5.880204e+000, 1.062814e+002,-3.542271e+003, 0.000000e+000, 0.000000e+000, 0.000000e+000
 5.791500e-001,-1.746724e+002,-2.955424e+003, 2.976759e+003,-3.577066e+003,-4.750297e+000, 1.041076e+002,-3.517409e+003, 0.000000e+000, 0.000000e+000, 0.000000e+000
 5.792000e-001,-7.119288e+001,-2.947338e+003, 2.924200e+003,-3.554277e+003,-4.121454e+000, 1.020306e+002,-3.490940e+003, 0.000000e+000, 0.000000e+000, 0.000000e+000
 5.792500e-001,-6.592851e+001,-3.025492e+003, 2.913706e+003,-3.530221e+003,-2.992515e+000, 9.979784e+001,-3.463589e+003, 0.000000e+000, 0.000000e+000, 0.000000e+000
 5.793000e-001, 3.741382e+001,-3.000795e+003, 2.855588e+003,-3.504894e+003,-2.339292e+000, 9.764481e+001,-3.434667e+003, 0.000000e+000, 0.000000e+000, 0.000000e+000
 5.793500e-001, 4.325636e+001,-3.090881e+003, 2.846204e+003,-3.478344e+003,-1.214694e+000, 9.535945e+001,-3.404868e+003, 0.000000e+000, 0.000000e+000, 0.000000e+000
 5.794000e-001, 1.456378e+002,-3.050452e+003, 2.783228e+003,-3.450516e+003,-5.325354e-001, 9.313326e+001,-3.373533e+003, 0.000000e+000, 0.000000e+000, 0.000000e+000
 5.794500e-001, 1.526735e+002,-3.151390e+003, 2.774304e+003,-3.421506e+003, 5.844352e-001, 9.080141e+001,-3.341331e+003, 0.000000e+000, 0.000000e+000, 0.000000e+000
 5.795000e-001, 2.533870e+002,-3.096337e+003, 2.707267e+003,-3.391219e+003, 1.299695e+000, 8.850518e+001,-3.307628e+003, 0.000000e+000, 0.000000e+000, 0.000000e+000
 5.795500e-001, 2.621017e+002,-3.206833e+003, 2.698069e+003,-3.359789e+003, 2.405893e+000, 8.613272e+001,-3.273072e+003, 0.000000e+000, 0.000000e+000, 0.000000e+000
 5.796000e-001, 3.605804e+002,-3.138480e+003, 2.627849e+003,-3.327088e+003, 3.157946e+000, 8.376987e+001,-3.237047e+003, 0.000000e+000, 0.000000e+000, 0.000000e+000
 5.796500e-001, 3.713115e+002,-3.257043e+003, 2.617578e+003,-3.293279e+003, 4.250411e+000, 8.136227e+001,-3.200187e+003, 0.000000e+000, 0.000000e+000, 0.000000e+000
 5.797000e-001, 4.671444e+002,-3.176903e+003, 2.545112e+003,-3.258213e+003, 5.042396e+000, 7.893655e+001,-3.161892e+003, 0.000000e+000, 0.000000e+000, 0.000000e+000
 5.797500e-001, 4.800689e+002,-3.301866e+003, 2.532928e+003,-3.222070e+003, 6.118396e+000, 7.649881e+001,-3.122783e+003, 0.000000e+000, 0.000000e+000, 0.000000e+000
 5.798000e-001, 5.730092e+002,-3.211624e+003, 2.459186e+003,-3.184692e+003, 6.952831e+000, 7.401437e+001,-3.082271e+003, 0.000000e+000, 0.000000e+000, 0.000000e+000
 5.798500e-001, 5.881401e+002,-3.341173e+003, 2.444236e+003,-3.146264e+003, 8.009906e+000, 7.155092e+001,-3.040969e+003, 0.000000e+000, 0.000000e+000, 0.000000e+000
 5.799000e-001, 6.781040e+002,-3.242651e+003, 2.370193e+003,-3.106629e+003, 8.888623e+000, 6.901233e+001,-2.998299e+003, 0.000000e+000, 0.000000e+000, 0.000000e+000
 5.799500e-001, 6.952960e+002,-3.374851e+003, 2.351639e+003,-3.065969e+003, 9.924613e+000, 6.652697e+001,-2.954864e+003, 0.000000e+000, 0.000000e+000, 0.000000e+000
 5.800000e-001, 7.823539e+002,-3.269986e+003, 2.278242e+003,-3.024136e+003, 1.084871e+001, 6.393921e+001,-2.910094e+003, 0.000000e+000, 0.000000e+000, 0.000000e+000
 5.800500e-001, 8.013158e+002,-3.402814e+003, 2.255293e+003,-2.981299e+003, 1.186178e+001, 6.143507e+001,-2.864588e+003, 0.000000e+000, 0.000000e+000, 0.000000e+000
 5.801000e-001, 8.856760e+002,-3.293619e+003, 2.183434e+003,-2.937330e+003, 1.283156e+001, 5.880354e+001,-2.817783e+003, 0.000000e+000, 0.000000e+000, 0.000000e+000
 5.801500e-001, 9.059913e+002,-3.424996e+003, 2.155379e+003,-2.892376e+003, 1.382025e+001, 5.628310e+001,-2.770271e+003, 0.000000e+000, 0.000000e+000, 0.000000e+000
 5.802000e-001, 9.879760e+002,-3.313529e+003, 2.085857e+003,-2.846336e+003, 1.483522e+001, 5.361356e+001,-2.721497e+003, 0.000000e+000, 0.000000e+000, 0.000000e+000
 5.802500e-001, 1.009130e+003,-3.441359e+003, 2.052094e+003,-2.799328e+003, 1.579841e+001, 5.107864e+001,-2.672046e+003, 0.000000e+000, 0.000000e+000, 0.000000e+000
 5.803000e-001, 1.089146e+003,-3.329687e+003, 1.985589e+003,-2.751283e+003, 1.685722e+001, 4.837713e+001,-2.621371e+003, 0.000000e+000, 0.000000e+000, 0.000000e+000
 5.803500e-001, 1.110557e+003,-3.451885e+003, 1.945653e+003,-2.702288e+003, 1.779419e+001, 4.582899e+001,-2.570052e+003, 0.000000e+000, 0.000000e+000, 0.000000e+000
 5.804000e-001, 1.189065e+003,-3.342048e+003, 1.882703e+003,-2.652309e+003, 1.889464e+001, 4.310178e+001,-2.517547e+003, 0.000000e+000, 0.000000e+000, 0.000000e+000
 5.804500e-001, 1.210117e+003,-3.456587e+003, 1.836286e+003,-2.601396e+003, 1.980503e+001, 4.054117e+001,-2.464431e+003, 0.000000e+000, 0.000000e+000, 0.000000e+000
 5.805000e-001, 1.287592e+003,-3.350559e+003, 1.777266e+003,-2.549554e+003, 2.094410e+001, 3.779462e+001,-2.410172e+003, 0.000000e+000, 0.000000e+000, 0.000000e+000
 5.805500e-001, 1.307677e+003,-3.455497e+003, 1.724235e+003,-2.496797e+003, 2.182791e+001, 3.522190e+001,-2.355333e+003, 0.000000e+000, 0.000000e+000, 0.000000e+000
 5.806000e-001, 1.384574e+003,-3.355156e+003, 1.669341e+003,-2.443166e+003, 2.300174e+001, 3.246234e+001,-2.299395e+003, 0.000000e+000, 0.000000e+000, 0.000000e+000
 5.806500e-001, 1.403119e+003,-3.448674e+003, 1.609746e+003,-2.388641e+003, 2.385932e+001, 2.987760e+001,-2.242911e+003, 0.000000e+000, 0.000000e+000, 0.000000e+000
 5.807000e-001, 1.479841e+003,-3.355763e+003, 1.558996e+003,-2.333297e+003, 2.506324e+001, 2.711122e+001,-2.185373e+003, 0.000000e+000, 0.000000e+000, 0.000000e+000
 5.807500e-001, 1.496351e+003,-3.436201e+003, 1.493073e+003,-2.277086e+003, 2.589528e+001, 2.451443e+001,-2.127323e+003, 0.000000e+000, 0.000000e+000, 0.000000e+000
 5.808000e-001, 1.573211e+003,-3.352297e+003, 1.446304e+003,-2.220106e+003, 2.712386e+001, 2.174714e+001,-2.068265e+003, 0.000000e+000, 0.000000e+000, 0.000000e+000
 5.808500e-001, 1.587292e+003,-3.418183e+003, 1.374465e+003,-2.162290e+003, 2.793131e+001, 1.913828e+001,-2.008729e+003, 0.000000e+000, 0.000000e+000, 0.000000e+000
 5.809000e-001, 1.664492e+003,-3.344664e+003, 1.331345e+003,-2.103755e+003, 2.917843e+001, 1.637557e+001,-1.948236e+003, 0.000000e+000, 0.000000e+000, 0.000000e+000
 5.809500e-001, 1.675881e+003,-3.394745e+003, 1.254167e+003,-2.044420e+003, 2.996251e+001, 1.375475e+001,-1.887297e+003, 0.000000e+000, 0.000000e+000, 0.000000e+000
 5.810000e-001, 1.753482e+003,-3.332768e+003, 1.214215e+003,-1.984411e+003, 3.122141e+001, 1.100163e+001,-1.825453e+003, 0.000000e+000, 0.000000e+000, 0.000000e+000
 5.810500e-001, 1.762065e+003,-3.366032e+003, 1.132415e+003,-1.923644e+003, 3.198351e+001, 8.369241e+000,-1.763196e+003, 0.000000e+000, 0.000000e+000, 0.000000e+000
 5.811000e-001, 1.839979e+003,-3.316506e+003, 1.095024e+003,-1.862246e+003, 3.324690e+001, 5.630076e+000,-1.700087e+003, 0.000000e+000, 0.000000e+000, 0.000000e+000
 5.811500e-001, 1.845800e+003,-3.332206e+003, 1.009435e+003,-1.800137e+003, 3.398855e+001, 2.986907e+000,-1.636600e+003, 0.000000e+000, 0.000000e+000, 0.000000e+000
 5.812000e-001, 1.923779e+003,-3.295772e+003, 9.738983e+002,-1.737434e+003, 3.524867e+001, 2.654133e-001,-1.572315e+003, 0.000000e+000, 0.000000e+000, 0.000000e+000
 5.812500e-001, 1.927049e+003,-3.293442e+003, 8.854340e+002,-1.674076e+003, 3.597149e+001,-2.387295e+000,-1.507686e+003, 0.000000e+000, 0.000000e+000, 0.000000e+000
 5.813000e-001, 2.004683e+003,-3.270465e+003, 8.509872e+002,-1.610156e+003, 3.722023e+001,-5.088115e+000,-1.442313e+003, 0.000000e+000, 0.000000e+000, 0.000000e+000
 5.813500e-001, 2.005774e+003,-3.249928e+003, 7.606063e+002,-1.545642e+003, 3.792584e+001,-7.748588e+000,-1.376633e+003, 0.000000e+000, 0.000000e+000, 0.000000e+000
 5.814000e-001, 2.082500e+003,-3.240481e+003, 7.264584e+002,-1.480593e+003, 3.915487e+001,-1.042644e+001,-1.310265e+003, 0.000000e+000, 0.000000e+000, 0.000000e+000
 5.814500e-001, 2.081934e+003,-3.201863e+003, 6.351276e+002,-1.415019e+003, 3.984482e+001,-1.309235e+001,-1.243626e+003, 0.000000e+000, 0.000000e+000, 0.000000e+000
 5.815000e-001, 2.157051e+003,-3.205728e+003, 6.005000e+002,-1.348932e+003, 4.104570e+001,-1.574563e+001,-1.176354e+003, 0.000000e+000, 0.000000e+000, 0.000000e+000
 5.815500e-001, 2.155484e+003,-3.149448e+003, 5.091568e+002,-1.282393e+003, 4.172141e+001,-1.841407e+001,-1.108850e+003, 0.000000e+000, 0.000000e+000, 0.000000e+000
 5.816000e-001, 2.228173e+003,-3.166118e+003, 4.733192e+002,-1.215362e+003, 4.288572e+001,-2.104180e+001,-1.040767e+003, 0.000000e+000, 0.000000e+000, 0.000000e+000
 5.816500e-001, 2.226368e+003,-3.092892e+003, 3.828370e+002,-1.147954e+003, 4.354841e+001,-2.370935e+001,-9.724935e+002, 0.000000e+000, 0.000000e+000, 0.000000e+000
 5.817000e-001, 2.295721e+003,-3.121578e+003, 3.451399e+002,-1.080074e+003, 4.466789e+001,-2.631108e+001,-9.036943e+002, 0.000000e+000, 0.000000e+000, 0.000000e+000
 5.817500e-001, 2.294521e+003,-3.032400e+003, 2.562975e+002,-1.011896e+003, 4.531850e+001,-2.897386e+001,-8.347477e+002, 0.000000e+000, 0.000000e+000, 0.000000e+000
 5.818000e-001, 2.359571e+003,-3.072047e+003, 2.162005e+002,-9.432622e+002, 4.638516e+001,-3.154955e+001,-7.653277e+002, 0.000000e+000, 0.000000e+000, 0.000000e+000
 5.818500e-001, 2.359865e+003,-2.968176e+003, 1.296564e+002,-8.744105e+002, 4.702432e+001,-3.420327e+001,-6.958056e+002, 0.000000e+000, 0.000000e+000, 0.000000e+000
 5.819000e-001, 2.419621e+003,-3.017483e+003, 8.674952e+001,-8.051215e+002, 4.803057e+001,-3.675319e+001,-6.258608e+002, 0.000000e+000, 0.000000e+000, 0.000000e+000
 5.819500e-001, 2.422308e+003,-2.900418e+003, 3.023577e+000,-7.356951e+002, 4.865851e+001,-3.939328e+001,-5.558619e+002, 0.000000e+000, 0.000000e+000, 0.000000e+000
 5.820000e-001, 2.475792e+003,-2.957863e+003,-4.295758e+001,-6.658497e+002, 4.959731e+001,-4.191780e+001,-4.854894e+002, 0.000000e+000, 0.000000e+000, 0.000000e+000
 5.820500e-001, 2.481745e+003,-2.829317e+003,-1.234952e+002,-5.959470e+002, 5.021383e+001,-4.453952e+001,-4.151131e+002, 0.000000e+000, 0.000000e+000, 0.000000e+000
 5.821000e-001, 2.528027e+003,-2.893186e+003,-1.726630e+002,-5.256457e+002, 5.107877e+001,-4.703900e+001,-3.444104e+002, 0.000000e+000, 0.000000e+000, 0.000000e+000
 5.821500e-001, 2.538060e+003,-2.755053e+003,-2.497948e+002,-4.553651e+002, 5.168323e+001,-4.963755e+001,-2.737569e+002, 0.000000e+000, 0.000000e+000, 0.000000e+000
 5.822000e-001, 2.576292e+003,-2.823474e+003,-3.021106e+002,-3.847096e+002, 5.246863e+001,-5.211219e+001,-2.028221e+002, 0.000000e+000, 0.000000e+000, 0.000000e+000
 5.822500e-001, 2.591122e+003,-2.677792e+003,-3.757671e+002,-3.141494e+002, 5.305989e+001,-5.468281e+001,-1.319921e+002, 0.000000e+000, 0.000000e+000, 0.000000e+000
 5.823000e-001, 2.620573e+003,-2.748776e+003,-4.310504e+002,-2.432421e+002, 5.376093e+001,-5.713250e+001,-6.092401e+001, 0.000000e+000, 0.000000e+000, 0.000000e+000
 5.823500e-001, 2.640793e+003,-2.597688e+003,-5.012975e+002,-1.725004e+002, 5.433738e+001,-5.967060e+001, 9.981522e+000, 0.000000e+000, 0.000000e+000, 0.000000e+000
 5.824000e-001, 2.660875e+003,-2.669165e+003,-5.592418e+002,-1.014446e+002, 5.495009e+001,-6.209478e+001, 8.108395e+001, 0.000000e+000, 0.000000e+000, 0.000000e+000
 5.824500e-001, 2.686929e+003,-2.514880e+003,-6.262617e+002,-3.061945e+001, 5.550964e+001,-6.459605e+001, 1.519639e+002, 0.000000e+000, 0.000000e+000, 0.000000e+000
 5.825000e-001, 2.697220e+003,-2.584740e+003,-6.864568e+002, 4.048121e+001, 5.603103e+001,-6.699361e+001, 2.230012e+002, 0.000000e+000, 0.000000e+000, 0.000000e+000
 5.825500e-001, 2.729380e+003,-2.429492e+003,-7.505238e+002, 1.112922e+002, 5.657113e+001,-6.945402e+001, 2.937544e+002, 0.000000e+000, 0.000000e+000, 0.000000e+000
 5.826000e-001, 2.729639e+003,-2.495631e+003,-8.124827e+002, 1.823339e+002, 5.699918e+001,-7.182328e+001, 3.646270e+002, 0.000000e+000, 0.000000e+000, 0.000000e+000
 5.826500e-001, 2.767997e+003,-2.341630e+003,-8.739346e+002, 2.530332e+002, 5.751688e+001,-7.423920e+001, 4.351526e+002, 0.000000e+000, 0.000000e+000, 0.000000e+000
 5.827000e-001, 2.758178e+003,-2.401988e+003,-9.371232e+002, 3.239121e+002, 5.785057e+001,-7.657779e+001, 5.057608e+002, 0.000000e+000, 0.000000e+000, 0.000000e+000
 5.827500e-001, 2.802634e+003,-2.251389e+003,-9.963309e+002, 3.944026e+002, 5.834255e+001,-7.894598e+001, 5.759582e+002, 0.000000e+000, 0.000000e+000, 0.000000e+000
 5.828000e-001, 2.782885e+003,-2.303990e+003,-1.060199e+003, 4.650151e+002, 5.858184e+001,-8.125089e+001, 6.462022e+002, 0.000000e+000, 0.000000e+000, 0.000000e+000
 5.828500e-001, 2.833151e+003,-2.158845e+003,-1.117536e+003, 5.352000e+002, 5.904448e+001,-8.356850e+001, 7.159714e+002, 0.000000e+000, 0.000000e+000, 0.000000e+000
 5.829000e-001, 2.803813e+003,-2.201839e+003,-1.181550e+003, 6.054433e+002, 5.919029e+001,-8.583609e+001, 7.857518e+002, 0.000000e+000, 0.000000e+000, 0.000000e+000
 5.829500e-001, 2.859420e+003,-2.064065e+003,-1.237359e+003, 6.752260e+002, 5.961975e+001,-8.810062e+001, 8.549933e+002, 0.000000e+000, 0.000000e+000, 0.000000e+000
 5.830000e-001, 2.821015e+003,-2.095757e+003,-1.301029e+003, 7.449979e+002, 5.967394e+001,-9.032665e+001, 9.242106e+002, 0.000000e+000, 0.000000e+000, 0.000000e+000
 5.830500e-001, 2.881323e+003,-1.967102e+003,-1.355601e+003, 8.142822e+002, 6.006623e+001,-9.253591e+001, 9.928259e+002, 0.000000e+000, 0.000000e+000, 0.000000e+000
 5.831000e-001, 2.834538e+003,-1.985987e+003,-1.418504e+003, 8.834817e+002, 6.003152e+001,-9.471568e+001, 1.061381e+003, 0.000000e+000, 0.000000e+000, 0.000000e+000
 5.831500e-001, 2.898761e+003,-1.868001e+003,-1.472054e+003, 9.521718e+002, 6.038258e+001,-9.686768e+001, 1.129273e+003, 0.000000e+000, 0.000000e+000, 0.000000e+000
 5.832000e-001, 2.844427e+003,-1.872789e+003,-1.533856e+003, 1.020699e+003, 6.026247e+001,-9.899609e+001, 1.197068e+003, 0.000000e+000, 0.000000e+000, 0.000000e+000
 5.832500e-001, 2.911652e+003,-1.766799e+003,-1.586504e+003, 1.088700e+003, 6.056829e+001,-1.010890e+002, 1.264139e+003, 0.000000e+000, 0.000000e+000, 0.000000e+000
 5.833000e-001, 2.850717e+003,-1.756436e+003,-1.646972e+003, 1.156456e+003, 6.036703e+001,-1.031607e+002, 1.331077e+003, 0.000000e+000, 0.000000e+000, 0.000000e+000
 5.833500e-001, 2.919934e+003,-1.663527e+003,-1.698737e+003, 1.223673e+003, 6.062369e+001,-1.051926e+002, 1.397232e+003, 0.000000e+000, 0.000000e+000, 0.000000e+000
 5.834000e-001, 2.853434e+003,-1.637212e+003,-1.757748e+003, 1.290562e+003, 6.034613e+001,-1.072022e+002, 1.463216e+003, 0.000000e+000, 0.000000e+000, 0.000000e+000
 5.834500e-001, 2.923567e+003,-1.558214e+003,-1.808543e+003, 1.356900e+003, 6.054992e+001,-1.091713e+002, 1.528360e+003, 0.000000e+000, 0.000000e+000, 0.000000e+000
 5.835000e-001, 2.852594e+003,-1.515412e+003,-1.866077e+003, 1.422827e+003, 6.020145e+001,-1.111133e+002, 1.593295e+003, 0.000000e+000, 0.000000e+000, 0.000000e+000
 5.835500e-001, 2.922532e+003,-1.450891e+003,-1.915716e+003, 1.488194e+003, 6.034893e+001,-1.130174e+002, 1.657335e+003, 0.000000e+000, 0.000000e+000, 0.000000e+000
 5.836000e-001, 2.848205e+003,-1.391333e+003,-1.971854e+003, 1.553065e+003, 5.993537e+001,-1.148866e+002, 1.721127e+003, 0.000000e+000, 0.000000e+000, 0.000000e+000
 5.836500e-001, 2.916835e+003,-1.341586e+003,-2.020061e+003, 1.617368e+003, 6.002347e+001,-1.167234e+002, 1.783973e+003, 0.000000e+000, 0.000000e+000, 0.000000e+000
 5.837000e-001, 2.840261e+003,-1.265279e+003,-2.074969e+003, 1.681093e+003, 5.955096e+001,-1.185147e+002, 1.846529e+003, 0.000000e+000, 0.000000e+000, 0.000000e+000
 5.837500e-001, 2.906500e+003,-1.230336e+003,-2.121396e+003, 1.744240e+003, 5.957700e+001,-1.202815e+002, 1.908090e+003, 0.000000e+000, 0.000000e+000, 0.000000e+000
 5.838000e-001, 2.828750e+003,-1.137549e+003,-2.175303e+003, 1.806729e+003, 5.905192e+001,-1.219903e+002, 1.969320e+003, 0.000000e+000, 0.000000e+000, 0.000000e+000
 5.838500e-001, 2.891571e+003,-1.117181e+003,-2.219557e+003, 1.868631e+003, 5.901369e+001,-1.236841e+002, 2.029507e+003, 0.000000e+000, 0.000000e+000, 0.000000e+000
 5.839000e-001, 2.813652e+003,-1.008445e+003,-2.272732e+003, 1.929799e+003, 5.844255e+001,-1.253063e+002, 2.089322e+003, 0.000000e+000, 0.000000e+000, 0.000000e+000
 5.839500e-001, 2.872112e+003,-1.002170e+003,-2.314396e+003, 1.990366e+003, 5.833833e+001,-1.269234e+002, 2.148050e+003, 0.000000e+000, 0.000000e+000, 0.000000e+000
 5.840000e-001, 2.794941e+003,-8.782603e+002,-2.367119e+003, 2.050127e+003, 5.772767e+001,-1.284555e+002, 2.206363e+003, 0.000000e+000, 0.000000e+000, 0.000000e+000
 5.840500e-001, 2.848202e+003,-8.853616e+002,-2.405781e+003, 2.109273e+003, 5.755627e+001,-1.299920e+002, 2.263546e+003, 0.000000e+000, 0.000000e+000, 0.000000e+000
 5.841000e-001, 2.772588e+003,-7.472841e+002,-2.458317e+003, 2.167544e+003, 5.691259e+001,-1.314308e+002, 2.320273e+003, 0.000000e+000, 0.000000e+000, 0.000000e+000
 5.841500e-001, 2.819935e+003,-7.668250e+002,-2.493604e+003, 2.225184e+003, 5.667335e+001,-1.328824e+002, 2.375829e+003, 0.000000e+000, 0.000000e+000, 0.000000e+000
 5.842000e-001, 2.746562e+003,-6.157969e+002,-2.546173e+003, 2.281886e+003, 5.600302e+001,-1.342256e+002, 2.430887e+003, 0.000000e+000, 0.000000e+000, 0.000000e+000
 5.842500e-001, 2.787416e+003,-6.466407e+002,-2.577773e+003, 2.337936e+003, 5.569583e+001,-1.355876e+002, 2.484736e+003, 0.000000e+000, 0.000000e+000, 0.000000e+000
 5.843000e-001, 2.716835e+003,-4.840694e+002,-2.630521e+003, 2.392992e+003, 5.500499e+001,-1.368332e+002, 2.538046e+003, 0.000000e+000, 0.000000e+000, 0.000000e+000
 5.843500e-001, 2.750756e+003,-5.249022e+002,-2.658211e+003, 2.447370e+003, 5.463027e+001,-1.381006e+002, 2.590108e+003, 0.000000e+000, 0.000000e+000, 0.000000e+000
 5.844000e-001, 2.683382e+003,-3.523622e+002,-2.711195e+003, 2.500704e+003, 5.392482e+001,-1.392471e+002, 2.641594e+003, 0.000000e+000, 0.000000e+000, 0.000000e+000
 5.844500e-001, 2.710076e+003,-4.017155e+002,-2.734857e+003, 2.553332e+003, 5.348349e+001,-1.404150e+002, 2.691793e+003, 0.000000e+000, 0.000000e+000, 0.000000e+000
 5.845000e-001, 2.646185e+003,-2.209238e+002,-2.788021e+003, 2.604871e+003, 5.276896e+001,-1.414614e+002, 2.741380e+003, 0.000000e+000, 0.000000e+000, 0.000000e+000
 5.845500e-001, 2.665496e+003,-2.771999e+002,-2.807662e+003, 2.655672e+003, 5.226244e+001,-1.425246e+002, 2.789644e+003, 0.000000e+000, 0.000000e+000, 0.000000e+000
 5.846000e-001, 2.605237e+003,-8.999118e+001,-2.860831e+003, 2.705346e+003, 5.154399e+001,-1.434700e+002, 2.837260e+003, 0.000000e+000, 0.000000e+000, 0.000000e+000
 5.846500e-001, 2.617139e+003,-1.514880e+002,-2.876583e+003, 2.754247e+003, 5.097414e+001,-1.444236e+002, 2.883518e+003, 0.000000e+000, 0.000000e+000, 0.000000e+000
 5.847000e-001, 2.560539e+003, 4.021193e+001,-2.929456e+003, 2.801988e+003, 5.025648e+001,-1.452676e+002, 2.929096e+003, 0.000000e+000, 0.000000e+000, 0.000000e+000
 5.847500e-001, 2.565128e+003,-2.472538e+001,-2.941586e+003, 2.848919e+003, 4.962557e+001,-1.461068e+002, 2.973278e+003, 0.000000e+000, 0.000000e+000, 0.000000e+000
 5.848000e-001, 2.512106e+003, 1.694746e+002,-2.993739e+003, 2.894660e+003, 4.891293e+001,-1.468488e+002, 3.016754e+003, 0.000000e+000, 0.000000e+000, 0.000000e+000
 5.848500e-001, 2.509580e+003, 1.029292e+002,-3.002634e+003, 2.939552e+003, 4.822363e+001,-1.475694e+002, 3.058796e+003, 0.000000e+000, 0.000000e+000, 0.000000e+000
 5.849000e-001, 2.459968e+003, 2.975992e+002,-3.053534e+003, 2.983231e+003, 4.751971e+001,-1.482091e+002, 3.100106e+003, 0.000000e+000, 0.000000e+000, 0.000000e+000
 5.849500e-001, 2.450612e+003, 2.313044e+002,-3.059689e+003, 3.026021e+003, 4.677499e+001,-1.488072e+002, 3.139947e+003, 0.000000e+000, 0.000000e+000, 0.000000e+000
 5.850000e-001, 2.404167e+003, 4.244017e+002,-3.108711e+003, 3.067576e+003, 4.608295e+001,-1.493439e+002, 3.179032e+003, 0.000000e+000, 0.000000e+000, 0.000000e+000
 5.850500e-001, 2.388333e+003, 3.602166e+002,-3.112709e+003, 3.108202e+003, 4.528612e+001,-1.498166e+002, 3.216613e+003, 0.000000e+000, 0.000000e+000, 0.000000e+000
 5.851000e-001, 2.344763e+003, 5.497112e+002,-3.159160e+003, 3.147577e+003, 4.460851e+001,-1.502494e+002, 3.253419e+003, 0.000000e+000, 0.000000e+000, 0.000000e+000
 5.851500e-001, 2.322849e+003, 4.894704e+002,-3.161642e+003, 3.185981e+003, 4.376310e+001,-1.505942e+002, 3.288683e+003, 0.000000e+000, 0.000000e+000, 0.000000e+000
 5.852000e-001, 2.281830e+003, 6.733708e+002,-3.204789e+003, 3.223119e+003, 4.310189e+001,-1.509222e+002, 3.323157e+003, 0.000000e+000, 0.000000e+000, 0.000000e+000
 5.852500e-001, 2.254261e+003, 6.188586e+002,-3.206428e+003, 3.259247e+003, 4.221167e+001,-1.511376e+002, 3.356054e+003, 0.000000e+000, 0.000000e+000, 0.000000e+000
 5.853000e-001, 2.215453e+003, 7.952369e+002,-3.245531e+003, 3.294095e+003, 4.156820e+001,-1.513593e+002, 3.388147e+003, 0.000000e+000, 0.000000e+000, 0.000000e+000
 5.853500e-001, 2.182665e+003, 7.481636e+002,-3.246996e+003, 3.327896e+003, 4.063711e+001,-1.514447e+002, 3.418629e+003, 0.000000e+000, 0.000000e+000, 0.000000e+000
 5.854000e-001, 2.145735e+003, 9.151792e+002,-3.281343e+003, 3.360406e+003, 4.001207e+001,-1.515586e+002, 3.448295e+003, 0.000000e+000, 0.000000e+000, 0.000000e+000
 5.854500e-001, 2.108153e+003, 8.771568e+002,-3.283263e+003, 3.391832e+003, 3.904422e+001,-1.515142e+002, 3.476318e+003, 0.000000e+000, 0.000000e+000, 0.000000e+000
 5.855000e-001, 2.072788e+003, 1.033081e+003,-3.312205e+003, 3.421956e+003, 3.843768e+001,-1.515183e+002, 3.503514e+003, 0.000000e+000, 0.000000e+000, 0.000000e+000
 5.855500e-001, 2.030817e+003, 1.005600e+003,-3.315138e+003, 3.450963e+003, 3.743731e+001,-1.513451e+002, 3.529037e+003, 0.000000e+000, 0.000000e+000, 0.000000e+000
 5.856000e-001, 1.996733e+003, 1.148839e+003,-3.338120e+003, 3.478658e+003, 3.684867e+001,-1.512373e+002, 3.553726e+003, 0.000000e+000, 0.000000e+000, 0.000000e+000
 5.856500e-001, 1.950748e+003, 1.133246e+003,-3.342519e+003, 3.505206e+003, 3.582012e+001,-1.509371e+002, 3.576713e+003, 0.000000e+000, 0.000000e+000, 0.000000e+000
 5.857000e-001, 1.917704e+003, 1.262362e+003,-3.359110e+003, 3.530432e+003, 3.524817e+001,-1.507151e+002, 3.598859e+003, 0.000000e+000, 0.000000e+000, 0.000000e+000
 5.857500e-001, 1.868035e+003, 1.259839e+003,-3.365299e+003, 3.554482e+003, 3.419586e+001,-1.502906e+002, 3.619277e+003, 0.000000e+000, 0.000000e+000, 0.000000e+000
 5.858000e-001, 1.835835e+003, 1.373573e+003,-3.375218e+003, 3.577202e+003, 3.363874e+001,-1.499521e+002, 3.638849e+003, 0.000000e+000, 0.000000e+000, 0.000000e+000
 5.858500e-001, 1.782772e+003, 1.385115e+003,-3.383368e+003, 3.598723e+003, 3.256715e+001,-1.494064e+002, 3.656670e+003, 0.000000e+000, 0.000000e+000, 0.000000e+000
 5.859000e-001, 1.751271e+003, 1.482406e+003,-3.386500e+003, 3.618903e+003, 3.202245e+001,-1.489491e+002, 3.673639e+003, 0.000000e+000, 0.000000e+000, 0.000000e+000
 5.859500e-001, 1.695058e+003, 1.508804e+003,-3.396616e+003, 3.637863e+003, 3.093609e+001,-1.482859e+002, 3.688839e+003, 0.000000e+000, 0.000000e+000, 0.000000e+000
 5.860000e-001, 1.664154e+003, 1.588805e+003,-3.393022e+003, 3.655473e+003, 3.040081e+001,-1.477077e+002, 3.703182e+003, 0.000000e+000, 0.000000e+000, 0.000000e+000
 5.860500e-001, 1.604995e+003, 1.630631e+003,-3.404939e+003, 3.671845e+003, 2.930418e+001,-1.469311e+002, 3.715740e+003, 0.000000e+000, 0.000000e+000, 0.000000e+000
 5.861000e-001, 1.574630e+003, 1.692728e+003,-3.394859e+003, 3.686860e+003, 2.877483e+001,-1.462304e+002, 3.727436e+003, 0.000000e+000, 0.000000e+000, 0.000000e+000
 5.861500e-001, 1.512694e+003, 1.750315e+003,-3.408241e+003, 3.700622e+003, 2.767242e+001,-1.453445e+002, 3.737336e+003, 0.000000e+000, 0.000000e+000, 0.000000e+000
 5.862000e-001, 1.482843e+003, 1.794139e+003,-3.392088e+003, 3.713018e+003, 2.714506e+001,-1.445200e+002, 3.746369e+003, 0.000000e+000, 0.000000e+000, 0.000000e+000
 5.862500e-001, 1.418272e+003, 1.867574e+003,-3.406438e+003, 3.724150e+003, 2.604129e+001,-1.435293e+002, 3.753598e+003, 0.000000e+000, 0.000000e+000, 0.000000e+000
 5.863000e-001, 1.388935e+003, 1.893014e+003,-3.384786e+003, 3.733909e+003, 2.551157e+001,-1.425804e+002, 3.759956e+003, 0.000000e+000, 0.000000e+000, 0.000000e+000
 5.863500e-001, 1.321857e+003, 1.982125e+003,-3.399463e+003, 3.742394e+003, 2.441078e+001,-1.414890e+002, 3.764506e+003, 0.000000e+000, 0.000000e+000, 0.000000e+000
 5.864000e-001, 1.293045e+003, 1.989331e+003,-3.373023e+003, 3.749501e+003, 2.387407e+001,-1.404158e+002, 3.768179e+003, 0.000000e+000, 0.000000e+000, 0.000000e+000
 5.864500e-001, 1.223584e+003, 2.093686e+003,-3.387272e+003, 3.755326e+003, 2.278045e+001,-1.392279e+002, 3.770046e+003, 0.000000e+000, 0.000000e+000, 0.000000e+000
 5.865000e-001, 1.195307e+003, 2.083078e+003,-3.356862e+003, 3.759771e+003, 2.223190e+001,-1.380313e+002, 3.771029e+003, 0.000000e+000, 0.000000e+000, 0.000000e+000
 5.865500e-001, 1.123599e+003, 2.201979e+003,-3.369840e+003, 3.762927e+003, 2.114944e+001,-1.367507e+002, 3.770213e+003, 0.000000e+000, 0.000000e+000, 0.000000e+000
 5.866000e-001, 1.095852e+003, 2.174243e+003,-3.336357e+003, 3.764702e+003, 2.058406e+001,-1.354325e+002, 3.768506e+003, 0.000000e+000, 0.000000e+000, 0.000000e+000
 5.866500e-001, 1.022056e+003, 2.306731e+003,-3.347170e+003, 3.765184e+003, 1.951654e+001,-1.340626e+002, 3.765010e+003, 0.000000e+000, 0.000000e+000, 0.000000e+000
 5.867000e-001, 9.948055e+002, 2.262815e+003,-3.311548e+003, 3.764287e+003, 1.892935e+001,-1.326255e+002, 3.760616e+003, 0.000000e+000, 0.000000e+000, 0.000000e+000
 5.867500e-001, 9.191187e+002, 2.407679e+003,-3.319289e+003, 3.762091e+003, 1.788024e+001,-1.311694e+002, 3.754446e+003, 0.000000e+000, 0.000000e+000, 0.000000e+000
 5.868000e-001, 8.922911e+002, 2.348782e+003,-3.282465e+003, 3.758522e+003, 1.726633e+001,-1.296171e+002, 3.747372e+003, 0.000000e+000, 0.000000e+000, 0.000000e+000
 5.868500e-001, 8.149576e+002, 2.504569e+003,-3.286251e+003, 3.753650e+003, 1.623876e+001,-1.280774e+002, 3.738541e+003, 0.000000e+000, 0.000000e+000, 0.000000e+000
 5.869000e-001, 7.884272e+002, 2.432131e+003,-3.249123e+003, 3.747416e+003, 1.559343e+001,-1.264143e+002, 3.728798e+003, 0.000000e+000, 0.000000e+000, 0.000000e+000
 5.869500e-001, 7.097493e+002, 2.597162e+003,-3.248137e+003, 3.739873e+003, 1.459011e+001,-1.247934e+002, 3.717319e+003, 0.000000e+000, 0.000000e+000, 0.000000e+000
 5.870000e-001, 6.833307e+002, 2.512839e+003,-3.211528e+003, 3.730980e+003, 1.390898e+001,-1.230248e+002, 3.704923e+003, 0.000000e+000, 0.000000e+000, 0.000000e+000
 5.870500e-001, 6.036759e+002, 2.685237e+003,-3.205048e+003, 3.720775e+003, 1.293217e+001,-1.213245e+002, 3.690814e+003, 0.000000e+000, 0.000000e+000, 0.000000e+000
 5.871000e-001, 5.771171e+002, 2.590878e+003,-3.169676e+003, 3.709239e+003, 1.221128e+001,-1.194565e+002, 3.675784e+003, 0.000000e+000, 0.000000e+000, 0.000000e+000
 5.871500e-001, 4.969221e+002, 2.768588e+003,-3.157108e+003, 3.696383e+003, 1.126271e+001,-1.176785e+002, 3.659068e+003, 0.000000e+000, 0.000000e+000, 0.000000e+000
 5.872000e-001, 4.699022e+002, 2.666208e+003,-3.123557e+003, 3.682219e+003, 1.049863e+001,-1.157175e+002, 3.641426e+003, 0.000000e+000, 0.000000e+000, 0.000000e+000
 5.872500e-001, 3.896743e+002, 2.847035e+003,-3.104461e+003, 3.666729e+003, 9.579481e+000,-1.138634e+002, 3.622127e+003, 0.000000e+000, 0.000000e+000, 0.000000e+000
 5.873000e-001, 3.618037e+002, 2.738778e+003,-3.073159e+003, 3.649958e+003, 8.769387e+000,-1.118165e+002, 3.601901e+003, 0.000000e+000, 0.000000e+000, 0.000000e+000
 5.873500e-001, 2.821179e+002, 2.920418e+003,-3.047261e+003, 3.631854e+003, 7.880241e+000,-1.098876e+002, 3.580049e+003, 0.000000e+000, 0.000000e+000, 0.000000e+000
 5.874000e-001, 2.529424e+002, 2.808522e+003,-3.018469e+003, 3.612499e+003, 7.022027e+000,-1.077621e+002, 3.557268e+003, 0.000000e+000, 0.000000e+000, 0.000000e+000
 5.874500e-001, 1.744357e+002, 2.988605e+003,-2.985673e+003, 3.591807e+003, 6.162831e+000,-1.057599e+002, 3.532895e+003, 0.000000e+000, 0.000000e+000, 0.000000e+000
 5.875000e-001, 1.434438e+002, 2.875360e+003,-2.959483e+003, 3.569896e+003, 5.255161e+000,-1.035630e+002, 3.507594e+003, 0.000000e+000, 0.000000e+000, 0.000000e+000
 5.875500e-001, 6.680618e+001, 3.051489e+003,-2.919870e+003, 3.546641e+003, 4.425221e+000,-1.014891e+002, 3.480735e+003, 0.000000e+000, 0.000000e+000, 0.000000e+000
 5.876000e-001, 3.343996e+001, 2.939194e+003,-2.896202e+003, 3.522205e+003, 3.467586e+000,-9.922829e+001, 3.452953e+003, 0.000000e+000, 0.000000e+000, 0.000000e+000
 5.876500e-001,-4.059884e+001, 3.108991e+003,-2.850021e+003, 3.496421e+003, 2.665566e+000,-9.708446e+001, 3.423646e+003, 0.000000e+000, 0.000000e+000, 0.000000e+000
 5.877000e-001,-7.692964e+001, 2.999912e+003,-2.828643e+003, 3.469495e+003, 1.658318e+000,-9.476680e+001, 3.393424e+003, 0.000000e+000, 0.000000e+000, 0.000000e+000
 5.877500e-001,-1.476155e+002, 3.161061e+003,-2.776298e+003, 3.441216e+003, 8.822515e-001,-9.255527e+001, 3.361712e+003, 0.000000e+000, 0.000000e+000, 0.000000e+000
 5.878000e-001,-1.875168e+002, 3.057385e+003,-2.756837e+003, 3.411839e+003,-1.733773e-001,-9.018748e+001, 3.329094e+003, 0.000000e+000, 0.000000e+000, 0.000000e+000
 5.878500e-001,-2.540894e+002, 3.207677e+003,-2.698863e+003, 3.381106e+003,-9.260528e-001,-8.791091e+001, 3.295022e+003, 0.000000e+000, 0.000000e+000, 0.000000e+000
 5.879000e-001,-2.981635e+002, 3.111467e+003,-2.680838e+003, 3.349318e+003,-2.027956e+000,-8.549921e+001, 3.260056e+003, 0.000000e+000, 0.000000e+000, 0.000000e+000
 5.879500e-001,-3.598768e+002, 3.248843e+003,-2.617870e+003, 3.316174e+003,-2.760351e+000,-8.316073e+001, 3.223673e+003, 0.000000e+000, 0.000000e+000, 0.000000e+000
 5.880000e-001,-4.087017e+002, 3.161998e+003,-2.600719e+003, 3.282021e+003,-3.905572e+000,-8.071077e+001, 3.186412e+003, 0.000000e+000, 0.000000e+000, 0.000000e+000
 5.880500e-001,-4.648454e+002, 3.284590e+003,-2.533462e+003, 3.246513e+003,-4.621280e+000,-7.831403e+001, 3.147767e+003, 0.000000e+000, 0.000000e+000, 0.000000e+000
 5.881000e-001,-5.189530e+002, 3.208807e+003,-2.516574e+003, 3.210042e+003,-5.806054e+000,-7.583083e+001, 3.108265e+003, 0.000000e+000, 0.000000e+000, 0.000000e+000
 5.881500e-001,-5.688747e+002, 3.314974e+003,-2.445772e+003, 3.172223e+003,-6.509068e+000,-7.337998e+001, 3.067415e+003, 0.000000e+000, 0.000000e+000, 0.000000e+000
 5.882000e-001,-6.287285e+002, 3.251710e+003,-2.428523e+003, 3.133483e+003,-7.728886e+000,-7.086790e+001, 3.025729e+003, 0.000000e+000, 0.000000e+000, 0.000000e+000
 5.882500e-001,-6.718561e+002, 3.340072e+003,-2.354919e+003, 3.093408e+003,-8.423506e+000,-6.836758e+001, 2.982729e+003, 0.000000e+000, 0.000000e+000, 0.000000e+000
 5.883000e-001,-7.378297e+002, 3.290518e+003,-2.336707e+003, 3.052455e+003,-9.673192e+000,-6.583028e+001, 2.938921e+003, 0.000000e+000, 0.000000e+000, 0.000000e+000
 5.883500e-001,-7.736927e+002, 3.359981e+003,-2.261010e+003, 3.010182e+003,-1.036391e+001,-6.328555e+001, 2.893832e+003, 0.000000e+000, 0.000000e+000, 0.000000e+000
 5.884000e-001,-8.460494e+002, 3.325032e+003,-2.241287e+003, 2.967072e+003,-1.163772e+001,-6.072607e+001, 2.847965e+003, 0.000000e+000, 0.000000e+000, 0.000000e+000
 5.884500e-001,-8.742982e+002, 3.374815e+003,-2.164145e+003, 2.922665e+003,-1.232912e+001,-5.814235e+001, 2.800849e+003, 0.000000e+000, 0.000000e+000, 0.000000e+000
 5.885000e-001,-9.531729e+002, 3.355059e+003,-2.142442e+003, 2.877456e+003,-1.362083e+001,-5.556314e+001, 2.752989e+003, 0.000000e+000, 0.000000e+000, 0.000000e+000
 5.885500e-001,-9.735961e+002, 3.384700e+003,-2.064414e+003, 2.830980e+003,-1.431744e+001,-5.294606e+001, 2.703913e+003, 0.000000e+000, 0.000000e+000, 0.000000e+000
 5.886000e-001,-1.058979e+003, 3.380401e+003,-2.040368e+003, 2.783736e+003,-1.562047e+001,-5.034913e+001, 2.654129e+003, 0.000000e+000, 0.000000e+000, 0.000000e+000
 5.886500e-001,-1.071518e+003, 3.389772e+003,-1.961904e+003, 2.735260e+003,-1.632666e+001,-4.770441e+001, 2.603159e+003, 0.000000e+000, 0.000000e+000, 0.000000e+000
 5.887000e-001,-1.163245e+003, 3.400870e+003,-1.935269e+003, 2.686046e+003,-1.763422e+001,-4.509138e+001, 2.551523e+003, 0.000000e+000, 0.000000e+000, 0.000000e+000
 5.887500e-001,-1.168002e+003, 3.390172e+003,-1.856701e+003, 2.635642e+003,-1.835404e+001,-4.242475e+001, 2.498731e+003, 0.000000e+000, 0.000000e+000, 0.000000e+000
 5.888000e-001,-1.265745e+003, 3.416286e+003,-1.827360e+003, 2.584527e+003,-1.965919e+001,-3.979696e+001, 2.445317e+003, 0.000000e+000, 0.000000e+000, 0.000000e+000
 5.888500e-001,-1.262991e+003, 3.386044e+003,-1.748894e+003, 2.532270e+003,-2.039631e+001,-3.711398e+001, 2.390776e+003, 0.000000e+000, 0.000000e+000, 0.000000e+000
 5.889000e-001,-1.366254e+003, 3.426482e+003,-1.716856e+003, 2.479323e+003,-2.169212e+001,-3.447268e+001, 2.335658e+003, 0.000000e+000, 0.000000e+000, 0.000000e+000
 5.889500e-001,-1.356428e+003, 3.377532e+003,-1.638576e+003, 2.425292e+003,-2.244964e+001,-3.177860e+001, 2.279445e+003, 0.000000e+000, 0.000000e+000, 0.000000e+000
 5.890000e-001,-1.464552e+003, 3.431309e+003,-1.603975e+003, 2.370587e+003,-2.372932e+001,-2.912501e+001, 2.222703e+003, 0.000000e+000, 0.000000e+000, 0.000000e+000
 5.890500e-001,-1.448258e+003, 3.364775e+003,-1.525852e+003, 2.314861e+003,-2.450974e+001,-2.642472e+001, 2.164894e+003, 0.000000e+000, 0.000000e+000, 0.000000e+000
 5.891000e-001,-1.560426e+003, 3.430636e+003,-1.488928e+003, 2.258475e+003,-2.576668e+001,-2.376019e+001, 2.106607e+003, 0.000000e+000, 0.000000e+000, 0.000000e+000
 5.891500e-001,-1.538422e+003, 3.347904e+003,-1.410838e+003, 2.201136e+003,-2.657176e+001,-2.105803e+001, 2.047284e+003, 0.000000e+000, 0.000000e+000, 0.000000e+000
 5.892000e-001,-1.653672e+003, 3.424354e+003,-1.371920e+003, 2.143148e+003,-2.779969e+001,-1.838411e+001, 1.987535e+003, 0.000000e+000, 0.000000e+000, 0.000000e+000
 5.892500e-001,-1.626855e+003, 3.327041e+003,-1.293665e+003, 2.084282e+003,-2.863043e+001,-1.568388e+001, 1.926780e+003, 0.000000e+000, 0.000000e+000, 0.000000e+000
 5.893000e-001,-1.744097e+003, 3.412378e+003,-1.253144e+003, 2.024772e+003,-2.982345e+001,-1.300242e+001, 1.865652e+003, 0.000000e+000, 0.000000e+000, 0.000000e+000
 5.893500e-001,-1.713488e+003, 3.302298e+003,-1.174481e+003, 1.964465e+003,-3.067999e+001,-1.030729e+001, 1.803550e+003, 0.000000e+000, 0.000000e+000, 0.000000e+000
 5.894000e-001,-1.831524e+003, 3.394651e+003,-1.132785e+003, 1.903517e+003,-3.183269e+001,-7.620480e+000, 1.741130e+003, 0.000000e+000, 0.000000e+000, 0.000000e+000
 5.894500e-001,-1.798238e+003, 3.273773e+003,-1.053450e+003, 1.841857e+003,-3.271432e+001,-4.932959e+000, 1.677766e+003, 0.000000e+000, 0.000000e+000, 0.000000e+000
 5.895000e-001,-1.915793e+003, 3.371142e+003,-1.011011e+003, 1.779559e+003,-3.382177e+001,-2.243383e+000, 1.614141e+003, 0.000000e+000, 0.000000e+000, 0.000000e+000
 5.895500e-001,-1.881016e+003, 3.241549e+003,-9.307540e+002, 1.716634e+003,-3.472691e+001, 4.346171e-001, 1.549605e+003, 0.000000e+000, 0.000000e+000, 0.000000e+000
 5.896000e-001,-1.996761e+003, 3.341847e+003,-8.879807e+002, 1.653075e+003,-3.578473e+001, 3.123999e+000, 1.484864e+003, 0.000000e+000, 0.000000e+000, 0.000000e+000
 5.896500e-001,-1.961719e+003, 3.205698e+003,-8.065923e+002, 1.588977e+003,-3.671095e+001, 5.791151e+000, 1.419246e+003, 0.000000e+000, 0.000000e+000, 0.000000e+000
 5.897000e-001,-2.074305e+003, 3.306790e+003,-7.638392e+002, 1.524246e+003,-3.771535e+001, 8.477015e+000, 1.353479e+003, 0.000000e+000, 0.000000e+000, 0.000000e+000
 5.897500e-001,-2.040230e+003, 3.166275e+003,-6.811774e+002, 1.459067e+003,-3.865939e+001, 1.113249e+001, 1.286870e+003, 0.000000e+000, 0.000000e+000, 0.000000e+000
 5.898000e-001,-2.148323e+003, 3.266023e+003,-6.387216e+002, 1.393259e+003,-3.960712e+001, 1.381120e+001, 1.220169e+003, 0.000000e+000, 0.000000e+000, 0.000000e+000
 5.898500e-001,-2.116423e+003, 3.123323e+003,-5.547348e+002, 1.327091e+003,-4.056495e+001, 1.645456e+001, 1.152663e+003, 0.000000e+000, 0.000000e+000, 0.000000e+000
 5.899000e-001,-2.218733e+003, 3.219625e+003,-5.127549e+002, 1.260300e+003,-4.145335e+001, 1.912222e+001, 1.085122e+003, 0.000000e+000, 0.000000e+000, 0.000000e+000
 5.899500e-001,-2.190157e+003, 3.076875e+003,-4.274987e+002, 1.193237e+003,-4.242027e+001, 2.175331e+001, 1.016812e+003, 0.000000e+000, 0.000000e+000, 0.000000e+000
 5.900000e-001,-2.285473e+003, 3.167698e+003,-3.860609e+002, 1.125561e+003,-4.324720e+001, 2.440588e+001, 9.485247e+002, 0.000000e+000, 0.000000e+000, 0.000000e+000
 5.900500e-001,-2.261281e+003, 3.026949e+003,-2.997092e+002, 1.057697e+003,-4.421789e+001, 2.702469e+001, 8.795081e+002, 0.000000e+000, 0.000000e+000, 0.000000e+000
 5.901000e-001,-2.348500e+003, 3.110368e+003,-2.587589e+002, 9.892341e+002,-4.498174e+001, 2.965804e+001, 8.105698e+002, 0.000000e+000, 0.000000e+000, 0.000000e+000
 5.901500e-001,-2.329633e+003, 2.973557e+003,-1.716083e+002, 9.206645e+002,-4.595037e+001, 3.226455e+001, 7.409429e+002, 0.000000e+000, 0.000000e+000, 0.000000e+000
 5.902000e-001,-2.407790e+003, 3.047782e+003,-1.309695e+002, 8.515147e+002,-4.665002e+001, 3.487458e+001, 6.714502e+002, 0.000000e+000, 0.000000e+000, 0.000000e+000
 5.902500e-001,-2.395046e+003, 2.916703e+003,-4.343611e+001, 7.823347e+002,-4.761034e+001, 3.746865e+001, 6.013107e+002, 0.000000e+000, 0.000000e+000, 0.000000e+000
 5.903000e-001,-2.463332e+003, 2.980106e+003,-2.817734e+000, 7.125995e+002,-4.824511e+001, 4.005138e+001, 5.313610e+002, 0.000000e+000, 0.000000e+000, 0.000000e+000
 5.903500e-001,-2.457346e+003, 2.856387e+003, 8.457287e+001, 6.429050e+002,-4.919062e+001, 4.263257e+001, 4.608073e+002, 0.000000e+000, 0.000000e+000, 0.000000e+000
 5.904000e-001,-2.515131e+003, 2.907521e+003, 1.255641e+002, 5.726868e+002,-4.976023e+001, 4.518424e+001, 3.904987e+002, 0.000000e+000, 0.000000e+000, 0.000000e+000
 5.904500e-001,-2.516358e+003, 2.792605e+003, 2.121931e+002, 5.025742e+002,-5.068421e+001, 4.775172e+001, 3.196300e+002, 0.000000e+000, 0.000000e+000, 0.000000e+000
 5.905000e-001,-2.563201e+003, 2.830225e+003, 2.540335e+002, 4.319759e+002,-5.118877e+001, 5.026887e+001, 2.490615e+002, 0.000000e+000, 0.000000e+000, 0.000000e+000
 5.905500e-001,-2.571908e+003, 2.725353e+003, 3.392111e+002, 3.615420e+002,-5.208444e+001, 5.282132e+001, 1.779773e+002, 0.000000e+000, 0.000000e+000, 0.000000e+000
 5.906000e-001,-2.607562e+003, 2.748424e+003, 3.824356e+002, 2.906671e+002,-5.252437e+001, 5.530081e+001, 1.072483e+002, 0.000000e+000, 0.000000e+000, 0.000000e+000
 5.906500e-001,-2.623826e+003, 2.654630e+003, 4.654272e+002, 2.200091e+002,-5.338502e+001, 5.783633e+001, 3.604868e+001, 0.000000e+000, 0.000000e+000, 0.000000e+000
 5.907000e-001,-2.648241e+003, 2.662336e+003, 5.106018e+002, 1.489616e+002,-5.376104e+001, 6.027542e+001,-3.474102e+001, 0.000000e+000, 0.000000e+000, 0.000000e+000
 5.907500e-001,-2.671948e+003, 2.580434e+003, 5.906580e+002, 7.817693e+001,-5.458007e+001, 6.279147e+001,-1.059559e+002, 0.000000e+000, 0.000000e+000, 0.000000e+000
 5.908000e-001,-2.685266e+003, 2.572187e+003, 6.383493e+002, 7.060447e+000,-5.489318e+001, 6.518783e+001,-1.767061e+002, 0.000000e+000, 0.000000e+000, 0.000000e+000
 5.908500e-001,-2.716125e+003, 2.502773e+003, 7.147363e+002,-6.375303e+001,-5.566423e+001, 6.768124e+001,-2.478359e+002, 0.000000e+000, 0.000000e+000, 0.000000e+000
 5.909000e-001,-2.718661e+003, 2.478205e+003, 7.654804e+002,-1.348349e+002,-5.591568e+001, 7.003292e+001,-3.184462e+002, 0.000000e+000, 0.000000e+000, 0.000000e+000
 5.909500e-001,-2.756216e+003, 2.421658e+003, 8.375118e+002,-2.055791e+002,-5.663272e+001, 7.249986e+001,-3.893906e+002, 0.000000e+000, 0.000000e+000, 0.000000e+000
 5.910000e-001,-2.748450e+003, 2.380626e+003, 8.917842e+002,-2.765233e+002,-5.682397e+001, 7.480530e+001,-4.597608e+002, 0.000000e+000, 0.000000e+000, 0.000000e+000
 5.910500e-001,-2.792101e+003, 2.337108e+003, 9.588500e+002,-3.471000e+002,-5.748137e+001, 7.724133e+001,-5.304197e+002, 0.000000e+000, 0.000000e+000, 0.000000e+000
 5.911000e-001,-2.774647e+003, 2.279685e+003, 1.017037e+003,-4.178040e+002,-5.761411e+001, 7.949926e+001,-6.004496e+002, 0.000000e+000, 0.000000e+000, 0.000000e+000
 5.911500e-001,-2.823675e+003, 2.249152e+003, 1.078631e+003,-4.881150e+002,-5.820668e+001, 8.189941e+001,-6.707230e+002, 0.000000e+000, 0.000000e+000, 0.000000e+000
 5.912000e-001,-2.797260e+003, 2.175621e+003, 1.141007e+003,-5.584772e+002,-5.828278e+001, 8.410882e+001,-7.403129e+002, 0.000000e+000, 0.000000e+000, 0.000000e+000
 5.912500e-001,-2.850854e+003, 2.157826e+003, 1.196747e+003,-6.284240e+002,-5.880584e+001, 8.646766e+001,-8.101012e+002, 0.000000e+000, 0.000000e+000, 0.000000e+000
 5.913000e-001,-2.816289e+003, 2.068669e+003, 1.263453e+003,-6.983440e+002,-5.882739e+001, 8.862768e+001,-8.791516e+002, 0.000000e+000, 0.000000e+000, 0.000000e+000
 5.913500e-001,-2.873576e+003, 2.063178e+003, 1.313100e+003,-7.678282e+002,-5.927682e+001, 9.093941e+001,-9.483558e+002, 0.000000e+000, 0.000000e+000, 0.000000e+000
 5.914000e-001,-2.831722e+003, 1.959066e+003, 1.384131e+003,-8.372065e+002,-5.924609e+001, 9.304925e+001,-1.016768e+003, 0.000000e+000, 0.000000e+000, 0.000000e+000
 5.914500e-001,-2.891798e+003, 1.965266e+003, 1.427599e+003,-9.061302e+002,-5.961835e+001, 9.530785e+001,-1.085290e+003, 0.000000e+000, 0.000000e+000, 0.000000e+000
 5.915000e-001,-2.843541e+003, 1.847048e+003, 1.502797e+003,-9.748689e+002,-5.953778e+001, 9.736668e+001,-1.152966e+003, 0.000000e+000, 0.000000e+000, 0.000000e+000
 5.915500e-001,-2.905497e+003, 1.864155e+003, 1.540159e+003,-1.043134e+003,-5.982994e+001, 9.956601e+001,-1.220707e+003, 0.000000e+000, 0.000000e+000, 0.000000e+000
 5.916000e-001,-2.851717e+003, 1.732846e+003, 1.619210e+003,-1.111137e+003,-5.970216e+001, 1.015729e+002,-1.287551e+003, 0.000000e+000, 0.000000e+000, 0.000000e+000
 5.916500e-001,-2.914672e+003, 1.759925e+003, 1.650691e+003,-1.178647e+003,-5.991188e+001, 1.037068e+002,-1.354415e+003, 0.000000e+000, 0.000000e+000, 0.000000e+000
 5.917000e-001,-2.856215e+003, 1.616690e+003, 1.733134e+003,-1.245818e+003,-5.973967e+001, 1.056605e+002,-1.420330e+003, 0.000000e+000, 0.000000e+000, 0.000000e+000
 5.917500e-001,-2.919337e+003, 1.652665e+003, 1.759109e+003,-1.312476e+003,-5.986526e+001, 1.077230e+002,-1.486220e+003, 0.000000e+000, 0.000000e+000, 0.000000e+000
 5.918000e-001,-2.856994e+003, 1.498805e+003, 1.844345e+003,-1.378721e+003,-5.965156e+001, 1.096220e+002,-1.551113e+003, 0.000000e+000, 0.000000e+000, 0.000000e+000
 5.918500e-001,-2.919524e+003, 1.542474e+003, 1.865319e+003,-1.444433e+003,-5.969197e+001, 1.116073e+002,-1.615935e+003, 0.000000e+000, 0.000000e+000, 0.000000e+000
 5.919000e-001,-2.854010e+003, 1.379413e+003, 1.952630e+003,-1.509661e+003,-5.943982e+001, 1.134498e+002,-1.679712e+003, 0.000000e+000, 0.000000e+000, 0.000000e+000
 5.919500e-001,-2.915278e+003, 1.429461e+003, 1.969222e+003,-1.574331e+003,-5.939463e+001, 1.153525e+002,-1.743373e+003, 0.000000e+000, 0.000000e+000, 0.000000e+000
 5.920000e-001,-2.847222e+003, 1.258729e+003, 2.057793e+003,-1.638452e+003,-5.910717e+001, 1.171362e+002,-1.805943e+003, 0.000000e+000, 0.000000e+000, 0.000000e+000
 5.920500e-001,-2.906655e+003, 1.313750e+003, 2.070708e+003,-1.701987e+003,-5.897656e+001, 1.189513e+002,-1.868349e+003, 0.000000e+000, 0.000000e+000, 0.000000e+000
 5.921000e-001,-2.836586e+003, 1.136967e+003, 2.159652e+003,-1.764912e+003,-5.865701e+001, 1.206734e+002,-1.929622e+003, 0.000000e+000, 0.000000e+000, 0.000000e+000
 5.921500e-001,-2.893716e+003, 1.195470e+003, 2.169659e+003,-1.827221e+003,-5.844179e+001, 1.223965e+002,-1.990684e+003, 0.000000e+000, 0.000000e+000, 0.000000e+000
 5.922000e-001,-2.822067e+003, 1.014329e+003, 2.258045e+003,-1.888863e+003,-5.809337e+001, 1.240538e+002,-2.050573e+003, 0.000000e+000, 0.000000e+000, 0.000000e+000
 5.922500e-001,-2.876532e+003, 1.074767e+003, 2.265946e+003,-1.949857e+003,-5.779497e+001, 1.256807e+002,-2.110202e+003, 0.000000e+000, 0.000000e+000, 0.000000e+000
 5.923000e-001,-2.803638e+003, 8.910150e+002, 2.352829e+003,-2.010130e+003,-5.742086e+001, 1.272696e+002,-2.168621e+003, 0.000000e+000, 0.000000e+000, 0.000000e+000
 5.923500e-001,-2.855172e+003, 9.517959e+002, 2.359429e+003,-2.069722e+003,-5.704130e+001, 1.287970e+002,-2.226729e+003, 0.000000e+000, 0.000000e+000, 0.000000e+000
 5.924000e-001,-2.781281e+003, 7.672137e+002, 2.443880e+003,-2.128543e+003,-5.664462e+001, 1.303133e+002,-2.283594e+003, 0.000000e+000, 0.000000e+000, 0.000000e+000
 5.924500e-001,-2.829706e+003, 8.267225e+002, 2.449960e+003,-2.186647e+003,-5.618649e+001, 1.317383e+002,-2.340097e+003, 0.000000e+000, 0.000000e+000, 0.000000e+000
 5.925000e-001,-2.754991e+003, 6.431068e+002, 2.531092e+003,-2.243934e+003,-5.577022e+001, 1.331777e+002,-2.395327e+003, 0.000000e+000, 0.000000e+000, 0.000000e+000
 5.925500e-001,-2.800204e+003, 6.997265e+002, 2.537381e+003,-2.300468e+003,-5.523666e+001, 1.344979e+002,-2.450142e+003, 0.000000e+000, 0.000000e+000, 0.000000e+000
 5.926000e-001,-2.724779e+003, 5.188661e+002, 2.614374e+003,-2.356141e+003,-5.480359e+001, 1.358557e+002,-2.503658e+003, 0.000000e+000, 0.000000e+000, 0.000000e+000
 5.926500e-001,-2.766730e+003, 5.709991e+002, 2.621529e+003,-2.411023e+003,-5.419829e+001, 1.370692e+002,-2.556704e+003, 0.000000e+000, 0.000000e+000, 0.000000e+000
 5.927000e-001,-2.690669e+003, 3.946537e+002, 2.693654e+003,-2.465006e+003,-5.375097e+001, 1.383404e+002,-2.608429e+003, 0.000000e+000, 0.000000e+000, 0.000000e+000
 5.927500e-001,-2.729345e+003, 4.407441e+002, 2.702235e+003,-2.518159e+003,-5.307811e+001, 1.394457e+002,-2.659629e+003, 0.000000e+000, 0.000000e+000, 0.000000e+000
 5.928000e-001,-2.652703e+003, 2.706205e+002, 2.768870e+003,-2.570374e+003,-5.261877e+001, 1.406254e+002,-2.709489e+003, 0.000000e+000, 0.000000e+000, 0.000000e+000
 5.928500e-001,-2.688103e+003, 3.091777e+002, 2.779328e+003,-2.621724e+003,-5.188302e+001, 1.416216e+002,-2.758768e+003, 0.000000e+000, 0.000000e+000, 0.000000e+000
 5.929000e-001,-2.610938e+003, 1.469063e+002, 2.839974e+003,-2.672098e+003,-5.141357e+001, 1.427045e+002,-2.806691e+003, 0.000000e+000, 0.000000e+000, 0.000000e+000
 5.929500e-001,-2.643056e+003, 1.765285e+002, 2.852640e+003,-2.721572e+003,-5.062001e+001, 1.435909e+002,-2.853976e+003, 0.000000e+000, 0.000000e+000, 0.000000e+000
 5.930000e-001,-2.565447e+003, 2.363940e+001, 2.906926e+003,-2.770033e+003,-5.014196e+001, 1.445722e+002,-2.899894e+003, 0.000000e+000, 0.000000e+000, 0.000000e+000
 5.930500e-001,-2.594251e+003, 4.303722e+001, 2.922002e+003,-2.817563e+003,-4.929607e+001, 1.453482e+002,-2.945117e+003, 0.000000e+000, 0.000000e+000, 0.000000e+000
 5.931000e-001,-2.516315e+003,-9.906347e+001, 2.969692e+003,-2.864043e+003,-4.881051e+001, 1.462231e+002,-2.988962e+003, 0.000000e+000, 0.000000e+000, 0.000000e+000
 5.931500e-001,-2.541732e+003,-9.104422e+001, 2.987253e+003,-2.909562e+003,-4.791810e+001, 1.468885e+002,-3.032057e+003, 0.000000e+000, 0.000000e+000, 0.000000e+000
 5.932000e-001,-2.463642e+003,-2.210969e+002, 3.028245e+003,-2.953993e+003,-4.742566e+001, 1.476526e+002,-3.073767e+003, 0.000000e+000, 0.000000e+000, 0.000000e+000
 5.932500e-001,-2.485544e+003,-2.254531e+002, 3.048242e+003,-2.997438e+003,-4.649281e+001, 1.482073e+002,-3.114670e+003, 0.000000e+000, 0.000000e+000, 0.000000e+000
 5.933000e-001,-2.407534e+003,-3.423666e+002, 3.082559e+003,-3.039758e+003,-4.599370e+001, 1.488564e+002,-3.154185e+003, 0.000000e+000, 0.000000e+000, 0.000000e+000
 5.933500e-001,-2.425732e+003,-3.599171e+002, 3.104823e+003,-3.081069e+003,-4.502668e+001, 1.493003e+002,-3.192839e+003, 0.000000e+000, 0.000000e+000, 0.000000e+000
 5.934000e-001,-2.348109e+003,-4.627881e+002, 3.132609e+003,-3.121215e+003,-4.452063e+001, 1.498306e+002,-3.230100e+003, 0.000000e+000, 0.000000e+000, 0.000000e+000
 5.934500e-001,-2.362349e+003,-4.941558e+002, 3.156866e+003,-3.160335e+003,-4.352587e+001, 1.501638e+002,-3.266448e+003, 0.000000e+000, 0.000000e+000, 0.000000e+000
 5.935000e-001,-2.285484e+003,-5.822864e+002, 3.178371e+003,-3.198250e+003,-4.301218e+001, 1.505722e+002,-3.301401e+003, 0.000000e+000, 0.000000e+000, 0.000000e+000
 5.935500e-001,-2.295450e+003,-6.278823e+002, 3.204254e+003,-3.235125e+003,-4.199614e+001, 1.507947e+002,-3.335392e+003, 0.000000e+000, 0.000000e+000, 0.000000e+000
 5.936000e-001,-2.219781e+003,-7.007941e+002, 3.219817e+003,-3.270755e+003,-4.147367e+001, 1.510785e+002,-3.367986e+003, 0.000000e+000, 0.000000e+000, 0.000000e+000
 5.936500e-001,-2.225103e+003,-7.608047e+002, 3.246881e+003,-3.305333e+003,-4.044279e+001, 1.511903e+002,-3.399573e+003, 0.000000e+000, 0.000000e+000, 0.000000e+000
 5.937000e-001,-2.151119e+003,-8.182502e+002, 3.256920e+003,-3.338626e+003,-3.991007e+001, 1.513474e+002,-3.429759e+003, 0.000000e+000, 0.000000e+000, 0.000000e+000
 5.937500e-001,-2.151386e+003,-8.926291e+002, 3.284659e+003,-3.370859e+003,-3.887066e+001, 1.513487e+002,-3.458897e+003, 0.000000e+000, 0.000000e+000, 0.000000e+000
 5.938000e-001,-2.079614e+003,-9.345981e+002, 3.289650e+003,-3.401767e+003,-3.832586e+001, 1.513775e+002,-3.486631e+003, 0.000000e+000, 0.000000e+000, 0.000000e+000
 5.938500e-001,-2.074393e+003,-1.023061e+003, 3.317515e+003,-3.431609e+003,-3.728402e+001, 1.512682e+002,-3.513280e+003, 0.000000e+000, 0.000000e+000, 0.000000e+000
 5.939000e-001,-2.005375e+003,-1.049784e+003, 3.317974e+003,-3.460090e+003,-3.672505e+001, 1.511678e+002,-3.538520e+003, 0.000000e+000, 0.000000e+000, 0.000000e+000
 5.939500e-001,-1.994233e+003,-1.151807e+003, 3.345388e+003,-3.487499e+003,-3.568661e+001, 1.509481e+002,-3.562644e+003, 0.000000e+000, 0.000000e+000, 0.000000e+000
 5.940000e-001,-1.928504e+003,-1.163754e+003, 3.341859e+003,-3.513510e+003,-3.511118e+001, 1.507181e+002,-3.585352e+003, 0.000000e+000, 0.000000e+000, 0.000000e+000
 5.940500e-001,-1.911029e+003,-1.278582e+003, 3.368235e+003,-3.538446e+003,-3.408157e+001, 1.503880e+002,-3.606919e+003, 0.000000e+000, 0.000000e+000, 0.000000e+000
 5.941000e-001,-1.849096e+003,-1.276453e+003, 3.361270e+003,-3.561951e+003,-3.348726e+001, 1.500287e+002,-3.627061e+003, 0.000000e+000, 0.000000e+000, 0.000000e+000
 5.941500e-001,-1.824926e+003,-1.403104e+003, 3.386025e+003,-3.584378e+003,-3.247144e+001, 1.495885e+002,-3.646043e+003, 0.000000e+000, 0.000000e+000, 0.000000e+000
 5.942000e-001,-1.767232e+003,-1.387822e+003, 3.376172e+003,-3.605345e+003,-3.185581e+001, 1.491006e+002,-3.663587e+003, 0.000000e+000, 0.000000e+000, 0.000000e+000
 5.942500e-001,-1.736081e+003,-1.525103e+003, 3.398740e+003,-3.625229e+003,-3.085820e+001, 1.485505e+002,-3.679960e+003, 0.000000e+000, 0.000000e+000, 0.000000e+000
 5.943000e-001,-1.682989e+003,-1.497796e+003, 3.386532e+003,-3.643630e+003,-3.021881e+001, 1.479351e+002,-3.694880e+003, 0.000000e+000, 0.000000e+000, 0.000000e+000
 5.943500e-001,-1.644669e+003,-1.644321e+003, 3.406374e+003,-3.660940e+003,-2.924324e+001, 1.472758e+002,-3.708625e+003, 0.000000e+000, 0.000000e+000, 0.000000e+000
 5.944000e-001,-1.596432e+003,-1.606302e+003, 3.392320e+003,-3.676749e+003,-2.857778e+001, 1.465346e+002,-3.720897e+003, 0.000000e+000, 0.000000e+000, 0.000000e+000
 5.944500e-001,-1.550881e+003,-1.760514e+003, 3.408933e+003,-3.691459e+003,-2.762739e+001, 1.457666e+002,-3.731996e+003, 0.000000e+000, 0.000000e+000, 0.000000e+000
 5.945000e-001,-1.507623e+003,-1.713258e+003, 3.393506e+003,-3.704655e+003,-2.693373e+001, 1.449018e+002,-3.741602e+003, 0.000000e+000, 0.000000e+000, 0.000000e+000
 5.945500e-001,-1.454917e+003,-1.873456e+003, 3.406432e+003,-3.716741e+003,-2.601097e+001, 1.440260e+002,-3.750043e+003, 0.000000e+000, 0.000000e+000, 0.000000e+000
 5.946000e-001,-1.416616e+003,-1.818571e+003, 3.390067e+003,-3.727307e+003,-2.528724e+001, 1.430401e+002,-3.756967e+003, 0.000000e+000, 0.000000e+000, 0.000000e+000
 5.946500e-001,-1.356989e+003,-1.982938e+003, 3.398896e+003,-3.736748e+003,-2.439379e+001, 1.420576e+002,-3.762743e+003, 0.000000e+000, 0.000000e+000, 0.000000e+000
 5.947000e-001,-1.323467e+003,-1.922135e+003, 3.381985e+003,-3.744672e+003,-2.363844e+001, 1.409533e+002,-3.766974e+003, 0.000000e+000, 0.000000e+000, 0.000000e+000
 5.947500e-001,-1.257313e+003,-2.088772e+003, 3.386355e+003,-3.751451e+003,-2.277525e+001, 1.398655e+002,-3.770078e+003, 0.000000e+000, 0.000000e+000, 0.000000e+000
 5.948000e-001,-1.228231e+003,-2.023832e+003, 3.369248e+003,-3.756723e+003,-2.198710e+001, 1.386461e+002,-3.771610e+003, 0.000000e+000, 0.000000e+000, 0.000000e+000
 5.948500e-001,-1.156108e+003,-2.190788e+003, 3.368851e+003,-3.760827e+003,-2.115432e+001, 1.374547e+002,-3.772042e+003, 0.000000e+000, 0.000000e+000, 0.000000e+000
 5.949000e-001,-1.130966e+003,-2.123528e+003, 3.351848e+003,-3.763440e+003,-2.033262e+001, 1.361236e+002,-3.770871e+003, 0.000000e+000, 0.000000e+000, 0.000000e+000
 5.949500e-001,-1.053592e+003,-2.288842e+003, 3.346431e+003,-3.764861e+003,-1.952965e+001, 1.348304e+002,-3.768634e+003, 0.000000e+000, 0.000000e+000, 0.000000e+000
 5.950000e-001,-1.031741e+003,-2.221077e+003, 3.329787e+003,-3.764814e+003,-1.867409e+001, 1.333913e+002,-3.764762e+003, 0.000000e+000, 0.000000e+000, 0.000000e+000
 5.950500e-001,-9.499792e+002,-2.382808e+003, 3.319148e+003,-3.763545e+003,-1.789960e+001, 1.319987e+002,-3.759862e+003, 0.000000e+000, 0.000000e+000, 0.000000e+000
 5.951000e-001,-9.306343e+002,-2.316321e+003, 3.303074e+003,-3.760839e+003,-1.701033e+001, 1.304556e+002,-3.753294e+003, 0.000000e+000, 0.000000e+000, 0.000000e+000
 5.951500e-001,-8.454740e+002,-2.472583e+003, 3.287062e+003,-3.756880e+003,-1.626230e+001, 1.289660e+002,-3.745741e+003, 0.000000e+000, 0.000000e+000, 0.000000e+000
 5.952000e-001,-8.277377e+002,-2.409086e+003, 3.271724e+003,-3.751519e+003,-1.533996e+001, 1.273231e+002,-3.736488e+003, 0.000000e+000, 0.000000e+000, 0.000000e+000
 5.952500e-001,-7.402698e+002,-2.558087e+003, 3.250239e+003,-3.744873e+003,-1.461572e+001, 1.257391e+002,-3.726294e+003, 0.000000e+000, 0.000000e+000, 0.000000e+000
 5.953000e-001,-7.231601e+002,-2.499189e+003, 3.235759e+003,-3.736865e+003,-1.366142e+001, 1.240009e+002,-3.714371e+003, 0.000000e+000, 0.000000e+000, 0.000000e+000
 5.953500e-001,-6.345460e+002,-2.639257e+003, 3.208753e+003,-3.727539e+003,-1.295774e+001, 1.223256e+002,-3.701552e+003, 0.000000e+000, 0.000000e+000, 0.000000e+000
 5.954000e-001,-6.170283e+002,-2.586436e+003, 3.195209e+003,-3.716895e+003,-1.197302e+001, 1.204965e+002,-3.686977e+003, 0.000000e+000, 0.000000e+000, 0.000000e+000
 5.954500e-001,-5.284655e+002,-2.716053e+003, 3.162681e+003,-3.704903e+003,-1.128616e+001, 1.187330e+002,-3.671553e+003, 0.000000e+000, 0.000000e+000, 0.000000e+000
 5.955000e-001,-5.094891e+002,-2.670622e+003, 3.150111e+003,-3.691636e+003,-1.027301e+001, 1.168180e+002,-3.654348e+003, 0.000000e+000, 0.000000e+000, 0.000000e+000
 5.955500e-001,-4.221735e+002,-2.788448e+003, 3.112111e+003,-3.676993e+003,-9.598833e+000, 1.149696e+002,-3.636343e+003, 0.000000e+000, 0.000000e+000, 0.000000e+000
 5.956000e-001,-4.007093e+002,-2.751540e+003, 3.100510e+003,-3.661123e+003,-8.559606e+000, 1.129735e+002,-3.616536e+003, 0.000000e+000, 0.000000e+000, 0.000000e+000
 5.956500e-001,-3.157971e+002,-2.856436e+003, 3.057133e+003,-3.643849e+003,-7.893653e+000, 1.110437e+002,-3.595974e+003, 0.000000e+000, 0.000000e+000, 0.000000e+000
 5.957000e-001,-2.908758e+002,-2.828976e+003, 3.046454e+003,-3.625395e+003,-6.831053e+000, 1.089716e+002,-3.573596e+003, 0.000000e+000, 0.000000e+000, 0.000000e+000
 5.957500e-001,-2.094451e+002,-2.920020e+003, 2.997846e+003,-3.605516e+003,-6.168649e+000, 1.069640e+002,-3.550508e+003, 0.000000e+000, 0.000000e+000, 0.000000e+000
 5.958000e-001,-1.801944e+002,-2.902713e+003, 2.988000e+003,-3.584501e+003,-5.085664e+000, 1.048211e+002,-3.525593e+003, 0.000000e+000, 0.000000e+000, 0.000000e+000
 5.958500e-001,-1.032095e+002,-2.979218e+003, 2.934354e+003,-3.562048e+003,-4.422020e+000, 1.027394e+002,-3.500011e+003, 0.000000e+000, 0.000000e+000, 0.000000e+000
 5.959000e-001,-6.888827e+001,-2.972538e+003, 2.925212e+003,-3.538500e+003,-3.321869e+000, 1.005308e+002,-3.472598e+003, 0.000000e+000, 0.000000e+000, 0.000000e+000
 5.959500e-001, 2.833169e+000,-3.034056e+003, 2.866770e+003,-3.513505e+003,-2.652184e+000, 9.837888e+001,-3.444558e+003, 0.000000e+000, 0.000000e+000, 0.000000e+000
 5.960000e-001, 4.280502e+001,-3.038238e+003, 2.858159e+003,-3.487453e+003,-1.538255e+000, 9.610999e+001,-3.414688e+003, 0.000000e+000, 0.000000e+000, 0.000000e+000
 5.960500e-001, 1.086190e+002,-3.084566e+003, 2.795208e+003,-3.459956e+003,-8.578174e-001, 9.389153e+001,-3.384229e+003, 0.000000e+000, 0.000000e+000, 0.000000e+000
 5.961000e-001, 1.546364e+002,-3.099609e+003, 2.786916e+003,-3.431434e+003, 2.663868e-001, 9.156760e+001,-3.351949e+003, 0.000000e+000, 0.000000e+000, 0.000000e+000
 5.961500e-001, 2.140938e+002,-3.130789e+003, 2.719791e+003,-3.401475e+003, 9.621009e-001, 8.928650e+001,-3.319114e+003, 0.000000e+000, 0.000000e+000, 0.000000e+000
 5.962000e-001, 2.663493e+002,-3.156451e+003, 2.711566e+003,-3.370520e+003, 2.093027e+000, 8.691280e+001,-3.284472e+003, 0.000000e+000, 0.000000e+000, 0.000000e+000
 5.962500e-001, 3.192097e+002,-3.172763e+003, 2.640646e+003,-3.338146e+003, 2.808259e+000, 8.457294e+001,-3.249305e+003, 0.000000e+000, 0.000000e+000, 0.000000e+000
 5.963000e-001, 3.776833e+002,-3.208577e+003, 2.632199e+003,-3.304797e+003, 3.942355e+000, 8.215466e+001,-3.212355e+003, 0.000000e+000, 0.000000e+000, 0.000000e+000
 5.963500e-001, 4.239211e+002,-3.210532e+003, 2.557903e+003,-3.270057e+003, 4.680979e+000, 7.975996e+001,-3.174905e+003, 0.000000e+000, 0.000000e+000, 0.000000e+000
 5.964000e-001, 4.883789e+002,-3.255814e+003, 2.548913e+003,-3.234359e+003, 5.814748e+000, 7.730211e+001,-3.135700e+003, 0.000000e+000, 0.000000e+000, 0.000000e+000
 5.964500e-001, 5.281808e+002,-3.244137e+003, 2.471696e+003,-3.197306e+003, 6.580193e+000, 7.485650e+001,-3.096019e+003, 0.000000e+000, 0.000000e+000, 0.000000e+000
 5.965000e-001, 5.981815e+002,-3.298000e+003, 2.461813e+003,-3.159306e+003, 7.710237e+000, 7.236397e+001,-3.054619e+003, 0.000000e+000, 0.000000e+000, 0.000000e+000
 5.965500e-001, 6.319365e+002,-3.273615e+003, 2.382160e+003,-3.119995e+003, 8.505415e+000, 6.987138e+001,-3.012761e+003, 0.000000e+000, 0.000000e+000, 0.000000e+000
 5.966000e-001, 7.068459e+002,-3.334992e+003, 2.371013e+003,-3.079746e+003, 9.628477e+000, 6.734883e+001,-2.969226e+003, 0.000000e+000, 0.000000e+000, 0.000000e+000
 5.966500e-001, 7.351265e+002,-3.299001e+003, 2.289433e+003,-3.038236e+003, 1.045573e+001, 6.481323e+001,-2.925250e+003, 0.000000e+000, 0.000000e+000, 0.000000e+000
 5.967000e-001, 8.141396e+002,-3.366664e+003, 2.276637e+003,-2.995791e+003, 1.156872e+001, 6.226505e+001,-2.879644e+003, 0.000000e+000, 0.000000e+000, 0.000000e+000
 5.967500e-001, 8.376771e+002,-3.320324e+003, 2.193655e+003,-2.952144e+003, 1.242976e+001, 5.969042e+001,-2.833611e+003, 0.000000e+000, 0.000000e+000, 0.000000e+000
 5.968000e-001, 9.198467e+002,-3.392908e+003, 2.178817e+003,-2.907562e+003, 1.352980e+001, 5.712073e+001,-2.785999e+003, 0.000000e+000, 0.000000e+000, 0.000000e+000
 5.968500e-001, 9.394997e+002,-3.337606e+003, 2.094962e+003,-2.861842e+003, 1.442568e+001, 5.451105e+001,-2.737973e+003, 0.000000e+000, 0.000000e+000, 0.000000e+000
 5.969000e-001, 1.023770e+003,-3.413637e+003, 2.077694e+003,-2.815186e+003, 1.551009e+001, 5.192365e+001,-2.688424e+003, 0.000000e+000, 0.000000e+000, 0.000000e+000
 5.969500e-001, 1.040489e+003,-3.350865e+003, 1.993493e+003,-2.767460e+003, 1.644119e+001, 4.928292e+001,-2.638471e+003, 0.000000e+000, 0.000000e+000, 0.000000e+000
 5.970000e-001, 1.125734e+003,-3.428783e+003, 1.973421e+003,-2.718796e+003, 1.750752e+001, 4.668127e+001,-2.587056e+003, 0.000000e+000, 0.000000e+000, 0.000000e+000
 5.970500e-001, 1.140521e+003,-3.360109e+003, 1.889386e+003,-2.669132e+003, 1.847352e+001, 4.401350e+001,-2.535248e+003, 0.000000e+000, 0.000000e+000, 0.000000e+000
 5.971000e-001, 1.225585e+003,-3.438300e+003, 1.866156e+003,-2.618530e+003, 1.951955e+001, 4.140072e+001,-2.482039e+003, 0.000000e+000, 0.000000e+000, 0.000000e+000
 5.971500e-001, 1.239455e+003,-3.365341e+003, 1.782777e+003,-2.567000e+003, 2.051942e+001, 3.870992e+001,-2.428447e+003, 0.000000e+000, 0.000000e+000, 0.000000e+000
 5.972000e-001, 1.323190e+003,-3.442160e+003, 1.756071e+003,-2.514532e+003, 2.154316e+001, 3.608879e+001,-2.373521e+003, 0.000000e+000, 0.000000e+000, 0.000000e+000
 5.972500e-001, 1.337130e+003,-3.366557e+003, 1.673801e+003,-2.461210e+003, 2.257516e+001, 3.337893e+001,-2.318219e+003, 0.000000e+000, 0.000000e+000, 0.000000e+000
 5.973000e-001, 1.418441e+003,-3.440360e+003, 1.643341e+003,-2.406954e+003, 2.357484e+001, 3.075192e+001,-2.261652e+003, 0.000000e+000, 0.000000e+000, 0.000000e+000
 5.973500e-001, 1.433372e+003,-3.363746e+003, 1.562593e+003,-2.351914e+003, 2.463657e+001, 2.802695e+001,-2.204719e+003, 0.000000e+000, 0.000000e+000, 0.000000e+000
 5.974000e-001, 1.511249e+003,-3.432912e+003, 1.528153e+003,-2.295948e+003, 2.561063e+001, 2.539622e+001,-2.146591e+003, 0.000000e+000, 0.000000e+000, 0.000000e+000
 5.974500e-001, 1.527990e+003,-3.356890e+003, 1.449286e+003,-2.239268e+003, 2.669901e+001, 2.266003e+001,-2.088106e+003, 0.000000e+000, 0.000000e+000, 0.000000e+000
 5.975000e-001, 1.601541e+003,-3.419852e+003, 1.410698e+003,-2.181676e+003, 2.764609e+001, 2.002745e+001,-2.028498e+003, 0.000000e+000, 0.000000e+000, 0.000000e+000
 5.975500e-001, 1.620782e+003,-3.345966e+003, 1.334016e+003,-2.123435e+003, 2.875744e+001, 1.728387e+001,-1.968544e+003, 0.000000e+000, 0.000000e+000, 0.000000e+000
 5.976000e-001, 1.689264e+003,-3.401232e+003, 1.291172e+003,-2.064301e+003, 2.967635e+001, 1.465108e+001,-1.907538e+003, 0.000000e+000, 0.000000e+000, 0.000000e+000
 5.976500e-001, 1.711540e+003,-3.330949e+003, 1.216918e+003,-2.004580e+003, 3.080639e+001, 1.190384e+001,-1.846199e+003, 0.000000e+000, 0.000000e+000, 0.000000e+000
 5.977000e-001, 1.774373e+003,-3.377122e+003, 1.169778e+003,-1.943993e+003, 3.169610e+001, 9.272319e+000,-1.783881e+003, 0.000000e+000, 0.000000e+000, 0.000000e+000
 5.977500e-001, 1.800050e+003,-3.311807e+003, 1.098129e+003,-1.882875e+003, 3.284001e+001, 6.525008e+000,-1.721243e+003, 0.000000e+000, 0.000000e+000, 0.000000e+000
 5.978000e-001, 1.856835e+003,-3.347611e+003, 1.046719e+003,-1.820925e+003, 3.369964e+001, 3.896083e+000,-1.657700e+003, 0.000000e+000, 0.000000e+000, 0.000000e+000
 5.978500e-001, 1.886099e+003,-3.288508e+003, 9.777884e+002,-1.758494e+003, 3.485212e+001, 1.152180e+000,-1.593851e+003, 0.000000e+000, 0.000000e+000, 0.000000e+000
 5.979000e-001, 1.936618e+003,-3.312801e+003, 9.222005e+002,-1.695273e+003, 3.568092e+001,-1.472913e+000,-1.529170e+003, 0.000000e+000, 0.000000e+000, 0.000000e+000
 5.979500e-001, 1.969477e+003,-3.261016e+003, 8.560383e+002,-1.631616e+003, 3.683622e+001,-4.210085e+000,-1.464200e+003, 0.000000e+000, 0.000000e+000, 0.000000e+000
 5.980000e-001, 2.013695e+003,-3.272812e+003, 7.964285e+002,-1.567217e+003, 3.763354e+001,-6.830143e+000,-1.398471e+003, 0.000000e+000, 0.000000e+000, 0.000000e+000
 5.980500e-001, 2.049983e+003,-3.229296e+003, 7.330253e+002,-1.502423e+003, 3.878558e+001,-9.557425e+000,-1.332473e+003, 0.000000e+000, 0.000000e+000, 0.000000e+000
 5.981000e-001, 2.088035e+003,-3.227774e+003, 6.696081e+002,-1.436941e+003, 3.955087e+001,-1.217123e+001,-1.265787e+003, 0.000000e+000, 0.000000e+000, 0.000000e+000
 5.981500e-001, 2.127428e+003,-3.193315e+003, 6.089002e+002,-1.371101e+003, 4.069324e+001,-1.488562e+001,-1.198852e+003, 0.000000e+000, 0.000000e+000, 0.000000e+000
 5.982000e-001, 2.159600e+003,-3.177832e+003, 5.419427e+002,-1.304632e+003, 4.142603e+001,-1.749189e+001,-1.131301e+003, 0.000000e+000, 0.000000e+000, 0.000000e+000
 5.982500e-001, 2.201638e+003,-3.153039e+003, 4.838184e+002,-1.237838e+003, 4.255208e+001,-2.019057e+001,-1.063524e+003, 0.000000e+000, 0.000000e+000, 0.000000e+000
 5.983000e-001, 2.228346e+003,-3.123140e+003, 4.136332e+002,-1.170479e+003, 4.325198e+001,-2.278793e+001,-9.952037e+002, 0.000000e+000, 0.000000e+000, 0.000000e+000
 5.983500e-001, 2.272457e+003,-3.108438e+003, 3.579402e+002,-1.102824e+003, 4.435492e+001,-2.546820e+001,-9.266799e+002, 0.000000e+000, 0.000000e+000, 0.000000e+000
 5.984000e-001, 2.294218e+003,-3.063863e+003, 2.848774e+002,-1.034673e+003, 4.502157e+001,-2.805515e+001,-8.576838e+002, 0.000000e+000, 0.000000e+000, 0.000000e+000
 5.984500e-001, 2.339746e+003,-3.059488e+003, 2.314307e+002,-9.662536e+002, 4.609452e+001,-3.071447e+001,-7.885103e+002, 0.000000e+000, 0.000000e+000, 0.000000e+000
 5.985000e-001, 2.357149e+003,-3.000175e+003, 1.558694e+002,-8.974083e+002, 4.672765e+001,-3.328936e+001,-7.189344e+002, 0.000000e+000, 0.000000e+000, 0.000000e+000
 5.985500e-001, 2.403392e+003,-3.006169e+003, 1.044597e+002,-8.283218e+002, 4.776372e+001,-3.592529e+001,-6.492087e+002, 0.000000e+000, 0.000000e+000, 0.000000e+000
 5.986000e-001, 2.417060e+003,-2.932254e+003, 2.680011e+001,-7.588810e+002, 4.836308e+001,-3.848628e+001,-5.791500e+002, 0.000000e+000, 0.000000e+000, 0.000000e+000
 5.986500e-001, 2.463300e+003,-2.948467e+003,-2.279910e+001,-6.892256e+002, 4.935544e+001,-4.109646e+001,-5.089708e+002, 0.000000e+000, 0.000000e+000, 0.000000e+000
 5.987000e-001, 2.473859e+003,-2.860287e+003,-1.021435e+002,-6.192881e+002, 4.992081e+001,-4.364157e+001,-4.385266e+002, 0.000000e+000, 0.000000e+000, 0.000000e+000
 5.987500e-001, 2.519397e+003,-2.886376e+003,-1.501683e+002,-5.491639e+002, 5.086280e+001,-4.622369e+001,-3.679933e+002, 0.000000e+000, 0.000000e+000, 0.000000e+000
 5.988000e-001, 2.527447e+003,-2.784464e+003,-2.307775e+002,-4.788285e+002, 5.139402e+001,-4.875071e+001,-2.972617e+002, 0.000000e+000, 0.000000e+000, 0.000000e+000
 5.988500e-001, 2.571629e+003,-2.819899e+003,-2.774678e+002,-4.083363e+002, 5.227917e+001,-5.130247e+001,-2.264745e+002, 0.000000e+000, 0.000000e+000, 0.000000e+000
 5.989000e-001, 2.577712e+003,-2.704976e+003,-3.589211e+002,-3.377018e+002, 5.277612e+001,-5.380907e+001,-1.555541e+002, 0.000000e+000, 0.000000e+000, 0.000000e+000
 5.989500e-001, 2.619962e+003,-2.749049e+003,-4.045159e+002,-2.669434e+002, 5.359829e+001,-5.632814e+001,-8.461363e+001, 0.000000e+000, 0.000000e+000, 0.000000e+000
 5.990000e-001, 2.624536e+003,-2.622020e+003,-4.863958e+002,-1.961089e+002, 5.406083e+001,-5.881178e+001,-1.360316e+001, 0.000000e+000, 0.000000e+000, 0.000000e+000
 5.990500e-001, 2.664377e+003,-2.673848e+003,-5.311299e+002,-1.251866e+002, 5.481424e+001,-6.129576e+001, 5.738939e+001, 0.000000e+000, 0.000000e+000, 0.000000e+000
 5.991000e-001, 2.667799e+003,-2.535788e+003,-6.130256e+002,-5.425071e+001, 5.524229e+001,-6.375378e+001, 1.283909e+002, 0.000000e+000, 0.000000e+000, 0.000000e+000
 5.991500e-001, 2.704866e+003,-2.594334e+003,-6.571269e+002, 1.673271e+001, 5.592163e+001,-6.620020e+001, 1.993341e+002, 0.000000e+000, 0.000000e+000, 0.000000e+000
 5.992000e-001, 2.707379e+003,-2.446475e+003,-7.386359e+002, 8.767123e+001, 5.631512e+001,-6.862977e+001, 2.702277e+002, 0.000000e+000, 0.000000e+000, 0.000000e+000
 5.992500e-001, 2.741434e+003,-2.510552e+003,-7.823250e+002, 1.586129e+002, 5.691559e+001,-7.103600e+001, 3.410197e+002, 0.000000e+000, 0.000000e+000, 0.000000e+000
 5.993000e-001, 2.743155e+003,-2.354272e+003,-8.630537e+002, 2.294556e+002, 5.727446e+001,-7.343417e+001, 4.117065e+002, 0.000000e+000, 0.000000e+000, 0.000000e+000
 5.993500e-001, 2.774091e+003,-2.422566e+003,-9.065437e+002, 3.002528e+002, 5.779184e+001,-7.579749e+001, 4.822457e+002, 0.000000e+000, 0.000000e+000, 0.000000e+000
 5.994000e-001, 2.775015e+003,-2.259368e+003,-9.861072e+002, 3.709012e+002, 5.811604e+001,-7.816119e+001, 5.526271e+002, 0.000000e+000, 0.000000e+000, 0.000000e+000
 5.994500e-001, 2.802849e+003,-2.330450e+003,-1.029605e+003, 4.414516e+002, 5.854674e+001,-8.047868e+001, 6.228117e+002, 0.000000e+000, 0.000000e+000, 0.000000e+000
 5.995000e-001, 2.802854e+003,-2.161944e+003,-1.107626e+003, 5.118075e+002, 5.883624e+001,-8.280474e+001, 6.927894e+002, 0.000000e+000, 0.000000e+000, 0.000000e+000
 5.995500e-001, 2.827724e+003,-2.234296e+003,-1.151332e+003, 5.820095e+002, 5.917738e+001,-8.507338e+001, 7.625180e+002, 0.000000e+000, 0.000000e+000, 0.000000e+000
 5.996000e-001, 2.826582e+003,-2.062179e+003,-1.227441e+003, 6.519750e+002, 5.943212e+001,-8.735848e+001, 8.319943e+002, 0.000000e+000, 0.000000e+000, 0.000000e+000
 5.996500e-001, 2.848727e+003,-2.134211e+003,-1.271551e+003, 7.217275e+002, 5.968156e+001,-8.957510e+001, 9.011659e+002, 0.000000e+000, 0.000000e+000, 0.000000e+000
 5.997000e-001, 2.846119e+003,-1.960245e+003,-1.345385e+003, 7.912050e+002, 5.990148e+001,-9.181583e+001, 9.700436e+002, 0.000000e+000, 0.000000e+000, 0.000000e+000
 5.997500e-001, 2.865866e+003,-2.030317e+003,-1.390091e+003, 8.604083e+002, 6.005786e+001,-9.397713e+001, 1.038558e+003, 0.000000e+000, 0.000000e+000, 0.000000e+000
 5.998000e-001, 2.861408e+003,-1.856302e+003,-1.461293e+003, 9.293005e+002, 6.024287e+001,-9.616997e+001, 1.106740e+003, 0.000000e+000, 0.000000e+000, 0.000000e+000
 5.998500e-001, 2.879141e+003,-1.922753e+003,-1.506784e+003, 9.978558e+002, 6.030561e+001,-9.827258e+001, 1.174497e+003, 0.000000e+000, 0.000000e+000, 0.000000e+000
 5.999000e-001, 2.872405e+003,-1.750509e+003,-1.575005e+003, 1.066066e+003, 6.045562e+001,-1.004139e+002, 1.241890e+003, 0.000000e+000, 0.000000e+000, 0.000000e+000
 5.999500e-001, 2.888546e+003,-1.811675e+003,-1.621461e+003, 1.133876e+003, 6.042497e+001,-1.024544e+002, 1.308791e+003, 0.000000e+000, 0.000000e+000, 0.000000e+000
 6.000000e-001, 2.879088e+003,-1.643009e+003,-1.686365e+003, 1.201308e+003, 6.053983e+001,-1.045403e+002, 1.375298e+003, 0.000000e+000, 0.000000e+000, 0.000000e+000
